的	38235	0.0694111624259324	0.0694111624259324
在	8247	0.0149714621819449	0.0843826246078773
了	6724	0.0122066341350064	0.0965892587428837
人民	6616	0.0120105727895899	0.108599831532474
和	6610	0.0119996804926223	0.120599512025096
是	4424	0.00803125363076566	0.128630765655862
我们	3385	0.0061450708725456	0.134775836528407
中	2988	0.00542436388985709	0.140200200418264
与	2955	0.00536445625653538	0.1455646566748
为	2665	0.00483799523643546	0.150402651911235
政府	2483	0.00450759556175206	0.154910247472987
有	2346	0.00425888811432555	0.159169135587313
并	2040	0.00370338096897874	0.162872516556291
代表	2018	0.00366344254676426	0.166535959103056
个	2017	0.00366162716393633	0.170197586266992
工作	2000	0.00363076565586151	0.173828351922853
这	1983	0.00359990414778669	0.17742825607064
各	1946	0.00353273498315325	0.180960991053793
及	1877	0.00340747356802603	0.184368464621819
上	1866	0.00338750435691879	0.187755968978738
以	1822	0.00330762751248983	0.191063596491228
地	1799	0.00326587370744743	0.194329470198676
等	1783	0.00323682758220053	0.197566297780876
着	1733	0.003146058440804	0.20071235622168
斯大林	1732	0.00314424305797607	0.203856599279656
苏联	1696	0.00307888927617056	0.206935488555827
人	1694	0.0030752585105147	0.210010747066341
他们	1629	0.0029572586266992	0.212968005693041
民主	1612	0.00292639711862438	0.215894402811665
国家	1585	0.00287738178227025	0.218771784593935
之	1560	0.00283199721157198	0.221603781805507
中国	1519	0.00275756651562682	0.224361348321134
会	1516	0.00275212036714302	0.227113468688277
会议	1513	0.00274667421865923	0.229860142906936
已	1488	0.00270128964796096	0.232561432554897
妇女	1483	0.00269221273382131	0.235253645288718
而	1482	0.00269039735099338	0.237944042639712
生产	1480	0.00268676658533752	0.240630809225049
也	1475	0.00267768967119786	0.243308498896247
对	1402	0.00254516672475892	0.245853665621006
工人	1396	0.00253427442779133	0.248387940048797
所	1382	0.0025088590682003	0.250896799116998
于	1377	0.00249978215406065	0.253396581271058
他	1359	0.00246710526315789	0.255863686534216
解放	1320	0.0023963053328686	0.258259991867085
都	1273	0.00231098233995585	0.260570974207041
要	1273	0.00231098233995585	0.262881956546997
我	1256	0.00228012083188103	0.265162077378878
来	1249	0.00226741315208551	0.267429490530963
就	1244	0.00225833623794586	0.269687826768909
组织	1238	0.00224744394097827	0.271935270709887
到	1225	0.00222384396421517	0.274159114674102
不	1205	0.00218753630765656	0.276346650981759
向	1184	0.00214941326827001	0.278496064250029
革命	1182	0.00214578250261415	0.280641846752643
斗争	1155	0.00209676716626002	0.282738613918903
本	1148	0.00208405948646451	0.284822673405368
说	1126	0.00204412106425003	0.286866794469618
委员会	1124	0.00204049029859417	0.288907284768212
进行	1096	0.00198965957941211	0.290896944347624
胜利	1081	0.00196242883699314	0.292859373184617
由	1058	0.00192067503195074	0.294780048216568
领导	1030	0.00186984431276868	0.296649892529336
电	1018	0.00184805971883351	0.29849795224817
将	990	0.00179722899965145	0.300295181247821
解放军	978	0.00177544440571628	0.302070625653538
和平	971	0.00176273672592076	0.303833362379458
民族	959	0.00174095213198559	0.305574314511444
全国	956	0.0017355059835018	0.307309820494946
一切	910	0.00165199837341699	0.308961818868363
帝国主义	899	0.00163202916230975	0.310593848030673
部	896	0.00162658301382596	0.312220431044499
使	889	0.00161387533403044	0.313834306378529
下	884	0.00160479841989079	0.31543910479842
发展	876	0.00159027535726734	0.317029380155687
新华社	856	0.00155396770070873	0.318583347856396
被	851	0.00154489078656907	0.320128238642965
新	850	0.00154307540374114	0.321671314046706
把	842	0.00152855234111769	0.323199866387824
劳动	841	0.00152673695828976	0.324726603346114
后	831	0.00150858313001046	0.326235186476124
自己	830	0.00150676774718253	0.327741954223307
时	815	0.00147953700476356	0.32922149122807
该	806	0.00146319855931219	0.330684689787382
或	806	0.00146319855931219	0.332147888346695
从	785	0.00142507551992564	0.33357296386662
中央	782	0.00141962937144185	0.334992593238062
两	763	0.00138513709771117	0.336377730335773
大会	749	0.00135972173812013	0.337737452073893
参加	747	0.00135609097246427	0.339093543046358
学习	738	0.0013397525270129	0.34043329557337
应	732	0.00132886023004531	0.341762155803416
国民党	729	0.00132341408156152	0.343085569884977
运动	728	0.00132159869873359	0.344407168583711
大	723	0.00131252178459394	0.345719690368305
问题	721	0.00130889101893807	0.347028581387243
中国人民	716	0.00129981410479842	0.348328395492041
经济	709	0.0012871064250029	0.349615501917044
北京	705	0.00127984489369118	0.350895346810735
群众	699	0.0012689525967236	0.352164299407459
建设	684	0.00124172185430464	0.353406021261764
军	674	0.00122356802602533	0.354629589287789
美国	670	0.00121630649471361	0.355845895782503
又	670	0.00121630649471361	0.357062202277216
同志	661	0.00119996804926223	0.358262170326478
亚洲	660	0.0011981526664343	0.359460322992913
这些	660	0.0011981526664343	0.360658475659347
青年	659	0.00119633728360637	0.361854812942953
战争	650	0.00117999883815499	0.363034811781108
里	642	0.00116547577553154	0.36420028755664
伟大	640	0.00116184500987568	0.365362132566516
次	639	0.00116002962704775	0.366522162193563
任务	638	0.00115821424421982	0.367680376437783
其	635	0.00115276809573603	0.368833144533519
这个	633	0.00114913733008017	0.369982281863599
年	629	0.00114187579876844	0.371124157662368
世界	626	0.00113642965028465	0.372260587312652
团结	622	0.00112916811897293	0.373389755431625
农民	619	0.00112372197048914	0.374513477402115
社会主义	612	0.00111101429069362	0.375624491692808
余	612	0.00111101429069362	0.376735505983502
举行	586	0.00106381433716742	0.377799320320669
现在	578	0.00104929127454398	0.378848611595213
没有	576	0.00104566050888811	0.379894272104101
它	575	0.00104384512606018	0.380938117230161
生活	575	0.00104384512606018	0.381981962356222
反对	575	0.00104384512606018	0.383025807482282
市	573	0.00104021436040432	0.384066021842686
给	572	0.00103839897757639	0.385104420820263
得	566	0.00102750668060881	0.386131927500871
力量	565	0.00102569129778088	0.387157618798652
就是	562	0.00102024514929708	0.388177863947949
报	562	0.00102024514929708	0.389198109097246
机关	557	0.00101116823515743	0.390209277332404
条	554	0.00100572208667364	0.391214999419078
还	553	0.00100390670384571	0.392218906122923
已经	546	0.000991199024050192	0.393210105146973
对于	544	0.00098756825839433	0.394197673405368
必须	543	0.000985752875566399	0.395183426280934
但	541	0.000982122109910538	0.396165548390845
计划	538	0.000976675961426746	0.397142224352272
即	536	0.000973045195770884	0.398115269548042
工厂	530	0.0009621528988033	0.399077422446846
建立	529	0.000960337515975369	0.400037759962821
曾	525	0.000953075984663646	0.400990835947485
关于	522	0.000947629836179854	0.401938465783665
起来	521	0.000945814453351923	0.402884280237017
匪	519	0.000942183687696061	0.403826463924713
政策	519	0.000942183687696061	0.404768647612409
委员	517	0.0009385529220402	0.405707200534449
作	511	0.000927660625072615	0.406634861159521
全体	507	0.000920399093760892	0.407555260253282
党	506	0.000918583710932962	0.408473843964215
教育	505	0.000916768328105031	0.40939061229232
工人阶级	497	0.000902245265481585	0.410292857557802
如	496	0.000900429882653654	0.411193287440456
工会	495	0.000898614499825723	0.412091901940281
主席	491	0.000891352968514	0.412983254908795
职工	485	0.000880460671546416	0.413863715580342
要求	482	0.000875014523062623	0.414738730103404
去	481	0.000873199140234693	0.415611929243639
报告	476	0.000864122226095039	0.416476051469734
成立	474	0.000860491460439177	0.417336542930173
庆祝	474	0.000860491460439177	0.418197034390612
第一	470	0.000853229929127454	0.41905026431974
其他	470	0.000853229929127454	0.419903494248867
多	467	0.000847783780643662	0.420751278029511
起	465	0.000844153014987801	0.421595431044499
这种	465	0.000844153014987801	0.422439584059487
工业	462	0.000838706866504008	0.423278290925991
困难	458	0.000831445335192285	0.424109736261183
争取	457	0.000829629952364355	0.424939366213547
国际	454	0.000824183803880562	0.425763550017428
最	454	0.000824183803880562	0.426587733821308
积极	448	0.000813291506912978	0.427401025328221
用	446	0.000809660741257116	0.428210686069478
反动	441	0.000800583827117463	0.429011269896596
这样	440	0.000798768444289532	0.429810038340885
完成	435	0.000789691530149878	0.430599729871035
通过	434	0.000787876147321947	0.431387606018357
内	431	0.000782429998838155	0.432170036017195
可以	429	0.000778799233182294	0.432948835250378
毛主席	427	0.000775168467526432	0.433724003717904
前	424	0.00076972231904264	0.434493726036947
政治	424	0.00076972231904264	0.435263448355989
均	421	0.000764276170558847	0.436027724526548
决定	419	0.000760645404902986	0.436788369931451
中国共产党	418	0.000758830022075055	0.437547199953526
各种	417	0.000757014639247124	0.438304214592773
事业	417	0.000757014639247124	0.439061229232021
过	416	0.000755199256419194	0.43981642848844
因为	415	0.000753383873591263	0.440569812362031
苏	414	0.000751568490763332	0.441321380852794
则	413	0.000749753107935401	0.44207113396073
为了	412	0.000747937725107471	0.442819071685837
你们	411	0.00074612234227954	0.443565194028117
文化	411	0.00074612234227954	0.444311316370396
各界	409	0.000742491576623678	0.44505380794702
恢复	405	0.000735230045311955	0.445789037992332
出	405	0.000735230045311955	0.446524268037644
更	405	0.000735230045311955	0.447259498082956
社会	403	0.000731599279656094	0.447991097362612
活动	400	0.000726153131172302	0.448717250493784
各地	397	0.000720706982688509	0.449437957476473
规定	396	0.000718891599860579	0.450156849076333
团	395	0.000717076217032648	0.450873925293366
全世界	394	0.000715260834204717	0.451589186127571
提出	393	0.000713445451376786	0.452302631578948
准备	391	0.000709814685720925	0.453012446264668
办法	390	0.000707999302892994	0.453720445567561
指出	387	0.000702553154409202	0.454422998721971
中华人民共和国	385	0.00069892238875334	0.455121921110724
处	385	0.00069892238875334	0.455820843499477
企业	383	0.000695291623097479	0.456516135122575
努力	382	0.000693476240269548	0.457209611362844
天	381	0.000691660857441617	0.457901272220286
提高	380	0.000689845474613687	0.4585911176949
学生	377	0.000684399326129894	0.45927551702103
由于	377	0.000684399326129894	0.45995991634716
各国	377	0.000684399326129894	0.460644315673289
同时	376	0.000682583943301964	0.461326899616591
表示	375	0.000680768560474033	0.462007668177065
日本	372	0.000675322411990241	0.462682990589056
新民主主义	372	0.000675322411990241	0.463358313001046
当	370	0.000671691646334379	0.46403000464738
方面	368	0.000668060880678517	0.464698065528059
原	368	0.000668060880678517	0.465366126408737
以及	366	0.000664430115022656	0.46603055652376
正	366	0.000664430115022656	0.466694986638783
实行	366	0.000664430115022656	0.467359416753805
共和国	364	0.000660799349366795	0.468020216103172
第二	364	0.000660799349366795	0.468681015452539
共产党	362	0.000657168583710933	0.46933818403625
大家	362	0.000657168583710933	0.469995352619961
拥护	360	0.000653537818055071	0.470648890438016
厂	359	0.000651722435227141	0.471300612873243
独立	357	0.000648091669571279	0.471948704542814
执行	356	0.000646276286743348	0.472594980829558
部队	353	0.000640830138259556	0.473235810967817
至	353	0.000640830138259556	0.473876641106077
学校	353	0.000640830138259556	0.474517471244336
帮助	350	0.000635383989775764	0.475152855234112
正在	350	0.000635383989775764	0.475788239223888
不能	349	0.000633568606947833	0.476421807830836
情况	347	0.000629937841291972	0.477051745672128
继续	347	0.000629937841291972	0.47768168351342
增加	343	0.000622676309980249	0.4783043598234
决议	343	0.000622676309980249	0.47892703613338
