的	306802	0.0593325556461482	0.0593325556461482
了	70347	0.0136044331263798	0.0729369887725281
和	65888	0.0127421054178702	0.0856790941903983
在	65012	0.0125726954441868	0.098251789634585
是	44549	0.00861534807947881	0.106867137714064
有	26822	0.00518711679696021	0.112054254511024
个	25206	0.00487459794139807	0.116928852452422
为	25002	0.00483514630369097	0.121763998756113
上	22478	0.00434702898225605	0.126111027738369
中	22117	0.00427721505474495	0.130388242793114
他	21858	0.0042271269460874	0.134615369739201
要	21280	0.00411534730591728	0.138730717045119
对	20581	0.00398016742965618	0.142710884474775
这	20421	0.00394922496870944	0.146660109443484
我	19301	0.00373262774208221	0.150392737185567
到	18087	0.00349785181964877	0.153890589005215
工作	17781	0.00343867436308812	0.157329263368304
多	16903	0.00326887760864285	0.160598140976946
发展	16894	0.00326713709521459	0.163865278072161
省	16693	0.00322826562865024	0.167093543700811
不	16100	0.00311358513276636	0.170207128833578
人	16077	0.00310913715400527	0.173316265987583
等	16021	0.00309830729267391	0.176414573280257
地	15413	0.00298072594107627	0.179395299221333
经济	15274	0.00295384467812879	0.182349143899462
也	15109	0.00292193526527745	0.185271079164739
说	13162	0.00254540419363173	0.187816483358371
就	12883	0.00249144827735584	0.190307931635727
生产	12423	0.00240248870213395	0.192710420337861
从	12272	0.00237328675461545	0.195083707092476
我们	12218	0.00236284367404593	0.197446550766522
元	11995	0.0023197176191014	0.199766268385624
把	10956	0.00211878501332847	0.201885053398952
他们	10836	0.00209557816761841	0.20398063156657
与	10741	0.00207720608143127	0.206057837648002
着	10688	0.00206695639124266	0.208124794039244
还	10434	0.0020178352344897	0.210142629273734
建设	10403	0.00201184013268127	0.212154469406415
年	10140	0.00196097846250006	0.214115447868915
问题	10070	0.00194744113583586	0.216062889004751
以	10057	0.00194492706088393	0.218007816065635
都	10011	0.00193603110336174	0.219943847168997
后	10005	0.00193487076107624	0.221878717930073
两	9951	0.00192442768050671	0.22380314561058
来	9949	0.00192404089974488	0.225727186510325
进行	9789	0.00189309843879813	0.227620284949123
企业	9536	0.00184417067242609	0.229464455621549
图片	9418	0.00182135060747786	0.231285806229027
国家	9150	0.00176952198539206	0.233055328214419
又	8951	0.00173103729958955	0.234786365514008
改革	8853	0.00171208504225967	0.236498450556268
新	8668	0.00167630782178999	0.238174758378058
将	8544	0.00165232741455626	0.239827085792614
同志	8492	0.00164227111474857	0.241469356907363
下	8380	0.00162061139208585	0.243089968299449
已	8375	0.00161964444018126	0.24470961273963
好	8224	0.00159044249266277	0.246300055232293
技术	8162	0.0015784522890459	0.247878507521339
大	8113	0.00156897616038096	0.24944748368172
而	7974	0.00154209489743348	0.250989578579153
使	7858	0.00151966161324709	0.2525092401924
并	7833	0.00151482685372416	0.254024067046124
厂	7829	0.00151405329220049	0.255538120338325
人民	7751	0.00149896884248895	0.257037089180814
出	7693	0.00148775220039575	0.25852484138121
群众	7642	0.00147788929096898	0.260002730672179
向	7639	0.00147730911982623	0.261480039792005
由	7494	0.00144926751459324	0.262929307306598
领导	7376	0.00142644744964501	0.264355754756243
农民	7314	0.00141445724602815	0.265770212002271
时	7252	0.00140246704241128	0.267172679044682
干部	7174	0.00138738259269975	0.268560061637382
被	7124	0.00137771307365389	0.269937774711036
名	7056	0.00136456252775152	0.271302337238788
部门	6891	0.00133265311490019	0.272634990353688
里	6808	0.00131660171328406	0.273951592066972
县	6606	0.0012775368563388	0.275229128923311
用	6541	0.00126496648157918	0.27649409540489
次	6530	0.00126283918738909	0.277756934592279
但	6431	0.00124369353967829	0.279000628131957
于	6410	0.00123963234167903	0.280240260473636
给	6369	0.00123170333606143	0.281471963809698
作	6147	0.00118877067149782	0.282660734481195
她	6144	0.00118819050035506	0.283848924981551
会	6119	0.00118335574083214	0.285032280722383
各	6020	0.00116421009312134	0.286196490815504
社会	5976	0.00115570091636098	0.287352191731865
教育	5902	0.00114139002817311	0.288493581760038
这个	5876	0.00113636187826926	0.289629943638307
组织	5863	0.00113384780331734	0.290763791441625
中国	5849	0.0011311403379845	0.291894931779609
农村	5830	0.00112746592074707	0.293022397700356
管理	5816	0.00112475845541423	0.29414715615577
自己	5804	0.00112243777084323	0.295269593926614
提高	5794	0.00112050386703406	0.296390097793648
该	5739	0.00110986739608361	0.297499965189731
全国	5691	0.00110058465779959	0.298600549847531
做	5672	0.00109691024056216	0.299697460088093
比	5574	0.00107795798323228	0.300775418071325
去	5563	0.00107583068904219	0.301851248760368
所	5551	0.00107351000447119	0.302924758764839
没有	5511	0.0010657743892345	0.303990533154073
种	5448	0.00105359079523672	0.30504412394931
一些	5429	0.00104991637799929	0.306094040327309
据	5416	0.00104740230304737	0.307141442630357
情况	5394	0.00104314771466719	0.308184590345024
我国	5379	0.00104024685895343	0.309224837203977
之	5368	0.00103811956476334	0.310262956768741
会议	5240	0.00101336559600595	0.311276322364747
产品	5240	0.00101336559600595	0.312289687960753
电	5210	0.00100756388457843	0.313297251845331
得	5148	0.000995573680961568	0.314292825526293
加强	5063	0.000979135498583609	0.315271961024876
单位	5034	0.000973527177537011	0.316245488202413
家	4903	0.000948193037636862	0.31719368124005
思想	4874	0.000942584716590265	0.31813626595664
解决	4819	0.00093194824563982	0.31906821420228
本	4815	0.000931174684116152	0.319999388886396
党	4806	0.000929434170687897	0.320928823057084
要求	4790	0.000926339924593223	0.321855162981677
条	4736	0.000915896844023696	0.322771059825701
乡	4718	0.000912415817167187	0.323683475642868
位	4709	0.000910675303738932	0.324594150946607
起	4653	0.000899845442407571	0.325493996389015
有关	4639	0.000897137977074731	0.32639113436609
方面	4627	0.000894817292503725	0.327285951658593
生活	4622	0.000893850340599139	0.328179801999192
商品	4609	0.000891336265647216	0.32907113826484
地区	4577	0.000885147773457866	0.329956286038298
社会主义	4498	0.00086986993336541	0.330826155971663
新闻	4496	0.000869483152603576	0.331695639124267
几	4494	0.000869096371841742	0.332564735496108
能	4473	0.000865035173842481	0.333429770669951
活动	4464	0.000863294660414227	0.334293065330365
增长	4462	0.000862907879652392	0.335155973210017
新华社	4442	0.000859040072034049	0.336015013282051
民族	4394	0.000849757333750025	0.336864770615801
参加	4376	0.000846276306893516	0.337711046922695
或	4362	0.000843568841560676	0.338554615764256
政府	4350	0.00084124815698967	0.339395863921245
这些	4348	0.000840861376227835	0.340236725297473
可以	4333	0.000837960520514078	0.341074685817987
可	4332	0.000837767130133161	0.34191245294812
贵州	4256	0.000823069461183456	0.342735522409304
天	4249	0.000821715728517036	0.343557238137821
它	4242	0.000820361995850616	0.344377600133671
需要	4241	0.000820168605469699	0.345197768739141
市场	4239	0.000819781824707865	0.346017550563849
研究	4237	0.00081939504394603	0.346836945607795
职工	4205	0.000813206551756681	0.347650152159552
同	4201	0.000812432990233012	0.348462585149785
区	4149	0.00080237669042532	0.34926496184021
今天	4109	0.000794641075188633	0.350059602915399
今年	4090	0.000790966657951207	0.35085056957335
本报讯	4060	0.000785164946523692	0.351635734519874
增加	4043	0.0007818773100481	0.352417611829922
文化	4030	0.000779363235096177	0.353196975065018
过	3996	0.000772787962144993	0.353969763027163
去年	3966	0.000766986250717478	0.35473674927788
通过	3949	0.000763698614241886	0.355500447892122
服务	3944	0.000762731662337301	0.356263179554459
第一	3943	0.000762538271956384	0.357025717826416
六	3934	0.000760797758528129	0.357786515584944
规定	3922	0.000758477073957123	0.358544992658901
学习	3921	0.000758283683576206	0.359303276342477
主要	3908	0.000755769608624283	0.360059045951102
重要	3907	0.000755576218243366	0.360814622169345
同时	3831	0.000740878549293661	0.361555500718639
由于	3818	0.000738364474341738	0.36229386519298
办	3801	0.000735076837866146	0.363028942030846
小	3786	0.000732175982152389	0.363761118012999
为了	3744	0.000724053586153868	0.364485171599153
政策	3731	0.000721539511201944	0.365206711110355
计划	3705	0.000716511361298098	0.365923222471653
其	3693	0.000714190676727092	0.36663741314838
实行	3693	0.000714190676727092	0.367351603825107
提出	3644	0.000704714548062151	0.368056318373169
届	3619	0.000699879788539222	0.368756198161708
内	3595	0.00069523841939721	0.369451436581105
联合	3569	0.000690210269493364	0.370141646850599
北京	3559	0.000688276365684192	0.370829923216283
贵阳	3555	0.000687502804160523	0.371517426020444
项	3539	0.000684408558065849	0.372201834578509
积极	3525	0.000681701092733008	0.372883535671242
很	3491	0.000675125819781825	0.373558661491024
质量	3489	0.00067473903901999	0.374233400530044
人员	3488	0.000674545648639073	0.374907946178683
必须	3454	0.00066797037568789	0.375575916554371
公司	3450	0.000667196814164221	0.376243113368535
地方	3447	0.000666616643021469	0.376909730011557
现在	3434	0.000664102568069546	0.377573832579626
这种	3425	0.000662362054641292	0.378236194634268
条件	3416	0.000660621541213037	0.378896816175481
美国	3412	0.000659847979689369	0.37955666415517
吨	3396	0.000656753733594694	0.380213417888765
工业	3384	0.000654433049023688	0.380867850937789
这样	3359	0.000649598289500759	0.381517449227289
不能	3316	0.000641282503121321	0.382158731730411
时间	3300	0.000638188257026646	0.382796919987437
开始	3262	0.000630839422551794	0.383427759409989
政治	3251	0.000628712128361705	0.384056471538351
前	3247	0.000627938566838036	0.384684410105189
人们	3237	0.000626004663028865	0.385310414768218
就是	3225	0.000623683978457859	0.385934098746676
应	3224	0.000623490588076942	0.386557589334752
你	3213	0.000621363293886853	0.387178952628639
以来	3198	0.000618462438173095	0.387797415066812
户	3163	0.000611693774840994	0.388409108841653
经营	3156	0.000610340042174574	0.389019448883828
各种	3141	0.000607439186460817	0.389626888070289
举行	3135	0.000606278844175314	0.390233166914464
看	3131	0.000605505282651645	0.390838672197116
有的	3125	0.000604344940366142	0.391443017137482
报	3122	0.000603764769223391	0.392046781906705
达	3111	0.000601637475033302	0.392648419381739
采取	3110	0.000601444084652385	0.393249863466391
开展	3106	0.000600670523128716	0.39385053398952
开发	3102	0.000599896961605047	0.394450430951125
目前	3089	0.000597382886653124	0.395047813837778
坚持	3085	0.000596609325129455	0.395644423162907
决定	3081	0.000595835763605787	0.396240258926513
措施	3074	0.000594482030939367	0.396834740957453
关系	3071	0.000593901859796615	0.397428642817249
精神	3039	0.000587713367607266	0.398016356184856
基础	3036	0.000587133196464514	0.398603489381321
任务	3034	0.00058674641570268	0.399190235797024
外	3032	0.000586359634940846	0.399776595431964
学生	3030	0.000585972854179011	0.400362568286143
更	3028	0.000585586073417177	0.400948154359561
只	3017	0.000583458779227088	0.401531613138788
市	3015	0.000583071998465254	0.402114685137253
代表	3000	0.000580171142751496	0.402694856280005
机关	2991	0.000578430629323242	0.403273286909328
科技	2984	0.000577076896656822	0.403850363805985
青年	2966	0.000573595869800313	0.404423959675785
科学	2953	0.00057108179484839	0.404995041470633
村	2946	0.00056972806218197	0.405564769532815
认为	2924	0.000565473473801792	0.406130243006617
学校	2912	0.000563152789230786	0.406693395795848
根据	2896	0.000560058543136111	0.407253454338984
当	2888	0.000558511420088774	0.407811965759073
成	2885	0.000557931248946022	0.408369897008019
建立	2885	0.000557931248946022	0.408927828256965
那	2881	0.000557157687422354	0.409484985944387
高	2878	0.000556577516279602	0.410041563460667
农业	2865	0.000554063441327679	0.410595626901994
世界	2854	0.00055193614713759	0.411147563049132
进一步	2846	0.000550389024090253	0.411697952073222
及	2815	0.000544393922281821	0.412242345995504
搞	2812	0.000543813751139069	0.412786159746643
部	2808	0.000543040189615401	0.413329199936259
中央	2793	0.000540139333901643	0.41386933927016
共	2791	0.000539752553139809	0.4144090918233
项目	2784	0.000538398820473389	0.414947490643773
最近	2784	0.000538398820473389	0.415485889464247
帮助	2783	0.000538205430092472	0.416024094894339
全省	2782	0.000538012039711554	0.416562106934051
占	2779	0.000537431868568803	0.41709953880262
完成	2776	0.000536851697426051	0.417636390500046
作用	2760	0.000533757451331377	0.418170147951377
继续	2756	0.000532983889807708	0.418703131841185
过去	2744	0.000530663205236702	0.419233795046422
米	2728	0.000527568959142027	0.419761364005564
投资	2724	0.000526795397618359	0.420288159403182
各级	2723	0.000526602007237442	0.420814761410419
资金	2704	0.000522927590000015	0.421337689000419
实现	2701	0.000522347418857264	0.421860036419277
许多	2699	0.00052196063809543	0.422381997057372
分	2686	0.000519446563143506	0.422901443620516
努力	2684	0.000519059782381672	0.423420503402897
岁	2676	0.000517512659334335	0.423938016062232
却	2673	0.000516932488191583	0.424454948550423
取得	2666	0.000515578755525163	0.424970527305948
以上	2665	0.000515385365144246	0.425485912671093
水平	2661	0.000514611803620577	0.426000524474713
其中	2658	0.000514031632477826	0.426514556107191
至	2653	0.00051306468057324	0.427027620787764
事业	2630	0.000508616701812145	0.427536237489576
利用	2620	0.000506682798002974	0.428042920287579
严重	2617	0.000506102626860222	0.428549022914439
按	2602	0.000503201771146465	0.429052224685586
经过	2593	0.00050146125771821	0.429553685943304
如	2586	0.00050010752505179	0.430053793468356
具有	2568	0.000496626498195281	0.430550419966551
收入	2567	0.000496433107814364	0.431046853074366
促进	2564	0.000495852936671612	0.431542706011037
起来	2552	0.000493532252100606	0.432036238263138
城市	2552	0.000493532252100606	0.432529770515238
以及	2550	0.000493145471338772	0.433022915986577
第二	2547	0.000492565300196021	0.433515481286773
历史	2546	0.000492371909815103	0.434007853196588
一定	2542	0.000491598348291435	0.43449945154488
发生	2537	0.000490631396386849	0.434990082941267
认真	2531	0.000489471054101346	0.435479553995368
受到	2523	0.000487923931054008	0.435967477926422
记者	2505	0.0004844429041975	0.436451920830619
场	2503	0.000484056123435665	0.436935976954055
实际	2493	0.000482122219626494	0.437418099173682
部分	2481	0.000479801535055488	0.437897900708737
走	2466	0.00047690067934173	0.438374801388079
出现	2439	0.000471679139056967	0.438846480527136
提供	2431	0.000470132016009629	0.439316612543146
关于	2422	0.000468391502581375	0.439785004045727
公斤	2401	0.000464330304582114	0.440249334350309
贵阳市	2394	0.000462976571915694	0.440712310922225
比赛	2389	0.000462009620011108	0.441174320542236
资源	2374	0.000459108764297351	0.441633429306533
抓	2359	0.000456207908583593	0.442089637215117
水	2352	0.000454854175917173	0.442544491391034
这里	2330	0.000450599587536996	0.442995090978571
经验	2327	0.000450019416394244	0.443445110394965
经	2325	0.00044963263563241	0.443894743030598
先进	2321	0.000448859074108741	0.444343602104706
工程	2303	0.000445378047252232	0.444788980151959
支持	2300	0.000444797876109481	0.445233778028068
基本	2286	0.00044209041077664	0.445675868438845
全	2284	0.000441703630014806	0.446117572068859
图	2277	0.000440349897348386	0.446557921966208
发挥	2274	0.000439769726205634	0.446997691692413
国际	2270	0.000438996164681966	0.447436687857095
个人	2268	0.000438609383920131	0.447875297241016
亩	2268	0.000438609383920131	0.448313906624936
重点	2265	0.00043802921277738	0.448751935837713
八	2261	0.000437255651253711	0.449189191488967
因	2259	0.000436868870491877	0.449626060359459
劳动	2254	0.000435901918587291	0.450061962278046
作为	2245	0.000434161405159036	0.450496123683205
这次	2238	0.000432807672492616	0.450928931355698
万	2232	0.000431647330207113	0.451360578685905
才	2229	0.000431067159064362	0.451791645844969
达到	2220	0.000429326645636107	0.452220972490605
已经	2211	0.000427586132207853	0.452648558622813
得到	2211	0.000427586132207853	0.453076144755021
影响	2202	0.000425845618779598	0.4535019903738
处理	2196	0.000424685276494095	0.453926675650295
无	2195	0.000424491886113178	0.454351167536408
结合	2192	0.000423911714970427	0.454775079251378
每	2171	0.000419850516971166	0.455194929768349
制度	2167	0.000419076955447498	0.455614006723797
长	2155	0.000416756270876492	0.456030762994673
教师	2154	0.000416562880495574	0.456447325875169
使用	2143	0.000414435586305486	0.456861761461474
粮食	2120	0.000409987607544391	0.457271749069019
近	2119	0.000409794217163474	0.457681543286182
指导	2114	0.000408827265258888	0.458090370551441
法律	2109	0.000407860313354302	0.458498230864795
便	2103	0.000406699971068799	0.458904930835864
能力	2102	0.000406506580687882	0.459311437416552
点	2102	0.000406506580687882	0.45971794399724
组	2101	0.000406313190306965	0.460124257187547
联系	2083	0.000402832163450456	0.460527089350997
最	2070	0.000400318088498533	0.460927407439496
发现	2065	0.000399351136593947	0.46132675857609
件	2064	0.00039915774621303	0.461725916322303
意见	2058	0.000397997403927527	0.46212391372623
正在	2046	0.000395676719356521	0.462519590445587
队	2040	0.000394516377071018	0.462914106822658
再	2040	0.000394516377071018	0.463308623199729
人才	2039	0.0003943229866901	0.463702946186419
成为	2035	0.000393549425166432	0.464096495611586
其他	2030	0.000392582473261846	0.464489078084847
事	2027	0.000392002302119094	0.464881080386967
月	2026	0.000391808911738177	0.465272889298705
让	2026	0.000391808911738177	0.465664698210443
因此	2018	0.00039026178869084	0.466054959999134
山	2017	0.000390068398309923	0.466445028397444
认识	2010	0.000388714665643503	0.466833743063087
困难	2001	0.000386974152215248	0.467220717215302
知识	1999	0.000386587371453414	0.467607304586756
希望	1990	0.000384846858025159	0.467992151444781
花	1989	0.000384653467644242	0.468376804912425
什么	1983	0.000383493125358739	0.468760298037784
负责	1983	0.000383493125358739	0.469143791163143
钱	1976	0.000382139392692319	0.469525930555835
保证	1976	0.000382139392692319	0.469908069948527
集体	1972	0.00038136583116865	0.470289435779696
广大	1967	0.000380398879264065	0.47066983465896
曾	1965	0.00038001209850223	0.471049846757462
工人	1958	0.00037865836583581	0.471428505123298
而且	1945	0.000376144290883887	0.471804649414182
重视	1939	0.000374983948598384	0.47217963336278
自	1936	0.000374403777455632	0.472554037140236
分别	1935	0.000374210387074715	0.472928247527311
讲	1932	0.000373630215931964	0.473301877743243
成绩	1929	0.000373050044789212	0.473674927788032
局	1922	0.000371696312122792	0.474046624100155
酒	1918	0.000370922750599123	0.474417546850754
民主	1914	0.000370149189075455	0.474787696039829
召开	1913	0.000369955798694538	0.475157651838524
逐步	1911	0.000369569017932703	0.475527220856456
不断	1908	0.000368988846789952	0.475896209703246
仅	1907	0.000368795456409035	0.476265005159655
写	1899	0.000367248333361697	0.476632253493017
不同	1897	0.000366861552599863	0.476999115045617
检查	1895	0.000366474771838029	0.477365589817455
批	1876	0.000362800354600602	0.477728390172056
报告	1870	0.000361640012315099	0.478090030184371
精神文明	1869	0.000361446621934182	0.478451476806305
平均	1868	0.000361253231553265	0.478812730037858
还有	1867	0.000361059841172348	0.479173789879031
老	1867	0.000361059841172348	0.479534849720203
办法	1865	0.000360673060410514	0.479895522780613
观念	1864	0.000360479670029596	0.480256002450643
各地	1857	0.000359125937363176	0.480615128388006
总	1856	0.000358932546982259	0.480974060934988
信息	1853	0.000358352375839508	0.481332413310828
结构	1852	0.00035815898545859	0.481690572296287
委员会	1851	0.000357965595077673	0.482048537891364
不是	1850	0.000357772204696756	0.482406310096061
系统	1849	0.000357578814315839	0.482763888910377
获得	1848	0.000357385423934922	0.483121274334312
象	1847	0.000357192033554005	0.483478466367866
充分	1843	0.000356418472030336	0.483834884839896
不仅	1838	0.00035545152012575	0.484190336360022
加工	1836	0.000355064739363916	0.484545401099386
如果	1831	0.00035409778745933	0.484899498886845
余	1822	0.000352357274031076	0.485251856160876
传统	1821	0.000352163883650158	0.485604020044526
十分	1817	0.00035139032212649	0.485955410366653
应当	1811	0.000350229979840987	0.486305640346494
设备	1810	0.00035003658946007	0.486655676935954
少数民族	1808	0.000349649808698235	0.487005326744652
表示	1803	0.000348682856793649	0.487354009601446
比较	1794	0.000346942343365395	0.487700951944811
但是	1787	0.000345588610698975	0.48804654055551
站	1783	0.000344815049175306	0.488391355604686
进	1782	0.000344621658794389	0.48873597726348
之间	1780	0.000344234878032555	0.489080212141512
每年	1780	0.000344234878032555	0.489424447019545
理论	1778	0.00034384809727072	0.489768295116816
苏联	1777	0.000343654706889803	0.490111949823705
安排	1775	0.000343267926127969	0.490455217749833
书记	1769	0.000342107583842466	0.490797325333676
级	1767	0.000341720803080631	0.491139046136757
调查	1766	0.000341527412699714	0.491480573549456
统一	1764	0.00034114063193788	0.491821714181394
获	1761	0.000340560460795128	0.492162274642189
犯罪	1758	0.000339980289652377	0.492502254931842
头	1754	0.000339206728128708	0.49284146165997
方法	1741	0.000336692653176785	0.493178154313147
处	1740	0.000336499262795868	0.493514653575943
执行	1736	0.000335725701272199	0.493850379277215
改变	1734	0.000335338920510365	0.494185718197726
当地	1729	0.000334371968605779	0.494520090166331
受	1727	0.000333985187843945	0.494854075354175
开	1723	0.000333211626320276	0.495187286980496
只有	1723	0.000333211626320276	0.495520498606816
建议	1720	0.000332631455177525	0.495853130061993
大家	1719	0.000332438064796607	0.49618556812679
深入	1719	0.000332438064796607	0.496518006191587
讨论	1715	0.000331664503272939	0.49684967069486
指出	1706	0.000329923989844684	0.497179594684704
吃	1705	0.000329730599463767	0.497509325284168
力量	1692	0.000327216524511844	0.49783654180868
控制	1688	0.000326442962988175	0.498162984771668
保护	1685	0.000325862791845424	0.498488847563513
想	1680	0.000324895839940838	0.498813743403454
形成	1678	0.000324509059179004	0.499138252462633
带	1677	0.000324315668798087	0.499462568131431
改善	1674	0.000323735497655335	0.499786303629087
则	1673	0.000323542107274418	0.500109845736361
扩大	1672	0.000323348716893501	0.500433194453255
党员	1672	0.000323348716893501	0.500756543170148
打	1669	0.000322768545750749	0.501079311715899
随	1668	0.000322575155369832	0.501401886871269
销售	1666	0.000322188374607998	0.501724075245877
革命	1661	0.000321221422703412	0.50204529666858
越	1659	0.000320834641941578	0.502366131310522
调整	1657	0.000320447861179743	0.502686579171701
开放	1650	0.000319094128513323	0.503005673300215
培训	1644	0.00031793378622782	0.503323607086443
形式	1631	0.000315419711275897	0.503639026797718
欢迎	1631	0.000315419711275897	0.503954446508994
体制	1627	0.000314646149752228	0.504269092658747
车	1622	0.000313679197847642	0.504582771856594
少	1619	0.000313099026704891	0.504895870883299
应该	1615	0.000312325465181222	0.50520819634848
中心	1613	0.000311938684419388	0.5055201350329
实践	1612	0.000311745294038471	0.505831880326938
号	1611	0.000311551903657554	0.506143432230596
家庭	1607	0.000310778342133885	0.506454210572729
既	1606	0.000310584951752968	0.506764795524482
共同	1606	0.000310584951752968	0.507075380476235
造成	1601	0.000309617999848382	0.507384998476084
环境	1600	0.000309424609467465	0.507694423085551
一起	1599	0.000309231219086548	0.508003654304638
致富	1598	0.00030903782870563	0.508312692133343
不少	1597	0.000308844438324713	0.508621536571668
丰富	1586	0.000306717144134624	0.508928253715803
长期	1584	0.00030633036337279	0.509234584079176
呢	1582	0.000305943582610956	0.509540527661786
国务院	1581	0.000305750192230039	0.509846277854016
买	1579	0.000305363411468204	0.510151641265485
报道	1577	0.00030497663070637	0.510456617896191
方针	1575	0.000304589849944536	0.510761207746136
看到	1571	0.000303816288420867	0.511065024034557
贡献	1569	0.000303429507659033	0.511368453542216
党风	1562	0.000302075774992612	0.511670529317208
交通	1561	0.000301882384611695	0.51197241170182
搞好	1561	0.000301882384611695	0.512274294086432
全面	1560	0.000301688994230778	0.512575983080662
成功	1553	0.000300335261564358	0.512876318342227
供应	1545	0.000298788138517021	0.513175106480744
全部	1544	0.000298594748136104	0.51347370122888
党委	1544	0.000298594748136104	0.513772295977016
具体	1543	0.000298401357755186	0.514070697334771
见	1541	0.000298014576993352	0.514368711911764
举办	1540	0.000297821186612435	0.514666533098377
学	1539	0.000297627796231518	0.514964160894609
全县	1535	0.000296854234707849	0.515261015129316
落实	1531	0.00029608067318418	0.515557095802501
原则	1530	0.000295887282803263	0.515852983085304
未	1527	0.000295307111660512	0.516148290196964
请	1522	0.000294340159755926	0.51644263035672
创造	1522	0.000294340159755926	0.516736970516476
话	1519	0.000293759988613174	0.517030730505089
宣传	1519	0.000293759988613174	0.517324490493702
找	1517	0.00029337320785134	0.517617863701554
乡镇企业	1513	0.000292599646327671	0.517910463347881
艺术	1509	0.000291826084804003	0.518202289432686
按照	1509	0.000291826084804003	0.51849411551749
正确	1506	0.000291245913661251	0.518785361431151
优势	1505	0.000291052523280334	0.519076413954431
第三	1504	0.000290859132899417	0.519367273087331
土地	1503	0.0002906657425185	0.519657938829849
利益	1500	0.000290085571375748	0.519948024401225
改造	1497	0.000289505400232997	0.520237529801458
存在	1496	0.00028931200985208	0.52052684181131
贵州省	1490	0.000288151667566577	0.520814993478876
干	1487	0.000287571496423825	0.5211025649753
百	1482	0.000286604544519239	0.521389169519819
产量	1481	0.000286411154138322	0.521675580673958
除	1480	0.000286217763757405	0.521961798437715
对于	1479	0.000286024373376488	0.522247822811092
成立	1469	0.000284090469567316	0.522531913280659
放	1468	0.000283897079186399	0.522815810359845
特别是	1467	0.000283703688805482	0.523099514048651
自然	1465	0.000283316908043647	0.523382830956694
左右	1461	0.000282543346519979	0.523665374303214
公里	1460	0.000282349956139062	0.523947724259353
还是	1458	0.000281963175377227	0.524229687434731
座	1458	0.000281963175377227	0.524511650610108
贫困	1454	0.000281189613853559	0.524792840223961
承包	1453	0.000280996223472641	0.525073836447434
现代化	1451	0.000280609442710807	0.525354445890145
日本	1451	0.000280609442710807	0.525635055332856
专业	1448	0.000280029271568056	0.525915084604424
女	1447	0.000279835881187138	0.526194920485611
因为	1445	0.000279449100425304	0.526474369586036
包括	1444	0.000279255710044387	0.526753625296081
经济效益	1442	0.000278868929282553	0.527032494225363
都是	1440	0.000278482148520718	0.527310976373884
反映	1436	0.00027770858699705	0.527588684960881
了解	1435	0.000277515196616132	0.527866200157497
台	1433	0.000277128415854298	0.528143328573351
标准	1432	0.000276935025473381	0.528420263598825
大会	1426	0.000275774683187878	0.528696038282013
安全	1424	0.000275387902426044	0.528971426184439
形势	1421	0.000274807731283292	0.529246233915722
重大	1418	0.000274227560140541	0.529520461475862
正	1414	0.000273453998616872	0.529793915474479
公路	1414	0.000273453998616872	0.530067369473096
合作	1412	0.000273067217855038	0.530340436690951
或者	1412	0.000273067217855038	0.530613503908806
注意	1411	0.000272873827474121	0.53088637773628
时期	1409	0.000272487046712286	0.531158864782993
作品	1408	0.000272293656331369	0.531431158439324
合理	1407	0.000272100265950452	0.531703258705274
书	1405	0.000271713485188618	0.531974972190463
数	1396	0.000269972971760363	0.532244945162223
班	1392	0.000269199410236694	0.53251414457246
才能	1387	0.000268232458332109	0.532782377030792
培养	1387	0.000268232458332109	0.533050609489124
品种	1382	0.000267265506427523	0.533317874995552
原因	1380	0.000266878725665688	0.533584753721218
价格	1378	0.000266491944903854	0.533851245666121
结束	1366	0.000264171260332848	0.534115416926454
引进	1365	0.000263977869951931	0.534379394796406
建	1363	0.000263591089190097	0.534642985885596
即	1358	0.000262624137285511	0.534905610022882
文明	1356	0.000262237356523676	0.535167847379405
责任	1352	0.000261463795000008	0.535429311174405
建筑	1345	0.000260110062333588	0.535689421236739
准备	1344	0.00025991667195267	0.535949337908692
大力	1344	0.00025991667195267	0.536209254580644
目标	1343	0.000259723281571753	0.536468977862216
出口	1340	0.000259143110429002	0.536728120972645
业务	1339	0.000258949720048085	0.536987070692693
贯彻	1338	0.000258756329667167	0.53724582702236
变化	1336	0.000258369548905333	0.537504196571266
先后	1335	0.000258176158524416	0.53776237272979
当前	1335	0.000258176158524416	0.538020548888314
厂长	1328	0.000256822425857996	0.538277371314172
通知	1325	0.000256242254715244	0.538533613568888
发表	1325	0.000256242254715244	0.538789855823603
苗族	1323	0.00025585547395341	0.539045711297556
设计	1322	0.000255662083572493	0.539301373381129
大量	1313	0.000253921570144238	0.539555294951273
省委	1312	0.000253728179763321	0.539809023131036
合同	1308	0.000252954618239652	0.540061977749276
路	1305	0.000252374447096901	0.540314352196373
成果	1302	0.000251794275954149	0.540566146472327
接	1290	0.000249473591383143	0.54081562006371
委员	1288	0.000249086810621309	0.541064706874332
和平	1288	0.000249086810621309	0.541313793684953
靠	1287	0.000248893420240392	0.541562687105193
镇	1285	0.000248506639478558	0.541811193744672
面积	1284	0.00024831324909764	0.542059506993769
制定	1283	0.000248119858716723	0.542307626852486
及时	1282	0.000247926468335806	0.542555553320822
块	1280	0.000247539687573972	0.542803093008396
行政	1273	0.000246185954907552	0.543049278963303
之一	1273	0.000246185954907552	0.543295464918211
快	1272	0.000245992564526634	0.543541457482738
孩子	1271	0.000245799174145717	0.543787256656883
体育	1270	0.0002456057837648	0.544032862440648
结果	1267	0.000245025612622049	0.54427788805327
日	1266	0.000244832222241131	0.544522720275511
机构	1263	0.00024425205109838	0.54476697232661
科研	1257	0.000243091708812877	0.545010064035423
转	1255	0.000242704928051043	0.545252768963474
进入	1255	0.000242704928051043	0.545495473891525
各项	1249	0.00024154458576554	0.54573701847729
现象	1249	0.00024154458576554	0.545978563063056
增强	1248	0.000241351195384623	0.54621991425844
统计	1247	0.000241157805003705	0.546461072063444
叫	1245	0.000240771024241871	0.546701843087686
军	1243	0.000240384243480037	0.546942227331166
多个	1243	0.000240384243480037	0.547182611574646
一切	1242	0.00024019085309912	0.547422802427745
一般	1241	0.000239997462718202	0.547662799890463
斤	1233	0.000238450339670865	0.547901250230134
减少	1233	0.000238450339670865	0.548139700569805
团结	1231	0.000238063558909031	0.548377764128714
低	1225	0.000236903216623528	0.548614667345337
引起	1225	0.000236903216623528	0.548851570561961
电视	1224	0.000236709826242611	0.549088280388203
多种	1223	0.000236516435861693	0.549324796824065
内容	1221	0.000236129655099859	0.549560926479165
运输	1220	0.000235936264718942	0.549796862743884
手	1217	0.00023535609357619	0.55003221883746
儿童	1214	0.000234775922433439	0.550266994759894
片	1213	0.000234582532052522	0.550501577291946
送	1213	0.000234582532052522	0.550736159823999
以后	1213	0.000234582532052522	0.550970742356051
原	1212	0.000234389141671605	0.551205131497723
有些	1208	0.000233615580147936	0.551438747077871
仍	1208	0.000233615580147936	0.551672362658019
介绍	1203	0.00023264862824335	0.551905011286262
积极性	1202	0.000232455237862433	0.552137466524124
文学	1202	0.000232455237862433	0.552369921761987
委	1200	0.000232068457100599	0.552601990219087
机	1199	0.000231875066719681	0.552833865285807
双方	1196	0.00023129489557693	0.553065160181384
效益	1195	0.000231101505196013	0.55329626168658
教学	1195	0.000231101505196013	0.553527363191776
批准	1190	0.000230134553291427	0.553757497745068
首先	1189	0.00022994116291051	0.553987438907978
几个	1188	0.000229747772529593	0.554217186680508
集中	1187	0.000229554382148675	0.554446741062656
横向	1185	0.000229167601386841	0.554675908664043
基层	1185	0.000229167601386841	0.55490507626543
心	1185	0.000229167601386841	0.555134243866817
山区	1181	0.000228394039863172	0.55536263790668
车间	1181	0.000228394039863172	0.555591031946543
总统	1179	0.000228007259101338	0.555819039205644
汽车	1178	0.000227813868720421	0.556046853074365
寨	1177	0.000227620478339504	0.556274473552704
组成	1176	0.000227427087958587	0.556501900640663
产值	1173	0.000226846916815835	0.556728747557479
对外	1172	0.000226653526434918	0.556955401083914
主席	1171	0.000226460136054001	0.557181861219968
卫生	1167	0.000225686574530332	0.557407547794498
分析	1167	0.000225686574530332	0.557633234369028
如何	1166	0.000225493184149415	0.557858727553178
访问	1166	0.000225493184149415	0.558084220737327
间	1161	0.000224526232244829	0.558308746969572
约	1161	0.000224526232244829	0.558533273201817
稳定	1160	0.000224332841863912	0.558757606043681
国营	1157	0.00022375267072116	0.558981358714402
状况	1156	0.000223559280340243	0.559204917994742
国	1152	0.000222785718816575	0.559427703713559
林	1152	0.000222785718816575	0.559650489432375
经济体制	1152	0.000222785718816575	0.559873275151192
整党	1151	0.000222592328435657	0.560095867479628
此	1150	0.00022239893805474	0.560318266417682
电影	1148	0.000222012157292906	0.560540278574975
住	1147	0.000221818766911989	0.560762097341887
强调	1146	0.000221625376531072	0.560983722718418
理想	1138	0.000220078253483734	0.561203800971902
祖国	1138	0.000220078253483734	0.561423879225386
很大	1137	0.000219884863102817	0.561643764088489
先	1136	0.0002196914727219	0.561863455561211
门	1132	0.000218917911198231	0.562082373472409
过程	1127	0.000217950959293646	0.562300324431702
段	1123	0.000217177397769977	0.562517501829472
特点	1122	0.00021698400738906	0.562734485836861
入	1122	0.00021698400738906	0.56295146984425
适应	1121	0.000216790617008143	0.563168260461259
推广	1121	0.000216790617008143	0.563385051078267
甚至	1120	0.000216597226627225	0.563601648304894
直接	1120	0.000216597226627225	0.563818245531521
医院	1118	0.000216210445865391	0.564034455977387
谁	1118	0.000216210445865391	0.564250666423252
期间	1116	0.000215823665103557	0.564466490088356
州	1104	0.000213502980532551	0.564679993068888
均	1104	0.000213502980532551	0.564893496049421
任何	1104	0.000213502980532551	0.565106999029953
妇女	1102	0.000213116199770716	0.565320115229724
小组	1100	0.000212729419008882	0.565532844648733
行为	1097	0.000212149247866131	0.565744993896599
严格	1096	0.000211955857485213	0.565956949754084
国内	1093	0.000211375686342462	0.566168325440427
行	1093	0.000211375686342462	0.566379701126769
字	1088	0.000210408734437876	0.566590109861207
队伍	1087	0.000210215344056959	0.566800325205264
版	1086	0.000210021953676042	0.56701034715894
依法	1083	0.00020944178253329	0.567219788941473
美	1082	0.000209248392152373	0.567429037333626
出来	1081	0.000209055001771456	0.567638092335397
明确	1080	0.000208861611390539	0.567846953946788
类	1080	0.000208861611390539	0.568055815558178
可能	1079	0.000208668221009622	0.568264483779188
财政	1078	0.000208474830628704	0.568472958609817
边	1078	0.000208474830628704	0.568681433440445
口	1077	0.000208281440247787	0.568889714880693
份	1077	0.000208281440247787	0.569097996320941
方	1075	0.000207894659485953	0.569305890980427
发	1072	0.000207314488343201	0.56951320546877
较	1067	0.000206347536438616	0.569719553005209
意义	1067	0.000206347536438616	0.569925900541647
问	1067	0.000206347536438616	0.570132248078086
工资	1063	0.000205573974914947	0.570337822053001
矿	1063	0.000205573974914947	0.570543396027916
落后	1062	0.00020538058453403	0.57074877661245
表现	1061	0.000205187194153113	0.570953963806603
贷款	1059	0.000204800413391278	0.571158764219994
效果	1059	0.000204800413391278	0.571363564633386
面	1056	0.000204220242248527	0.571567784875634
综合	1052	0.000203446680724858	0.571771231556359
树	1052	0.000203446680724858	0.571974678237084
现	1050	0.000203059899963024	0.572177738137047
来到	1049	0.000202866509582107	0.572380604646629
支	1048	0.000202673119201189	0.57258327776583
产生	1047	0.000202479728820272	0.57278575749465
草案	1044	0.000201899557677521	0.572987657052328
小学	1042	0.000201512776915686	0.573189169829244
科学技术	1042	0.000201512776915686	0.573390682606159
难	1042	0.000201512776915686	0.573592195383075
考察	1040	0.000201125996153852	0.573793321379229
商业	1038	0.000200739215392018	0.573994060594621
道德	1037	0.000200545825011101	0.574194606419632
建成	1036	0.000200352434630183	0.574394958854262
坚决	1034	0.000199965653868349	0.574594924508131
虽然	1033	0.000199772263487432	0.574794696771618
斗争	1032	0.000199578873106515	0.574994275644725
旧	1031	0.000199385482725598	0.57519366112745
之后	1031	0.000199385482725598	0.575393046610176
素质	1029	0.000198998701963763	0.575592045312139
上海	1028	0.000198805311582846	0.575790850623722
编辑	1027	0.000198611921201929	0.575989462544924
收	1022	0.000197644969297343	0.576187107514222
完善	1021	0.000197451578916426	0.576384559093138
监督	1020	0.000197258188535509	0.576581817281674
接受	1019	0.000197064798154592	0.576778882079828
时候	1018	0.000196871407773674	0.576975753487602
资料	1017	0.000196678017392757	0.577172431504995
派	1015	0.000196291236630923	0.577368722741626
规划	1015	0.000196291236630923	0.577565013978256
抓好	1013	0.000195904455869089	0.577760918434125
案件	1011	0.000195517675107254	0.577956436109233
专家	1010	0.000195324284726337	0.578151760393959
健康	1010	0.000195324284726337	0.578347084678685
范围	1009	0.00019513089434542	0.578542215573031
根本	1007	0.000194744113583586	0.578736959686614
损失	1007	0.000194744113583586	0.578931703800198
有人	1004	0.000194163942440834	0.579125867742639
保持	1002	0.000193777161679	0.579319644904318
价值	1001	0.000193583771298083	0.579513228675616
行动	1000	0.000193390380917165	0.579706619056533
石	998	0.000193003600155331	0.579899622656688
决策	996	0.000192616819393497	0.580092239476082
不要	996	0.000192616819393497	0.580284856295475
人口	996	0.000192616819393497	0.580477473114869
整个	993	0.000192036648250745	0.58066950976312
讲话	992	0.000191843257869828	0.58086135302099
搞活	991	0.000191649867488911	0.581053002888478
重	991	0.000191649867488911	0.581244652755967
道	990	0.000191456477107994	0.581436109233075
给予	990	0.000191456477107994	0.581627565710183
宣布	989	0.000191263086727077	0.58181882879691
改	989	0.000191263086727077	0.582010091883637
端正	985	0.000190489525203408	0.582200581408841
所有	985	0.000190489525203408	0.582391070934044
从事	983	0.000190102744441574	0.582581173678486
战略	982	0.000189909354060657	0.582771083032546
行业	981	0.000189715963679739	0.582960798996226
基地	981	0.000189715963679739	0.583150514959906
优秀	979	0.000189329182917905	0.583339844142824
总理	976	0.000188749011775154	0.583528593154599
实施	974	0.000188362231013319	0.583716955385612
老人	974	0.000188362231013319	0.583905317616626
以下	973	0.000188168840632402	0.584093486457258
小时	973	0.000188168840632402	0.584281655297891
总结	973	0.000188168840632402	0.584469824138523
听	970	0.000187588669489651	0.584657412808013
食品	965	0.000186621717585065	0.584844034525598
立即	965	0.000186621717585065	0.585030656243183
黄	964	0.000186428327204148	0.585217084570387
广泛	964	0.000186428327204148	0.585403512897591
采用	963	0.00018623493682323	0.585589747834414
村民	962	0.000186041546442313	0.585775789380857
还要	961	0.000185848156061396	0.585961637536918
遵义	960	0.000185654765680479	0.586147292302599
鼓励	959	0.000185461375299562	0.586332753677898
良好	958	0.000185267984918645	0.586518021662817
连	958	0.000185267984918645	0.586703289647735
节	958	0.000185267984918645	0.586888557632654
方式	953	0.000184301033014059	0.587072858665668
经常	952	0.000184107642633142	0.587256966308301
没	950	0.000183720861871307	0.587440687170173
团	950	0.000183720861871307	0.587624408032044
那些	950	0.000183720861871307	0.587808128893915
相	946	0.000182947300347639	0.587991076194263
两国	945	0.000182753909966721	0.58817383010423
推动	945	0.000182753909966721	0.588356584014196
用户	945	0.000182753909966721	0.588539337924163
你们	944	0.000182560519585804	0.588721898443749
今日	944	0.000182560519585804	0.588904458963335
双	943	0.000182367129204887	0.589086826092539
然而	941	0.000181980348443053	0.589268806440983
南非	941	0.000181980348443053	0.589450786789426
到了	940	0.000181786958062136	0.589632573747488
施工	940	0.000181786958062136	0.58981436070555
负责人	939	0.000181593567681218	0.589995954273231
红	939	0.000181593567681218	0.590177547840912
多次	938	0.000181400177300301	0.590358948018213
出版	938	0.000181400177300301	0.590540348195513
校	938	0.000181400177300301	0.590721748372813
交	937	0.000181206786919384	0.590902955159733
正式	936	0.000181013396538467	0.591083968556271
回	936	0.000181013396538467	0.591264981952809
配合	936	0.000181013396538467	0.591445995349348
总产值	934	0.000180626615776633	0.591626621965125
法制	931	0.000180046444633881	0.591806668409758
分配	930	0.000179853054252964	0.591986521464011
今后	930	0.000179853054252964	0.592166374518264
演出	929	0.000179659663872047	0.592346034182136
只要	929	0.000179659663872047	0.592525693846008
速度	927	0.000179272883110212	0.592704966729119
感到	927	0.000179272883110212	0.592884239612229
原来	927	0.000179272883110212	0.593063512495339
职业	924	0.000178692711967461	0.593242205207307
有效	924	0.000178692711967461	0.593420897919274
已有	923	0.000178499321586544	0.593599397240861
                                                                                                                                                                                                                                                                                                                                                                                                                                                                                                                                                                                                                                                                                                                                                                                                                                                                                                                                                                                                                                                                                                                                                                                                                                                                                                                                                                                                                                                                                                                                                                                                                                                                                                                                                                                                                                                                                                                                                                                                                                                                                                                                                                                                                                                                                                                                                                                                                                                                                                                                                                                                                                                                                                                                                                                                                                                                                                                                                                                                                                                                                                                                                                                                                                                                                                                                                                                                                                                                                                                                                                                                                                                                                                                                                                                                                                                                                                                                                                                                                                                                                                                                                                                                                                                                                                                                                                                                                                                                                                                                                                                                                                                                                                                                                                                                                                                                                                                                                                                                                                                                                                                                                                                                                                                                                                                                                                                                                                                                                                                                                                                                                                                                                                                                                                                                                                                                                                                                                                                                                                                                                                                                                                                                                                                                                                                                                                                                                                                                                                                                                                                                                                                                                                                                                                                                                                                                                                                                                                                                                                                                                                                                                                                                                                                                                                                                                                                                                                                                                                            