的	302740	0.0564500324726602	0.0564500324726602
了	67608	0.0126064404948524	0.0690564729675126
在	66250	0.0123532227367171	0.0814096957042297
和	64655	0.0120558130723388	0.0934655087765685
是	44924	0.00837669702980045	0.101842205806369
为	27138	0.00506025296043817	0.106902458766807
有	26274	0.00489914828957744	0.111801607056385
个	26196	0.00488460411790251	0.116686211174287
上	23725	0.00442385221779039	0.121110063392077
中	21765	0.00405838328852299	0.1251684466806
要	21540	0.00401642894715301	0.129184875627753
发展	21478	0.00400486819530883	0.133189743823062
我	21477	0.00400468173156941	0.137194425554632
这	19840	0.00369944059013536	0.140893866144767
对	19427	0.00362243106575401	0.144516297210521
他	19238	0.00358718941900323	0.148103486629524
经济	18784	0.00350253488130557	0.15160602151083
到	18002	0.00335672023707746	0.154962741747907
企业	17933	0.00334385423905733	0.158306595986965
工作	17499	0.00326292897614812	0.161569524963113
等	17400	0.00324446906594533	0.164813994029058
省	16377	0.00305371666051647	0.167867710689575
地	16254	0.00303078162056755	0.170898492310142
人	15703	0.00292804010014595	0.173826532410288
元	15615	0.0029116312910768	0.176738163701365
也	15509	0.00289186613469805	0.179630029836063
不	15169	0.00282846846329452	0.182458498299357
多	15158	0.00282641736216088	0.185284915661518
与	14579	0.00271845485703545	0.188003370518554
说	13614	0.00253851734849308	0.190541887867047
就	13093	0.00244136974025415	0.192983257607301
建设	12916	0.00240836565837643	0.195391623265677
我们	12261	0.00228623190905492	0.197677855174732
以	12200	0.00227485762095017	0.199952712795683
从	11731	0.00218740612716118	0.202140118922844
着	11598	0.00216260644981804	0.204302725372662
年	11440	0.00213314517898934	0.206435870551651
把	10844	0.00202201279029374	0.208457883341945
已	10588	0.00197427807300167	0.210432161414947
来	10359	0.001931577876674	0.212363739291621
后	10313	0.00192300054466058	0.214286739836281
将	10162	0.00189484452000784	0.216181584356289
生产	10089	0.00188123266703002	0.218062817023319
都	9807	0.00182864989251298	0.219891466915832
市场	9798	0.00182697171885818	0.22171843863469
两	9670	0.00180310436021214	0.223521542994902
还	9590	0.00178818726105837	0.225309730255961
大	9511	0.00177345662564402	0.227083186881605
新	9413	0.00175518317918065	0.228838370060785
又	9351	0.00174362242733648	0.230581992488122
国家	9249	0.00172460312591542	0.232306595614037
中国	9206	0.00171658518512027	0.234023180799157
下	8802	0.00164125383439372	0.235664434633551
他们	8653	0.00161347073721982	0.237277905370771
进行	8608	0.00160507986894583	0.238882985239717
并	8530	0.0015905356972709	0.240473520936988
问题	8498	0.00158456885760939	0.242058089794597
厂	8462	0.00157785616299019	0.243635945957587
好	8365	0.00155976918026624	0.245195715137854
向	8335	0.00155417526808358	0.246749890405937
使	8252	0.00153869877771154	0.248288589183649
出	8158	0.00152117118620586	0.249809760369855
改革	7956	0.00148350551084259	0.251293265880697
而	7915	0.00147586049752628	0.252769126378223
技术	7865	0.00146653731055517	0.254235663688779
管理	7322	0.00136528750004895	0.255600951188828
时	7202	0.00134291185131829	0.256943863040146
部门	7159	0.00133489391052314	0.258278756950669
图片	7157	0.00133452098304429	0.259613277933713
名	7052	0.00131494229040497	0.260928220224118
之	6908	0.00128809151192818	0.262216311736046
产品	6813	0.00127037745668307	0.26348668919273
社会	6691	0.00124762888047357	0.264734318073203
由	6686	0.00124669656177646	0.26598101463498
同志	6618	0.00123401702749576	0.267215031662475
次	6612	0.00123289824505922	0.268447929907535
被	6582	0.00122730433287656	0.269675234240411
政府	6518	0.00121537065355354	0.270890604893965
人民	6501	0.00121220076998337	0.272102805663948
全国	6497	0.00121145491502568	0.273314260578974
领导	6493	0.00121070906006799	0.274524969639042
该	6480	0.0012082850314555	0.275733254670497
但	6454	0.00120343697423052	0.276936691644728
会	6437	0.00120026709066035	0.278136958735388
于	6366	0.00118702816516138	0.279323986900549
里	6264	0.00116800886374032	0.28049199576429
家	6129	0.00114283625891833	0.281634832023208
提高	6032	0.00112474927619438	0.282759581299402
开发	5965	0.0011122562056531	0.283871837505055
县	5907	0.00110144130876661	0.284973278813822
她	5904	0.00110088191754835	0.28607416073137
干部	5857	0.0010921181217955	0.287166278853166
用	5791	0.00107981151499364	0.28824609036816
组织	5741	0.00107048832802254	0.289316578696182
贵州	5724	0.00106731844445236	0.290383897140634
起	5653	0.00105407951895339	0.291437976659588
各	5594	0.00104307815832748	0.292481054817915
社会主义	5555	0.00103580607249002	0.293516860890405
得	5553	0.00103543314501117	0.294552294035417
党	5494	0.00102443178438527	0.295576725819802
加强	5436	0.00101361688749878	0.296590342707301
位	5405	0.00100783651157669	0.297598179218877
服务	5402	0.00100727712035843	0.298605456339236
会议	5396	0.0010061583379219	0.299611614677158
科技	5392	0.00100541248296421	0.300617027160122
给	5345	0.000996648687211366	0.301613675847333
你	5338	0.000995343441035411	0.302609019288369
群众	5266	0.000981918051797016	0.303590937340166
经营	5256	0.000980053414402795	0.304570990754568
做	5249	0.00097874816822684	0.305549738922795
自己	5229	0.000975018893438397	0.306524757816234
作	5204	0.000970357299952843	0.307495115116186
公司	5198	0.00096923851751631	0.308464353633703
种	5174	0.000964763387770179	0.309429117021473
可	5134	0.000957304838193293	0.310386421859666
去	5125	0.000955626664538494	0.311342048524205
本报讯	5069	0.000945184695130854	0.312287233219335
所	5066	0.000944625303912587	0.313231858523248
活动	5066	0.000944625303912587	0.314176483827161
几	5066	0.000944625303912587	0.315121109131073
职工	5062	0.000943879448954899	0.316064988580028
本	5058	0.00094313359399721	0.317008122174025
有关	5056	0.000942760666518366	0.317950882840544
教育	5055	0.000942574202778944	0.318893457043323
没有	4951	0.000923181973879041	0.319816639017202
农村	4938	0.000920757945266553	0.320737396962468
一些	4855	0.000905281454894515	0.321642678417363
思想	4780	0.000891296674437854	0.322533975091801
农民	4771	0.000889618500783054	0.323423593592584
天	4735	0.000882905806163857	0.324306499398748
办	4734	0.000882719342424435	0.325189218741172
我国	4695	0.000875447256586971	0.326064665997759
这个	4682	0.000873023227974484	0.326937689225733
重要	4659	0.000868734561967774	0.327806423787701
能	4647	0.000866496997094708	0.328672920784796
质量	4611	0.000859784302475511	0.329532705087272
条	4607	0.000859038447517823	0.330391743534789
情况	4589	0.000855682100208224	0.331247425634998
农业	4575	0.000853071607856314	0.332100497242854
及	4565	0.000851206970462093	0.332951704213316
其	4539	0.000846358913237117	0.333798063126553
人员	4512	0.000841324392272719	0.334639387518826
要求	4469	0.000833306451477567	0.335472693970303
改革开放	4466	0.0008327470602593	0.336305441030563
通过	4455	0.000830695959125657	0.337136136989688
资金	4455	0.000830695959125657	0.337966832948814
比	4435	0.000826966684337214	0.338793799633151
建立	4341	0.000809439092831532	0.339603238725983
据	4340	0.00080925262909211	0.340412491355075
政策	4333	0.000807947382916155	0.341220438737991
或	4319	0.000805336890564245	0.342025775628555
投资	4295	0.000800861760818113	0.342826637389373
达	4247	0.00079191150132585	0.343618548890699
单位	4219	0.00078669051662203	0.344405239407321
项目	4194	0.000782028923136477	0.345187268330458
进一步	4193	0.000781842459397055	0.345969110789855
方面	4160	0.000775689155996124	0.346744799945851
实行	4157	0.000775129764777857	0.347519929710629
地区	4155	0.000774756837299013	0.348294686547928
积极	4153	0.000774383909820169	0.349069070457748
内	4136	0.000771214026249992	0.349840284483998
过	4096	0.000763755476673107	0.350604039960671
全省	4067	0.000758348028229864	0.351362387988901
商品	4024	0.000750330087434712	0.352112718076336
同时	3952	0.000736904698196318	0.352849622774532
生活	3895	0.000726276265049255	0.353575899039581
解决	3894	0.000726089801309833	0.354301988840891
今年	3871	0.000721801135303124	0.355023789976194
项	3860	0.00071975003416948	0.355743540010364
参加	3857	0.000719190642951214	0.356462730653315
民族	3848	0.000717512469296414	0.357180243122611
主要	3835	0.000715088440683927	0.357895331563295
那	3821	0.000712477948332017	0.358607809511627
工程	3810	0.000710426847198373	0.359318236358826
去年	3803	0.000709121601022418	0.360027357959848
贵阳	3798	0.000708189282325307	0.360735547242173
前	3762	0.00070147658770611	0.361437023829879
目前	3753	0.000699798414051311	0.362136822243931
亩	3751	0.000699425486572466	0.362836247730503
区	3746	0.000698493167875356	0.363534740898379
增长	3733	0.000696069139262868	0.364230810037641
乡镇企业	3724	0.000694390965608068	0.364925201003249
电	3719	0.000693458646910958	0.36561865965016
制度	3715	0.000692712791953269	0.366311372442114
坚持	3708	0.000691407545777314	0.367002779987891
可以	3706	0.00069103461829847	0.367693814606189
关系	3704	0.000690661690819626	0.368384476297009
更	3690	0.000688051198467716	0.369072527495477
第一	3682	0.000686559488552338	0.369759086984029
提出	3674	0.000685067778636961	0.370444154762666
世界	3652	0.000680965576369674	0.371125120339036
小	3623	0.000675558127926432	0.371800678466962
必须	3615	0.000674066418011055	0.372474744884973
国际	3607	0.000672574708095678	0.373147319593069
开展	3606	0.000672388244356255	0.373819707837425
同	3591	0.000669591288264923	0.37448929912569
届	3578	0.000667167259652435	0.375156466385342
很	3569	0.000665489085997636	0.37582195547134
基础	3568	0.000665302622258214	0.376487258093598
市	3559	0.000663624448603415	0.377150882542202
这些	3504	0.000653368942935197	0.377804251485137
计划	3483	0.000649453204407331	0.378453704689544
精神	3437	0.000640875872393913	0.379094580561938
外	3434	0.000640316481175646	0.379734897043114
加快	3428	0.000639197698739114	0.380374094741853
乡	3377	0.000629688048028584	0.381003782789882
实现	3358	0.000626145236979563	0.381629928026861
任务	3342	0.000623161817148809	0.38225308984401
它	3342	0.000623161817148809	0.382876251661159
就是	3326	0.000620178397318055	0.383496430058477
以来	3307	0.000616635586269034	0.384113065644746
规定	3285	0.000612533384001747	0.384725599028748
学习	3279	0.000611414601565214	0.385337013630313
各级	3271	0.000609922891649837	0.385946936521963
完成	3257	0.000607312399297927	0.386554248921261
代表	3256	0.000607125935558505	0.387161374856819
作用	3241	0.000604328979467172	0.387765703836286
看	3237	0.000603583124509484	0.388369286960796
决定	3233	0.000602837269551795	0.388972124230347
需要	3175	0.000592022372665311	0.389564146603013
新华社	3160	0.000589225416573979	0.390153372019587
增加	3150	0.000587360779179757	0.390740732798766
措施	3124	0.000582512721954781	0.391323245520721
促进	3120	0.000581766866997093	0.391905012387718
开始	3119	0.000581580403257671	0.392486592790976
条件	3117	0.000581207475778826	0.393067800266755
成为	3100	0.00057803759220865	0.393645837858964
新闻	3089	0.000575986491075006	0.394221824350039
研究	3084	0.000575054172377896	0.394796878522416
却	3084	0.000575054172377896	0.395371932694794
成	3078	0.000573935389941363	0.395945868084736
文化	3072	0.00057281660750483	0.396518684692241
村	3070	0.000572443680025986	0.397091128372267
应	3067	0.000571884288807719	0.397663012661074
工业	3044	0.00056759562280101	0.398230608283875
记者	3033	0.000565544521667366	0.398796152805543
由于	3024	0.000563866348012567	0.399360019153555
走	3020	0.000563120493054878	0.39992313964661
北京	3013	0.000561815246878923	0.400484954893489
万	3011	0.000561442319400079	0.401046397212889
美国	3006	0.000560510000702968	0.401606907213592
地方	2992	0.000557899508351058	0.402164806721943
认为	2948	0.000549695103816484	0.40271450182576
努力	2944	0.000548949248858795	0.403263451074618
高	2941	0.000548389857640529	0.403811840932259
今天	2918	0.00054410119163382	0.404355942123893
贵阳市	2916	0.000543728264154975	0.404899670388048
吨	2915	0.000543541800415553	0.405443212188463
以上	2909	0.00054242301797902	0.405985635206442
作为	2903	0.000541304235542487	0.406526939441985
环境	2901	0.000540931308063643	0.407067870750048
发挥	2894	0.000539626061887688	0.407607496811936
政治	2890	0.000538880206929999	0.408146377018866
占	2874	0.000535896787099245	0.408682273805965
继续	2869	0.000534964468402134	0.409217238274368
搞	2864	0.000534032149705024	0.409751270424073
至	2845	0.000530489338656003	0.410281759762729
当	2829	0.000527505918825249	0.410809265681554
为了	2822	0.000526200672649294	0.411335466354203
现在	2817	0.000525268353952183	0.411860734708155
水平	2809	0.000523776644036806	0.412384511352192
结合	2801	0.000522284934121429	0.412906796286313
中心	2778	0.000517996268114719	0.413424792554428
举行	2777	0.000517809804375297	0.413942602358804
取得	2767	0.000515945166981076	0.414458547525785
这样	2749	0.000512588819671477	0.414971136345456
时间	2741	0.0005110971097561	0.415482233455212
酒	2740	0.000510910646016678	0.415993144101229
抓	2726	0.000508300153664768	0.416501444254894
最	2722	0.000507554298707079	0.417008998553601
各种	2721	0.000507367834967657	0.417516366388568
人们	2721	0.000507367834967657	0.418023734223536
自	2702	0.000503825023918636	0.418527559247455
支持	2698	0.000503079168960948	0.419030638416416
点	2697	0.000502892705221526	0.419533531121637
销售	2697	0.000502892705221526	0.420036423826859
采取	2678	0.000499349894172505	0.420535773721031
其中	2675	0.000498790502954238	0.421034564223985
日	2674	0.000498604039214816	0.4215331682632
城市	2658	0.000495620619384062	0.422028788882584
近	2651	0.000494315373208107	0.422523104255792
不能	2637	0.000491704880856197	0.423014809136649
部	2635	0.000491331953377352	0.423506141090026
根据	2632	0.000490772562159086	0.423996913652185
提供	2618	0.000488162069807176	0.424485075721992
只	2615	0.00048760267858891	0.424972678400581
岁	2601	0.000484992186237	0.425457670586818
重点	2598	0.000484432795018733	0.425942103381837
户	2592	0.0004833140125822	0.426425417394419
按	2590	0.000482941085103356	0.426908358479522
合作	2565	0.000478279491617802	0.42738663797114
起来	2562	0.000477720100399536	0.42786435807154
如	2554	0.000476228390484159	0.428340586462024
形成	2538	0.000473244970653404	0.428813831432677
基本	2533	0.000472312651956294	0.429286144084634
水	2531	0.000471939724477449	0.429758083809111
经	2523	0.000470448014562072	0.430228531823673
开放	2514	0.000468769840907273	0.43069730166458
机制	2486	0.000463548856203453	0.431160850520784
这种	2479	0.000462243610027498	0.431623094130811
共	2475	0.000461497755069809	0.432084591885881
全	2470	0.000460565436372699	0.432545157322254
以及	2469	0.000460378972633276	0.433005536294887
不断	2453	0.000457395552802522	0.43346293184769
报	2451	0.000457022625323678	0.433919954473013
让	2440	0.000454971524190034	0.434374925997203
无	2437	0.000454412132971768	0.434829338130175
实施	2436	0.000454225669232346	0.435283563799408
再	2431	0.000453293350535235	0.435736857149943
便	2416	0.000450496394443903	0.436187353544387
事业	2409	0.000449191148267948	0.436636544692655
局	2403	0.000448072365831415	0.437084617058486
先进	2399	0.000447326510873726	0.43753194356936
效益	2395	0.000446580655916038	0.437978524225276
则	2385	0.000444716018521816	0.438423240243798
机关	2371	0.000442105526169906	0.438865345769968
余	2360	0.000440054425036263	0.439305400195004
希望	2357	0.000439495033817996	0.439744895228822
分	2353	0.000438749178860308	0.440183644407682
部分	2336	0.000435579295290131	0.440619223702972
实际	2334	0.000435206367811287	0.441054430070784
米	2328	0.000434087585374754	0.441488517656158
学校	2326	0.00043371465789591	0.441922232314054
学生	2323	0.000433155266677643	0.442355387580732
第二	2320	0.000432595875459377	0.442787983456191
发生	2317	0.00043203648424111	0.443220019940432
中央	2309	0.000430544774325733	0.443650564714758
宣传	2297	0.000428307209452667	0.444078871924211
公斤	2290	0.000427001963276712	0.444505873887488
认真	2289	0.00042681549953729	0.444932689387025
利用	2284	0.00042588318084018	0.445358572567865
具有	2281	0.000425323789621913	0.445783896357487
收入	2278	0.000424764398403647	0.446208660755891
历史	2262	0.000421780978572892	0.446630441734463
才	2237	0.000417119385087339	0.447047561119551
许多	2235	0.000416746457608494	0.447464307577159
扩大	2234	0.000416559993869072	0.447880867571028
场	2224	0.000414695356474851	0.448295562927503
经过	2224	0.000414695356474851	0.448710258283978
一定	2212	0.000412457791601785	0.44912271607558
月	2207	0.000411525472904674	0.449534241548485
仅	2200	0.000410220226728719	0.449944461775213
机构	2197	0.000409660835510453	0.450354122610724
全面	2197	0.000409660835510453	0.450763783446234
出现	2196	0.000409474371771031	0.451173257818005
统一	2194	0.000409101444292186	0.451582359262297
长	2183	0.000407050343158543	0.451989409605456
贯彻	2182	0.000406863879419121	0.452396273484875
稳定	2182	0.000406863879419121	0.452803137364294
资源	2178	0.000406118024461432	0.453209255388756
办法	2176	0.000405745096982588	0.453615000485738
关于	2165	0.000403693995848944	0.454018694481587
得到	2163	0.0004033210683701	0.454422015549957
带	2160	0.000402761677151833	0.454824777227109
这里	2155	0.000401829358454723	0.455226606585564
经验	2150	0.000400897039757612	0.455627503625321
过去	2149	0.00040071057601819	0.45602821420134
路	2142	0.000399405329842235	0.456427619531182
因	2134	0.000397913619926858	0.456825533151109
这次	2134	0.000397913619926858	0.457223446771036
目标	2125	0.000396235446272058	0.457619682217308
充分	2122	0.000395676055053792	0.458015358272361
总统	2117	0.000394743736356681	0.458410102008718
有的	2116	0.000394557272617259	0.458804659281335
落实	2114	0.000394184345138415	0.459198843626474
人才	2101	0.000391760316525927	0.459590603943
集体	2101	0.000391760316525927	0.459982364259526
青年	2094	0.000390455070349972	0.460372819329876
联合	2091	0.000389895679131705	0.460762715009007
个人	2091	0.000389895679131705	0.461152610688139
执行	2088	0.000389336287913439	0.461541946976053
总	2068	0.000385607013124996	0.461927553989178
粮食	2062	0.000384488230688463	0.462312042219866
已经	2050	0.000382250665815398	0.462694292885681
广大	2049	0.000382064202075975	0.463076357087757
保证	2049	0.000382064202075975	0.463458421289833
台	2042	0.00038075895590002	0.463839180245733
帮助	2036	0.000379640173463487	0.464218820419197
想	2035	0.000379453709724065	0.464598274128921
批	2032	0.000378894318505799	0.464977168447427
体制	2028	0.00037814846354811	0.465355316910975
表示	2026	0.000377775536069266	0.465733092447044
投入	2021	0.000376843217372155	0.466109935664416
使用	2018	0.000376283826153889	0.46648621949057
级	2013	0.000375351507456778	0.466861570998027
各地	2006	0.000374046261280823	0.467235617259308
贵州省	2001	0.000373113942583712	0.467608731201891
事	1998	0.000372554551365446	0.467981285753257
正在	1982	0.000369571131534692	0.468350856884792
件	1978	0.000368825276577003	0.468719682161369
增强	1975	0.000368265885358737	0.469087948046727
什么	1966	0.000366587711703937	0.469454535758431
获	1961	0.000365655393006827	0.469820191151438
召开	1959	0.000365282465527982	0.470185473616966
处	1941	0.000361926118218384	0.470547399735184
达到	1939	0.000361553190739539	0.470908952925924
委员会	1938	0.000361366727000117	0.471270319652924
钱	1935	0.000360807335781851	0.471631126988706
共同	1935	0.000360807335781851	0.471991934324488
劳动	1932	0.000360247944563584	0.472352182269051
严重	1932	0.000360247944563584	0.472712430213615
报告	1915	0.000357078060993408	0.473069508274608
最近	1915	0.000357078060993408	0.473426586335602
十分	1914	0.000356891597253986	0.473783477932856
正	1905	0.000355213423599186	0.474138691356455
影响	1901	0.000354467568641498	0.474493158925096
其他	1900	0.000354281104902076	0.474847440029998
逐步	1897	0.000353721713683809	0.475201161743682
法律	1896	0.000353535249944387	0.475554696993627
曾	1885	0.000351484148810744	0.475906181142437
优势	1881	0.000350738293853055	0.476256919436291
分别	1880	0.000350551830113633	0.476607471266404
重视	1879	0.000350365366374211	0.476957836632778
理论	1870	0.000348687192719411	0.477306523825498
结构	1868	0.000348314265240567	0.477654838090738
车	1868	0.000348314265240567	0.478003152355979
获得	1864	0.000347568410282879	0.478350720766262
行政	1857	0.000346263164106924	0.478696983930369
科学	1857	0.000346263164106924	0.479043247094476
成立	1856	0.000346076700367501	0.479389323794843
处理	1850	0.000344957917930969	0.479734281712774
干	1848	0.000344584990452124	0.480078866703226
解放	1847	0.000344398526712702	0.480423265229939
老	1845	0.000344025599233858	0.480767290829173
指导	1837	0.000342533889318481	0.481109824718491
综合	1836	0.000342347425579058	0.48145217214407
进	1834	0.000341974498100214	0.481794146642171
书记	1829	0.000341042179403103	0.482135188821574
实践	1827	0.000340669251924259	0.482475858073498
建	1825	0.000340296324445415	0.482816154397943
山	1824	0.000340109860705993	0.483156264258649
能力	1820	0.000339364005748304	0.483495628264398
培训	1811	0.000337685832093505	0.483833314096491
国务院	1810	0.000337499368354083	0.484170813464845
公路	1810	0.000337499368354083	0.484508312833199
搞好	1793	0.000334329484783906	0.484842642317983
每	1789	0.000333583629826218	0.485176225947809
随	1787	0.000333210702347373	0.485509436650157
引进	1781	0.000332091919910841	0.485841528570068
见	1776	0.00033115960121373	0.486172688171281
公告	1773	0.000330600209995463	0.486503288381277
日本	1773	0.000330600209995463	0.486833888591272
国营	1764	0.000328922036340664	0.487162810627613
还有	1763	0.000328735572601242	0.487491546200214
只有	1763	0.000328735572601242	0.487820281772816
制定	1762	0.00032854910886182	0.488148830881677
数	1761	0.000328362645122398	0.4884771935268
进入	1758	0.000327803253904131	0.488804996780704
设备	1748	0.00032593861650991	0.489130935397214
成绩	1748	0.00032593861650991	0.489456874013724
镇	1743	0.000325006297812799	0.489781880311536
不是	1740	0.000324446906594533	0.490106327218131
标准	1738	0.000324073979115688	0.490430401197247
站	1735	0.000323514587897422	0.490753915785144
发现	1729	0.000322395805460889	0.491076311590605
土地	1728	0.000322209341721467	0.491398520932327
检查	1728	0.000322209341721467	0.491720730274048
开	1725	0.0003216499505032	0.492042380224551
而且	1722	0.000321090559284934	0.492363470783836
认识	1720	0.00032071763180609	0.492684188415642
调整	1719	0.000320531168066668	0.493004719583709
未	1717	0.000320158240587823	0.493324877824297
规划	1716	0.000319971776848401	0.493644849601145
不仅	1714	0.000319598849369557	0.493964448450515
成功	1713	0.000319412385630135	0.494283860836145
国	1704	0.000317734211975335	0.49460159504812
保护	1697	0.00031642896579938	0.494918024013919
财政	1688	0.000314750792144581	0.495232774806064
受到	1687	0.000314564328405159	0.495547339134469
系统	1686	0.000314377864665737	0.495861716999135
即	1685	0.000314191400926315	0.496175908400061
花	1682	0.000313632009708048	0.496489540409769
交通	1681	0.000313445545968626	0.496802985955738
指出	1680	0.000313259082229204	0.497116245037967
承包	1674	0.000312140299792671	0.49742838533776
大会	1668	0.000311021517356138	0.497739406855116
竞争	1666	0.000310648589877294	0.498050055444993
吃	1661	0.000309716271180183	0.498359771716173
产业	1657	0.000308970416222495	0.498668742132396
打	1652	0.000308038097525384	0.498976780229921
安全	1643	0.000306359923870584	0.499283140153792
因此	1639	0.000305614068912896	0.499588754222705
推广	1637	0.000305241141434052	0.499893995364139
原则	1634	0.000304681750215785	0.500198677114355
还是	1631	0.000304122358997519	0.500502799473352
受	1629	0.000303749431518674	0.500806548904871
形势	1628	0.000303562967779252	0.50111011187265
国内	1627	0.00030337650403983	0.50141348837669
组	1625	0.000303003576560986	0.501716491953251
每年	1624	0.000302817112821564	0.502019309066072
行	1624	0.000302817112821564	0.502322126178894
困难	1623	0.000302630649082142	0.502624756827976
介绍	1623	0.000302630649082142	0.502927387477058
学	1620	0.000302071257863875	0.503229458734922
党员	1620	0.000302071257863875	0.503531529992786
香港	1619	0.000301884794124453	0.50383341478691
百	1618	0.000301698330385031	0.504135113117295
省委	1618	0.000301698330385031	0.50443681144768
图	1617	0.000301511866645609	0.504738323314326
工资	1611	0.000300393084209076	0.505038716398535
完善	1610	0.000300206620469654	0.505338923019005
创造	1609	0.000300020156730232	0.505638943175735
改造	1608	0.000299833692990809	0.505938776868726
找	1607	0.000299647229251387	0.506238424097977
不同	1605	0.000299274301772543	0.50653769839975
江泽民	1600	0.000298341983075432	0.506836040382825
汽车	1600	0.000298341983075432	0.507134382365901
观念	1599	0.00029815551933601	0.507432537885237
深入	1598	0.000297969055596588	0.507730506940833
现代化	1595	0.000297409664378322	0.508027916605211
开发区	1595	0.000297409664378322	0.50832532626959
各项	1591	0.000296663809420633	0.50862199007901
上海	1585	0.0002955450269841	0.508917535105994
双	1582	0.000294985635765834	0.50921252074176
贡献	1581	0.000294799172026411	0.509507319913787
监督	1581	0.000294799172026411	0.509802119085813
不少	1579	0.000294426244547567	0.510096545330361
大力	1577	0.000294053317068723	0.51039059864743
书	1575	0.000293680389589879	0.510684279037019
均	1571	0.00029293453463219	0.510977213571652
市场经济	1567	0.000292188679674501	0.511269402251326
成果	1565	0.000291815752195657	0.511561218003522
烟	1565	0.000291815752195657	0.511853033755717
重大	1564	0.000291629288456235	0.512144663044174
既	1563	0.000291442824716813	0.51243610586889
儿童	1562	0.000291256360977391	0.512727362229868
写	1562	0.000291256360977391	0.513018618590845
片	1560	0.000290883433498546	0.513309502024344
没	1560	0.000290883433498546	0.513600385457842
快	1557	0.00029032404228028	0.513890709500123
经济效益	1554	0.000289764651062014	0.514180474151185
都是	1548	0.000288645868625481	0.51446912001981
全部	1547	0.000288459404886059	0.514757579424696
改善	1539	0.000286967694970681	0.515044547119667
安排	1539	0.000286967694970681	0.515331514814638
基地	1537	0.000286594767491837	0.515618109582129
面积	1536	0.000286408303752415	0.515904517885882
总理	1530	0.000285289521315882	0.516189807407198
旅游	1529	0.00028510305757646	0.516474910464774
海	1527	0.000284730130097616	0.516759640594872
孩子	1525	0.000284357202618771	0.517043997797491
价格	1524	0.000284170738879349	0.51732816853637
手	1522	0.000283797811400505	0.51761196634777
买	1522	0.000283797811400505	0.517895764159171
长期	1522	0.000283797811400505	0.518179561970571
按照	1521	0.000283611347661083	0.518463173318233
业务	1520	0.000283424883921661	0.518746598202154
力量	1513	0.000282119637745706	0.5190287178399
院	1511	0.000281746710266861	0.519310464550167
靠	1510	0.000281560246527439	0.519592024796694
负责	1502	0.000280068536612062	0.519872093333306
十四大	1501	0.00027988207287264	0.520151975406179
意见	1495	0.000278763290436107	0.520430738696615
号	1494	0.000278576826696685	0.520709315523312
此	1493	0.000278390362957263	0.520987705886269
如果	1490	0.000277830971738996	0.521265536858008
邓小平	1486	0.000277085116781308	0.521542621974789
两国	1479	0.000275779870605353	0.521818401845395
大家	1473	0.00027466108816882	0.522093062933563
方	1472	0.000274474624429398	0.522367537557993
包括	1471	0.000274288160689976	0.522641825718683
当前	1468	0.000273728769471709	0.522915554488155
全县	1465	0.000273169378253443	0.523188723866408
内容	1460	0.000272237059556332	0.523460960925964
先后	1459	0.00027205059581691	0.523733011521781
传统	1458	0.000271864132077488	0.524004875653859
依法	1458	0.000271864132077488	0.524276739785936
份	1456	0.000271491204598643	0.524548230990535
集中	1453	0.000270931813380377	0.524819162803915
李鹏	1449	0.000270185958422688	0.525089348762338
头	1448	0.000269999494683266	0.525359348257021
党委	1443	0.000269067175986155	0.525628415433007
形式	1442	0.000268880712246733	0.525897296145254
因为	1442	0.000268880712246733	0.526166176857501
专业	1441	0.000268694248507311	0.526434871106008
特别是	1441	0.000268694248507311	0.526703565354515
步伐	1432	0.000267016074852512	0.526970581429368
少	1432	0.000267016074852512	0.52723759750422
女	1429	0.000266456683634245	0.527504054187855
委	1429	0.000266456683634245	0.527770510871489
公里	1425	0.000265710828676557	0.528036221700165
联系	1423	0.000265337901197713	0.528301559601363
像	1422	0.00026515143745829	0.528566711038821
抓好	1418	0.000264405582500602	0.528831116621322
谁	1416	0.000264032655021758	0.529095149276344
批准	1409	0.000262727408845803	0.52935787668519
仍	1407	0.000262354481366958	0.529620231166556
话	1402	0.000261422162669848	0.529881653329226
比赛	1401	0.000261235698930425	0.530142889028157
主席	1401	0.000261235698930425	0.530404124727087
培养	1390	0.000259184597796782	0.530663309324884
放	1390	0.000259184597796782	0.530922493922681
专家	1383	0.000257879351620827	0.531180373274302
一起	1382	0.000257692887881405	0.531438066162183
几个	1375	0.00025638764170545	0.531694453803888
信息	1372	0.000255828250487183	0.531950282054376
美元	1366	0.00025470946805065	0.532204991522426
知识	1362	0.000253963613092962	0.532458955135519
改	1359	0.000253404221874695	0.532712359357394
工人	1356	0.000252844830656429	0.53296520418805
特色	1354	0.000252471903177585	0.533217676091228
结果	1350	0.000251726048219896	0.533469402139448
了解	1344	0.000250607265783363	0.533720009405231
团结	1343	0.000250420802043941	0.533970430207275
请	1341	0.000250047874565097	0.53422047808184
对外	1337	0.000249302019607408	0.534469780101448
结束	1337	0.000249302019607408	0.534719082121055
进步	1336	0.000249115555867986	0.534968197676923
具体	1336	0.000249115555867986	0.535217313232791
第三	1334	0.000248742628389142	0.53546605586118
沿	1327	0.000247437382213187	0.535713493243393
出口	1326	0.000247250918473764	0.535960744161867
利益	1325	0.000247064454734342	0.536207808616602
呢	1324	0.00024687799099492	0.536454686607596
贵	1324	0.00024687799099492	0.536701564598591
举办	1323	0.000246691527255498	0.536948256125847
及时	1320	0.000246132136037232	0.537194388261884
州	1316	0.000245386281079543	0.537439774542964
欢迎	1315	0.000245199817340121	0.537684974360304
看到	1310	0.00024426749864301	0.537929241858947
讲	1308	0.000243894571164166	0.538173136430111
双方	1308	0.000243894571164166	0.538417031001275
队	1307	0.000243708107424744	0.5386607391087
多个	1306	0.000243521643685322	0.538904260752385
生产力	1305	0.000243335179945899	0.539147595932331
段	1305	0.000243335179945899	0.539390931112277
当地	1304	0.000243148716206477	0.539634079828483
设施	1304	0.000243148716206477	0.53987722854469
六	1303	0.000242962252467055	0.540120190797157
之间	1301	0.000242589324988211	0.540362780122145
除	1301	0.000242589324988211	0.540605369447133
接	1299	0.000242216397509367	0.540847585844643
比较	1297	0.000241843470030522	0.541089429314673
自然	1293	0.000241097615072834	0.541330526929746
妇女	1290	0.000240538223854567	0.541571065153601
叫	1288	0.000240165296375723	0.541811230449976
良好	1288	0.000240165296375723	0.542051395746352
强调	1283	0.000239232977678612	0.542290628724031
推动	1283	0.000239232977678612	0.542529861701709
如何	1281	0.000238860050199768	0.542768721751909
消费者	1281	0.000238860050199768	0.543007581802109
犯罪	1280	0.000238673586460346	0.543246255388569
丰富	1280	0.000238673586460346	0.543484928975029
深化	1277	0.000238114195242079	0.543723043170272
行业	1273	0.000237368340284391	0.543960411510556
存在	1272	0.000237181876544969	0.544197593387101
人口	1268	0.00023643602158728	0.544434029408688
产值	1268	0.00023643602158728	0.544670465430276
住	1263	0.000235503702890169	0.544905969133166
调查	1262	0.000235317239150747	0.545141286372316
块	1260	0.000234944311671903	0.545376230683988
组成	1259	0.000234757847932481	0.545610988531921
变化	1259	0.000234757847932481	0.545845746379853
之一	1255	0.000234011992974792	0.546079758372828
原因	1250	0.000233079674277681	0.546312838047106
方式	1245	0.000232147355580571	0.546544985402686
原	1243	0.000231774428101726	0.546776759830788
严格	1243	0.000231774428101726	0.54700853425889
美	1241	0.000231401500622882	0.547239935759513
建成	1240	0.00023121503688346	0.547471150796396
直接	1240	0.00023121503688346	0.54770236583328
才能	1238	0.000230842109404616	0.547933207942684
通知	1234	0.000230096254446927	0.548163304197131
座	1234	0.000230096254446927	0.548393400451578
适应	1233	0.000229909790707505	0.548623310242286
意识	1232	0.000229723326968083	0.548853033569254
发	1230	0.000229350399489239	0.549082383968743
相	1226	0.00022860454453155	0.549310988513274
现象	1221	0.000227672225834439	0.549538660739109
任	1211	0.000225807588440218	0.549764468327549
管	1210	0.000225621124700796	0.54999008945225
建议	1210	0.000225621124700796	0.550215710576951
艺术	1207	0.000225061733482529	0.550440772310433
对于	1206	0.000224875269743107	0.550665647580176
俄罗斯	1203	0.000224315878524841	0.550889963458701
明显	1202	0.000224129414785418	0.551114092873487
转变	1201	0.000223942951045996	0.551338035824533
张	1200	0.000223756487306574	0.551561792311839
间	1199	0.000223570023567152	0.551785362335406
保持	1198	0.00022338355982773	0.552008745895234
素质	1197	0.000223197096088308	0.552231942991323
越	1197	0.000223197096088308	0.552455140087411
一切	1196	0.000223010632348886	0.55267815071976
问	1192	0.000222264777391197	0.552900415497151
过程	1191	0.000222078313651775	0.553122493810803
贸易	1188	0.000221518922433508	0.553344012733236
村民	1185	0.000220959531215242	0.553564972264451
改变	1184	0.00022077306747582	0.553785745331927
科研	1184	0.00022077306747582	0.554006518399403
贷款	1184	0.00022077306747582	0.554227291466879
转换	1181	0.000220213676257553	0.554447505143136
产生	1180	0.000220027212518131	0.554667532355654
教师	1180	0.000220027212518131	0.554887559568173
心	1178	0.000219654285039287	0.555107213853212
发表	1177	0.000219467821299865	0.555326681674512
应该	1175	0.000219094893821021	0.555545776568333
造成	1174	0.000218908430081598	0.555764684998414
配套	1174	0.000218908430081598	0.555983593428496
和平	1172	0.000218535502602754	0.556202128931099
委员	1171	0.000218349038863332	0.556420477969962
明确	1171	0.000218349038863332	0.556638827008825
面	1171	0.000218349038863332	0.556857176047689
主任	1170	0.00021816257512391	0.557075338622812
讲话	1169	0.000217976111384488	0.557293314734197
省政府	1169	0.000217976111384488	0.557511290845581
同期	1167	0.000217603183905643	0.557728894029487
准备	1167	0.000217603183905643	0.557946497213393
字	1167	0.000217603183905643	0.558164100397298
住房	1166	0.000217416720166221	0.558381517117465
正式	1165	0.000217230256426799	0.558598747373891
访问	1161	0.000216484401469111	0.558815231775361
有人	1159	0.000216111473990266	0.559031343249351
家庭	1159	0.000216111473990266	0.559247454723341
但是	1154	0.000215179155293156	0.559462633878634
八	1154	0.000215179155293156	0.559677813033927
烤烟	1153	0.000214992691553733	0.559892805725481
难	1153	0.000214992691553733	0.560107798417035
连	1148	0.000214060372856623	0.560321858789891
厂长	1146	0.000213687445377778	0.560535546235269
革命	1146	0.000213687445377778	0.560749233680647
先	1145	0.000213500981638356	0.560962734662285
民主	1145	0.000213500981638356	0.561176235643924
维护	1140	0.000212568662941245	0.561388804306865
低	1139	0.000212382199201823	0.561601186506067
最后	1138	0.000212195735462401	0.561813382241529
突出	1138	0.000212195735462401	0.562025577976991
机	1135	0.000211636344244135	0.562237214321236
支	1135	0.000211636344244135	0.56244885066548
方针	1130	0.000210704025547024	0.562659554691027
体系	1128	0.00021033109806818	0.562869885789095
给予	1127	0.000210144634328758	0.563080030423424
重	1127	0.000210144634328758	0.563290175057753
台湾	1126	0.000209958170589335	0.563500133228342
线	1125	0.000209771706849913	0.563709904935192
规模	1123	0.000209398779371069	0.563919303714563
首先	1123	0.000209398779371069	0.564128702493934
设计	1121	0.000209025851892225	0.564337728345826
运输	1119	0.00020865292441338	0.56454638127024
用户	1119	0.00020865292441338	0.564755034194653
奥运会	1118	0.000208466460673958	0.564963500655327
期间	1117	0.000208279996934536	0.565171780652261
来自	1115	0.000207907069455692	0.565379687721717
负责人	1115	0.000207907069455692	0.565587594791173
分配	1114	0.00020772060571627	0.565795315396889
接受	1114	0.00020772060571627	0.566003036002605
于是	1114	0.00020772060571627	0.566210756608322
之后	1110	0.000206974750758581	0.56641773135908
正确	1107	0.000206415359540315	0.566624146718621
战略	1107	0.000206415359540315	0.566830562078161
入	1106	0.000206228895800893	0.567036790973962
真	1105	0.00020604243206147	0.567242833406023
产量	1104	0.000205855968322048	0.567448689374345
大量	1102	0.000205483040843204	0.567654172415189
队伍	1101	0.000205296577103782	0.567859468992292
反映	1101	0.000205296577103782	0.568064765569396
合理	1099	0.000204923649624938	0.568269689219021
控制	1099	0.000204923649624938	0.568474612868646
班	1099	0.000204923649624938	0.568679536518271
基层	1098	0.000204737185885515	0.568884273704157
统计	1097	0.000204550722146093	0.569088824426303
注意	1093	0.000203804867188405	0.569292629293491
门	1093	0.000203804867188405	0.56949643416068
道	1092	0.000203618403448983	0.569700052564129
铁路	1091	0.00020343193970956	0.569903484503838
合同	1090	0.000203245475970138	0.570106729979808
个体	1089	0.000203059012230716	0.570309788992039
引起	1088	0.000202872548491294	0.57051266154053
真正	1087	0.000202686084751872	0.570715347625282
教学	1085	0.000202313157273027	0.570917660782555
红	1081	0.000201567302315339	0.57111922808487
卫生	1080	0.000201380838575917	0.571320608923446
大中型	1079	0.000201194374836495	0.571521803298283
物资	1075	0.000200448519878806	0.571722251818162
最大	1075	0.000200448519878806	0.57192270033804
只要	1075	0.000200448519878806	0.572123148857919
方法	1074	0.000200262056139384	0.572323410914059
来到	1074	0.000200262056139384	0.572523672970198
然而	1074	0.000200262056139384	0.572723935026337
食品	1073	0.000200075592399962	0.572924010618737
多种	1073	0.000200075592399962	0.573124086211137
范围	1072	0.00019988912866054	0.573323975339798
较	1068	0.000199143273702851	0.573523118613501
现	1067	0.000198956809963429	0.573722075423464
有效	1067	0.000198956809963429	0.573921032233428
积极性	1065	0.000198583882484585	0.574119616115912
遵义	1062	0.000198024491266318	0.574317640607178
上年	1061	0.000197838027526896	0.574515478634705
案件	1059	0.000197465100048052	0.574712943734753
抓住	1055	0.000196719245090363	0.574909662979844
小时	1053	0.000196346317611519	0.575106009297455
责任	1050	0.000195786926393252	0.575301796223849
意义	1049	0.00019560046265383	0.575497396686502
电视	1048	0.000195413998914408	0.575692810685417
道路	1048	0.000195413998914408	0.575888224684331
效果	1047	0.000195227535174986	0.576083452219506
类	1045	0.000194854607696142	0.576278306827202
应当	1044	0.00019466814395672	0.576472974971159
声	1044	0.00019466814395672	0.576667643115116
案	1042	0.000194295216477875	0.576861938331594
到了	1042	0.000194295216477875	0.577056233548072
左右	1042	0.000194295216477875	0.57725052876455
职能	1040	0.000193922288999031	0.577444451053549
矿	1039	0.000193735825259609	0.577638186878808
任何	1038	0.000193549361520187	0.577831736240328
出来	1038	0.000193549361520187	0.578025285601849
辆	1037	0.000193362897780765	0.578218648499629
所有	1036	0.000193176434041342	0.578411824933671
参与	1036	0.000193176434041342	0.578605001367712
考察	1034	0.000192803506562498	0.578797804874274
推进	1034	0.000192803506562498	0.578990608380837
边	1033	0.000192617042823076	0.57918322542366
关心	1029	0.000191871187865387	0.579375096611525
已有	1029	0.000191871187865387	0.579566967799391
转	1027	0.000191498260386543	0.579758466059777
听	1027	0.000191498260386543	0.579949964320164
讨论	1026	0.000191311796647121	0.580141276116811
优秀	1026	0.000191311796647121	0.580332587913458
送	1023	0.000190752405428854	0.580523340318887
平均	1022	0.000190565941689432	0.580713906260576
特点	1021	0.00019037947795001	0.580904285738526
非	1020	0.000190193014210588	0.581094478752737
医院	1020	0.000190193014210588	0.581284671766948
减少	1018	0.000189820086731744	0.581474491853679
体育	1016	0.000189447159252899	0.581663939012932
小组	1016	0.000189447159252899	0.581853386172185
校	1010	0.000188328376816367	0.582041714549002
甚至	1008	0.000187955449337522	0.582229669998339
制	1008	0.000187955449337522	0.582417625447677
状况	1008	0.000187955449337522	0.582605580897014
关键	1008	0.000187955449337522	0.582793536346351
很大	1005	0.000187396058119256	0.582980932404471
品种	1005	0.000187396058119256	0.58316832846259
迅速	1004	0.000187209594379834	0.58335553805697
优惠	1004	0.000187209594379834	0.58354274765135
一直	1003	0.000187023130640412	0.58372977078199
宣布	1002	0.000186836666900989	0.583916607448891
今后	1002	0.000186836666900989	0.584103444115792
流通	1001	0.000186650203161567	0.584290094318954
健康	1000	0.000186463739422145	0.584476558058376
整个	1000	0.000186463739422145	0.584663021797798
民兵	1000	0.000186463739422145	0.58484948553722
最高	999	0.000186277275682723	0.585035762812903
出席	998	0.000186090811943301	0.585221853624846
大胆	997	0.000185904348203879	0.58540775797305
切实	996	0.000185717884464457	0.585593475857514
部队	994	0.000185344956985612	0.5857788208145
加工	993	0.00018515849324619	0.585963979307746
试点	993	0.00018515849324619	0.586149137800992
联合国	993	0.00018515849324619	0.586334296294238
总结	993	0.00018515849324619	0.586519454787485
少数民族	992	0.000184972029506768	0.586704426816991
太	990	0.000184599102027924	0.586889025919019
友好	989	0.000184412638288502	0.587073438557308
回	989	0.000184412638288502	0.587257851195596
行动	987	0.000184039710809657	0.587441890906406
有利于	985	0.000183666783330813	0.587625557689737
另	984	0.000183480319591391	0.587809038009328
价值	981	0.000182920928373124	0.587991958937701
为主	981	0.000182920928373124	0.588174879866074
不到	981	0.000182920928373124	0.588357800794447
法	980	0.000182734464633702	0.588540535259081
协调	980	0.000182734464633702	0.588723269723715
                                                                                                                                                                                                                                                                                                                                                                                                                                                                                                                                                                                                                                                                                                                                                                                                                                                                                                                                                                                                                                                                                                                                                                                                                                                                                                                                                                                                                                                                                                                                                                                                                                                                                                                                                                                                                                                                                                                                                                                                                                                                                                                                                                                                                                                                                                                                                                                                                                                                                                                                                                                                                                                                                                                                                                                                                                                                                                                                                                                                                                                                                                                                                                                                                                                                                                                                                                                                                                                                                                                                                                                                                                                                                                                                                                                                                                                                                                                                                                                                                                                                                                                                                                                                                                                                                                                                                                                                                                                                                                                                                                                                                                                                                                                                                                                                                                                                                                                                                                                                                                                                                                                                                                                                                                                                                                                                                                                                                                                                                                                                                                                                                                                                                                                                                                                                                                                                                                                                                                                                                                                                                                                                                                                                                                                                                                                                                                                                                                                                                                                                                                                                                                                                                                                                                                                                                                                                                                                                                                                                                                                                             