的	501200	0.0569609988768046	0.0569609988768046
了	112336	0.0127669009773039	0.0697278998541085
在	110614	0.0125711969867495	0.082299096840858
和	100328	0.0114022009084438	0.0937012977493018
是	77554	0.00881395312628033	0.102515250875582
个	44136	0.00501602283804199	0.107531273713624
有	42974	0.00488396242165164	0.112415236135276
为	41932	0.00476553991401071	0.117180776049287
上	38358	0.00435935753175672	0.121540133581043
他	37349	0.0042446854490219	0.125784819030065
我	36199	0.00411398882350648	0.129898807853572
中	35660	0.0040527318833736	0.133951539736945
这	35595	0.00404534468280099	0.137996884419746
对	34168	0.0038831672179223	0.141880051637669
要	32381	0.00368007602679531	0.145560127664464
发展	31772	0.00361086363989193	0.149170991304356
到	29409	0.00334231048676765	0.152513301791123
也	28560	0.0032458222823654	0.155759124073489
元	27610	0.00313785550476571	0.158896979578254
等	27594	0.00313603711693245	0.162033016695187
人	27101	0.00308000804182019	0.165113024737007
不	26770	0.00304239014351967	0.168155414880527
经济	26123	0.0029688590855123	0.171124273966039
说	25999	0.00295476657980455	0.174079040545844
地	25605	0.00290998877941058	0.176989029325254
工作	25518	0.00290010129556724	0.179889130620821
企业	24808	0.00281941033546642	0.182708540956288
多	24732	0.00281077299325844	0.185519313949546
与	23746	0.00269871484303392	0.18821802879258
就	23192	0.00263575316430737	0.190853781956888
省	20955	0.00238151981536999	0.193235301772258
着	20424	0.00232117206915374	0.195556473841411
以	20202	0.00229594193796729	0.197852415779379
我们	19436	0.00220888662045007	0.200061302399829
从	18947	0.00215331214229612	0.202214614542125
将	18886	0.00214637953868183	0.204360994080807
市场	18232	0.00207205293599741	0.206433047016804
年	18139	0.0020614835567166	0.208494530573521
已	17651	0.00200602272780223	0.210500553301323
来	17380	0.00197522378387642	0.212475777085199
把	16916	0.00192249053671194	0.214398267621911
建设	16849	0.00191487603766018	0.216313143659571
还	16786	0.00190771613556672	0.218220859795138
都	16697	0.00189760135324423	0.220118461148382
后	16550	0.00188089491502617	0.221999356063409
两	16530	0.0018786219302346	0.223877977993643
又	16334	0.00185634667927719	0.22573432467292
大	16109	0.001830775600372	0.227565100273292
国家	15952	0.00181293266975815	0.229378032943051
中国	15633	0.00177667856233257	0.231154711505383
新	15444	0.00175519885605221	0.232909910361435
生产	15188	0.00172610465072009	0.234636015012155
而	15137	0.00172030853950158	0.236356323551657
他们	15013	0.00170621603379383	0.238062539585451
问题	14878	0.00169087338645072	0.239753412971902
下	14588	0.00165791510697291	0.241411328078874
并	13808	0.00156926870010159	0.242980596778976
使	13715	0.00155869932082078	0.244539296099797
出	13687	0.00155551714211258	0.246094813241909
进行	13282	0.00150948920008324	0.247604302441993
向	13248	0.00150562512593756	0.24910992756793
图片	12998	0.00147721281604291	0.250587140383973
好	12790	0.00145357377421056	0.252040714158184
时	12598	0.00143175312021146	0.253472467278395
被	12318	0.00139993133312945	0.254872398611525
但	11852	0.00134697078748581	0.25621936939901
该	11623	0.00132094511162231	0.257540314510633
厂	11623	0.00132094511162231	0.258861259622255
她	11341	0.00128889602606113	0.260150155648316
技术	11318	0.00128628209355083	0.261436437741867
之	11305	0.0012848046534363	0.262721242395303
名	11293	0.00128344086256136	0.264004683257865
部门	11169	0.00126934835685361	0.265274031614718
由	11032	0.00125377841103134	0.26652781002575
次	10984	0.00124832324753157	0.267776133273281
会	10925	0.00124161794239643	0.269017751215678
管理	10914	0.00124036780076106	0.270258119016439
社会	10752	0.00122195662394933	0.271480075640388
里	10683	0.0012141148264184	0.272694190466806
家	10672	0.00121286468478304	0.273907055151589
政府	10498	0.00119308971709636	0.275100144868686
农民	10493	0.00119252147089846	0.276292666339584
改革	10136	0.0011519486923689	0.277444615031953
产品	10134	0.00115172139388974	0.278596336425843
得	9883	0.00112319543475551	0.279719531860598
自己	9849	0.00111933136060983	0.280838863221208
于	9825	0.00111660377885995	0.281955467000068
所	9749	0.00110796643665197	0.28306343343672
位	9736	0.00110648899653745	0.284169922433258
去	9633	0.00109478312486085	0.285264705558118
给	9521	0.00108205441002805	0.286346759968146
领导	9500	0.00107966777599689	0.287426427744143
你	9422	0.00107080313530976	0.288497230879453
全国	9408	0.00106921204595566	0.289566442925409
各	9324	0.00105966550983106	0.29062610843524
公司	9233	0.0010493234290294	0.291675431864269
没有	9199	0.00104545935488373	0.292720891219153
用	9182	0.00104352731781089	0.293764418536964
县	9113	0.00103568552027997	0.294800104057244
其	8848	0.00100556847179163	0.295805672529035
几	8844	0.00100511387483332	0.296810786403869
种	8806	0.00100079520372933	0.297811581607598
同志	8780	0.000997840323500287	0.298809421931098
做	8650	0.000983065922355067	0.299792487853453
组织	8526	0.000968973416647318	0.300761461270101
有关	8407	0.000955449157137462	0.301716910427238
提高	8385	0.000952948873866732	0.302669859301105
资金	8347	0.000948630202762745	0.303618489503868
起	8338	0.000947607359606537	0.304566096863474
教育	8203	0.000932264712263424	0.305498361575738
加强	8139	0.000924991160930392	0.306423352736668
一些	8124	0.000923286422336712	0.307346639159005
可	8059	0.000915899221764102	0.308262538380769
能	8017	0.0009111259537018	0.309173664334471
人民	7960	0.000904647947045819	0.310078312281516
贵州	7953	0.000903852402368768	0.310982164683885
作	7855	0.000892714776890064	0.311874879460775
开发	7785	0.00088475933011956	0.312759638790895
这个	7776	0.000883736486963353	0.313643375277858
建立	7743	0.000879986062057258	0.314523361339915
活动	7704	0.000875553741713692	0.315398915081629
社会主义	7700	0.000875099144755377	0.316274014226385
科技	7696	0.000874644547797063	0.317148658774182
干部	7687	0.000873621704640855	0.318022280478822
经营	7678	0.000872598861484648	0.318894879340307
服务	7675	0.000872257913765912	0.319767137254073
及	7674	0.000872144264526333	0.320639281518599
会议	7662	0.00087078047365139	0.321510061992251
据	7560	0.000859188251214371	0.322369250243465
天	7447	0.000846345887141986	0.323215596130607
比	7417	0.000842936409954628	0.324058532540562
情况	7349	0.000835208261663282	0.324893740802225
要求	7312	0.000831003239798873	0.325724744042024
本报讯	7214	0.000819865614320168	0.326544609656344
过	7183	0.000816342487893231	0.327360952144237
通过	7168	0.000814637749299551	0.328175589893537
或	7134	0.000810773675153878	0.328986363568691
那	7077	0.000804295668497897	0.329790659237189
我国	7063	0.000802704579143796	0.330593363816332
群众	7054	0.000801681735987589	0.33139504555232
条	6936	0.000788271125717311	0.332183316678037
同时	6916	0.000785998140925739	0.332969314818963
人员	6867	0.000780429328186387	0.33374974414715
投资	6867	0.000780429328186387	0.334530173475336
目前	6841	0.000777474447957342	0.335307647923293
方面	6829	0.000776110657082399	0.336083758580376
农业	6824	0.000775542410884506	0.33685930099126
国际	6803	0.000773155776853355	0.337632456768113
世界	6803	0.000773155776853355	0.338405612544967
办	6802	0.000773042127613776	0.339178654672581
达	6780	0.000770541844343047	0.339949196516924
重要	6728	0.000764632083884958	0.340713828600809
电	6698	0.0007612226066976	0.341475051207506
去年	6691	0.000760427062020549	0.342235478269527
职工	6687	0.000759972465062235	0.342995450734589
小	6675	0.000758608674187291	0.343754059408776
很	6605	0.000750653227416788	0.344504712636193
党	6518	0.000740765743573448	0.345245478379766
农村	6517	0.000740652094333869	0.3459861304741
项目	6511	0.000739970198896398	0.346726100672997
今年	6453	0.000733378543000838	0.347459479215998
这些	6343	0.000720877126647189	0.348180356342645
单位	6327	0.000719058738813932	0.348899415081459
前	6307	0.000716785754022359	0.349616200835481
项	6276	0.000713262627595422	0.350329463463076
增长	6252	0.000710535045845535	0.351039998508922
解决	6250	0.000710307747366378	0.351750306256288
北京	6241	0.00070928490421017	0.352459591160499
本	6217	0.000706557322460283	0.353166148482959
内	6196	0.000704170688429132	0.353870319171388
届	6180	0.000702352300595874	0.354572671471984
主要	6126	0.000696215241658629	0.355268886713643
就是	6123	0.000695874293939893	0.355964761007582
基础	6119	0.000695419696981579	0.356660180704564
生活	6096	0.00069280576447127	0.357352986469035
美国	6089	0.00069201021979422	0.35804499668883
市场经济	6083	0.000691328324356748	0.358736325013186
第一	6063	0.000689055339565176	0.359425380352751
看	5930	0.000673939990701219	0.360099320343453
思想	5897	0.000670189565795125	0.360769509909248
却	5891	0.000669507670357653	0.361439017579605
地区	5851	0.000664961700774508	0.36210397928038
政策	5803	0.000659506537274734	0.362763485817655
市	5802	0.000659392888035156	0.36342287870569
更	5789	0.000657915447920634	0.364080794153611
可以	5768	0.000655528813889483	0.3647363229675
同	5690	0.00064666417320235	0.365382987140702
工程	5666	0.000643936591452463	0.366026923732155
参加	5664	0.000643709292973306	0.366670633025128
文化	5653	0.000642459151337941	0.367313092176466
外	5629	0.000639731569588055	0.367952823746054
积极	5626	0.000639390621869319	0.368592214367923
亩	5605	0.000637003987838168	0.369229218355762
记者	5579	0.000634049107609123	0.369863267463371
质量	5578	0.000633935458369545	0.37049720292174
新闻	5570	0.000633026264452916	0.371130229186193
实现	5566	0.000632571667494601	0.371762800853688
实行	5544	0.000630071384223872	0.372392872237912
规定	5534	0.000628934891828085	0.37302180712974
关系	5491	0.000624047974526205	0.373645855104266
认为	5489	0.000623820676047048	0.374269675780313
新华社	5488	0.000623707026807469	0.37489338280712
提出	5456	0.000620070251140953	0.375513453058261
需要	5434	0.000617569967870224	0.376131023026132
它	5432	0.000617342669391066	0.376748365695523
制度	5429	0.00061700172167233	0.377365367417195
成为	5407	0.000614501438401601	0.377979868855597
至	5370	0.000610296416537192	0.378590165272134
贵阳	5348	0.000607796133266462	0.3791979614054
增加	5336	0.000606432342391519	0.379804393747792
由于	5326	0.000605295849995732	0.380409689597788
今天	5295	0.000601772723568795	0.381011462321356
代表	5255	0.00059722675398565	0.381608689075342
高	5228	0.000594158224517028	0.382202847299859
应	5225	0.000593817276798292	0.382796664576657
成	5186	0.000589384956454726	0.383386049533112
计划	5182	0.000588930359496411	0.383974979892608
开始	5177	0.000588362113298518	0.384563342005907
必须	5150	0.000585293583829895	0.385148635589737
现在	5111	0.000580861263486329	0.385729496853223
精神	5103	0.0005799520695697	0.386309448922793
乡镇企业	5087	0.000578133681736442	0.386887582604529
这样	5085	0.000577906383257285	0.387465488987787
完成	5061	0.000575178801507398	0.388040667789294
万	5038	0.00057256486899709	0.388613232658291
坚持	4994	0.000567564302455631	0.389180796960747
决定	4989	0.000566996056257737	0.389747793017005
举行	4974	0.000565291317664058	0.390313084334669
当	4968	0.000564609422226586	0.390877693756895
走	4967	0.000564495772987008	0.391442189529882
以来	4937	0.000561086295799649	0.392003275825682
民族	4934	0.000560745348080913	0.392564021173763
作为	4934	0.000560745348080913	0.393124766521844
进一步	4924	0.000559608855685127	0.393684375377529
时间	4887	0.000555403833820718	0.39423977921135
条件	4825	0.000548357580966844	0.394788136792316
全省	4824	0.000548243931727265	0.395336380724044
研究	4794	0.000544834454539906	0.395881215178584
采取	4785	0.000543811611383699	0.396425026789967
开展	4775	0.000542675118987913	0.396967701908955
任务	4750	0.000539833887998447	0.397507535796954
学习	4723	0.000536765358529824	0.398044301155483
让	4722	0.000536651709290246	0.398580952864774
学生	4701	0.000534265075259095	0.399115217940033
不能	4701	0.000534265075259095	0.399649483015292
措施	4699	0.000534037776779937	0.400183520792072
商品	4682	0.000532105739707101	0.400715626531779
这种	4662	0.000529832754915528	0.401245459286694
以上	4657	0.000529264508717635	0.401774723795412
最	4621	0.000525173136092805	0.402299896931505
占	4603	0.00052312744978039	0.402823024381285
学校	4592	0.000521877308145025	0.40334490168943
近	4574	0.00051983162183261	0.403864733311263
点	4548	0.000516876741603566	0.404381610052866
机构	4525	0.000514262809093257	0.40489587286196
人们	4520	0.000513694562895364	0.405409567424855
再	4499	0.000511307928864213	0.405920875353719
为了	4495	0.000510853331905899	0.406431728685625
区	4494	0.00051073968266632	0.406942468368292
其中	4493	0.000510626033426742	0.407453094401718
村	4486	0.000509830488749691	0.407962924890468
重点	4481	0.000509262242551798	0.40847218713302
只	4476	0.000508693996353905	0.408980881129374
体制	4470	0.000508012100916433	0.40948889323029
便	4456	0.000506421011562333	0.409995314241852
地方	4455	0.000506307362322754	0.410501621604175
水平	4429	0.00050335248209371	0.411004974086269
钱	4407	0.00050085219882298	0.411505826285092
作用	4403	0.000500397601864666	0.412006223886957
努力	4368	0.000496419878479414	0.412502643765436
合作	4366	0.000496192580000257	0.412998836345436
工业	4365	0.000496078930760678	0.413494915276197
提供	4360	0.000495510684562785	0.41399042596076
如	4329	0.000491987558135848	0.414482413518896
乡	4326	0.000491646610417112	0.414974060129313
各级	4318	0.000490737416500483	0.415464797545813
户	4315	0.000490396468781747	0.415955194014595
改革开放	4296	0.000488237133229753	0.416443431147825
取得	4245	0.000482441022011244	0.416925872169836
岁	4242	0.000482100074292508	0.417407972244128
收入	4238	0.000481645477334193	0.417889617721463
吨	4227	0.000480395335698829	0.418370013057161
部	4225	0.000480168037219671	0.418850181094381
机关	4219	0.0004794861417822	0.419329667236163
无	4166	0.000473462732084533	0.419803129968248
出现	4160	0.000472780836647061	0.420275910804895
部分	4151	0.000471757993490853	0.420747668798386
政治	4149	0.000471530695011696	0.421219199493397
抓	4141	0.000470621501095067	0.421689820994493
加快	4139	0.00047039420261591	0.422160215197108
以及	4127	0.000469030411740967	0.422629245608849
各种	4117	0.00046789391934518	0.423097139528195
搞	4083	0.000464029845199507	0.423561169373394
促进	4078	0.000463461599001614	0.424024630972396
形成	4067	0.000462211457366249	0.424486842429762
按	4042	0.000459370226376784	0.424946212656139
根据	4040	0.000459142927897627	0.425405355584036
香港	4038	0.000458915629418469	0.425864271213455
销售	4032	0.000458233733980998	0.426322504947436
才	4031	0.000458120084741419	0.426780625032177
什么	4027	0.000457665487783104	0.42723829051996
支持	4019	0.000456756293866476	0.427695046813827
分	3999	0.000454483309074903	0.428149530122902
希望	3973	0.000451528428845859	0.428601058551748
贵阳市	3972	0.00045141477960628	0.429052473331354
自	3971	0.000451301130366702	0.429503774461721
起来	3966	0.000450732884168809	0.429954507345889
想	3946	0.000448459899377236	0.430402967245267
继续	3935	0.000447209757741871	0.430850177003009
表示	3932	0.000446868810023136	0.431297045813032
发生	3919	0.000445391369908614	0.43174243718294
不断	3900	0.00044323203435662	0.432185669217297
全	3896	0.000442777437398305	0.432628446654695
许多	3875	0.000440390803367154	0.433068837458062
共	3868	0.000439595258690104	0.433508432716752
长	3842	0.00043664037846106	0.433945073095214
报	3815	0.000433571848992437	0.434378644944206
仅	3811	0.000433117252034123	0.43481176219624
月	3792	0.000430957916482129	0.435242720112722
第二	3767	0.000428116685492663	0.435670836798215
因	3749	0.000426070999180248	0.436096907797395
利用	3696	0.000420047589482581	0.436516955386878
余	3686	0.000418911097086795	0.436935866483965
事业	3685	0.000418797447847216	0.437354663931812
局	3680	0.000418229201649323	0.437772893133461
得到	3673	0.000417433656972273	0.438190326790433
城市	3672	0.000417320007732694	0.438607646798166
个人	3667	0.000416751761534801	0.439024398559701
这次	3655	0.000415387970659858	0.439439786530361
基本	3647	0.000414478776743229	0.439854265307104
已经	3639	0.0004135695828266	0.440267834889931
事	3637	0.000413342284347443	0.440681177174278
一定	3635	0.000413114985868285	0.441094292160146
具有	3633	0.000412887687389128	0.441507179847535
镇	3631	0.000412660388909971	0.441919840236445
关于	3618	0.000411182948795449	0.442331023185241
发挥	3605	0.000409705508680927	0.442740728693922
历史	3605	0.000409705508680927	0.443150434202603
实施	3597	0.000408796314764298	0.443559230517367
结合	3589	0.000407887120847669	0.443967117638215
经	3575	0.000406296031493568	0.444373413669708
人才	3572	0.000405955083774832	0.444779368753483
过去	3547	0.000403113852785367	0.445182482606268
青年	3539	0.000402204658868738	0.445584687265137
环境	3537	0.000401977360389581	0.445986664625527
带	3529	0.000401068166472952	0.446387732792
中心	3521	0.000400158972556323	0.446787891764556
这里	3521	0.000400158972556323	0.447188050737112
有的	3483	0.000395840301452335	0.447583891038565
影响	3483	0.000395840301452335	0.447979731340017
场	3477	0.000395158406014863	0.448374889746032
处	3475	0.000394931107535706	0.448769820853567
保证	3452	0.000392317175025398	0.449162138028593
米	3447	0.000391748928827505	0.44955388695742
竞争	3440	0.000390953384150454	0.449944840341571
教师	3437	0.000390612436431718	0.450335452778003
经过	3425	0.000389248645556775	0.450724701423559
总统	3418	0.000388453100879725	0.451113154524439
打	3408	0.000387316608483938	0.451500471132923
则	3402	0.000386634713046467	0.451887105845969
曾	3380	0.000384134429775737	0.452271240275745
指出	3351	0.000380838601827957	0.452652078877573
正在	3339	0.000379474810953014	0.453031553688526
不是	3334	0.000378906564755121	0.453410460253281
水	3332	0.000378679266275963	0.453789139519557
总	3325	0.000377883721598913	0.454167023241156
效益	3322	0.000377542773880177	0.454544566015036
认真	3313	0.00037651993072397	0.45492108594576
理论	3311	0.000376292632244812	0.455297378578005
目标	3309	0.000376065333765655	0.455673443911771
正	3275	0.000372201259619982	0.456045645171391
机制	3271	0.000371746662661667	0.456417391834053
价格	3270	0.000371633013422089	0.456789024847475
投入	3262	0.00037072381950546	0.45715974866698
实际	3257	0.000370155573307567	0.457529904240288
数	3256	0.000370041924067988	0.457899946164356
发现	3249	0.000369246379390938	0.458269192543747
路	3248	0.000369132730151359	0.458638325273898
酒	3245	0.000368791782432623	0.459007117056331
宣传	3235	0.000367655290036837	0.459374772346367
件	3233	0.00036742799155768	0.459742200337925
中央	3224	0.000366405148401472	0.460108605486327
使用	3221	0.000366064200682736	0.460474669687009
批	3219	0.000365836902203579	0.460840506589213
老	3200	0.000363677566651585	0.461204184155864
严重	3191	0.000362654723495378	0.46156683887936
吃	3168	0.00036004079098507	0.461926879670345
法律	3168	0.00036004079098507	0.46228692046133
国务院	3167	0.000359927141745491	0.462646847603075
分别	3157	0.000358790649349705	0.463005638252425
成立	3153	0.00035833605239139	0.463363974304817
进入	3141	0.000356972261516447	0.463720946566333
稳定	3140	0.000356858612276868	0.46407780517861
统一	3136	0.000356404015318554	0.464434209193928
没	3132	0.000355949418360239	0.464790158612289
随	3116	0.000354131030526981	0.465144289642816
办法	3084	0.000350494254860465	0.465494783897676
达到	3082	0.000350266956381308	0.465845050854057
主席	3079	0.000349926008662572	0.46619497686272
因为	3074	0.000349357762464679	0.466544334625185
而且	3073	0.000349244113225101	0.46689357873841
进	3065	0.000348334919308472	0.467241913657718
充分	3065	0.000348334919308472	0.467590248577027
获得	3064	0.000348221270068893	0.467938469847096
十分	3061	0.000347880322350157	0.468286350169446
花	3057	0.000347425725391843	0.468633775894838
只有	3047	0.000346289232996056	0.468980065127834
如果	3045	0.000346061934516899	0.469326127062351
先进	3044	0.000345948285277321	0.469672075347628
全面	3038	0.000345266389839849	0.470017341737468
找	3015	0.000342652457329541	0.470359994194797
还有	3005	0.000341515964933754	0.470701510159731
方	3002	0.000341175017215019	0.471042685176946
还是	3000	0.000340947718735861	0.471383632895682
其他	2999	0.000340834069496283	0.471724466965178
未	2999	0.000340834069496283	0.472065301034675
不仅	2996	0.000340493121777547	0.472405794156452
资源	2991	0.000339924875579654	0.472745719032032
见	2991	0.000339924875579654	0.473085643907611
设备	2984	0.000339129330902603	0.473424773238514
号	2980	0.000338674733944289	0.473763447972458
像	2974	0.000337992838506817	0.474101440810965
日本	2971	0.000337651890788081	0.474439092701753
扩大	2969	0.000337424592308924	0.474776517294062
每	2955	0.000335833502954823	0.475112350797017
安全	2929	0.000332878622725779	0.475445229419743
获	2927	0.000332651324246622	0.475777880743989
粮食	2917	0.000331514831850836	0.47610939557584
台	2900	0.000329582794777999	0.476438978370618
业务	2898	0.000329355496298842	0.476768333866917
日	2896	0.000329128197819685	0.477097462064737
公斤	2896	0.000329128197819685	0.477426590262556
落实	2894	0.000328900899340528	0.477755491161897
受到	2889	0.000328332653142634	0.47808382381504
帮助	2888	0.000328219003903056	0.478412042818943
委员会	2888	0.000328219003903056	0.478740261822846
执行	2877	0.000326968862267691	0.479067230685113
监督	2872	0.000326400616069798	0.479393631301183
因此	2869	0.000326059668351062	0.479719690969534
信息	2854	0.000324354929757383	0.480044045899292
重视	2848	0.000323673034319911	0.480367718933612
手	2847	0.000323559385080332	0.480691278318692
国	2846	0.000323445735840754	0.481014724054533
共同	2840	0.000322763840403282	0.481337487894936
困难	2837	0.000322422892684546	0.481659910787621
结构	2829	0.000321513698767917	0.481981424486388
行	2824	0.000320945452570024	0.482302369938958
能力	2819	0.000320377206372131	0.482622747145331
成功	2810	0.000319354363215923	0.482942101508547
系统	2807	0.000319013415497188	0.483261114924044
写	2803	0.000318558818538873	0.483579673742583
此	2799	0.000318104221580559	0.483897777964163
检查	2792	0.000317308676903508	0.484215086641067
处理	2778	0.000315717587549408	0.484530804228616
劳动	2772	0.000315035692111936	0.484845839920728
最近	2771	0.000314922042872357	0.4851607619636
山	2769	0.0003146947443932	0.485475456707994
车	2768	0.000314581095153621	0.485790037803147
召开	2763	0.000314012848955728	0.486104050652103
优势	2762	0.00031389919971615	0.486417949851819
保护	2762	0.00031389919971615	0.486731849051535
报告	2758	0.000313444602757835	0.487045293654293
即	2754	0.000312990005799521	0.487358283660093
上海	2738	0.000311171617966263	0.487669455278059
经验	2726	0.000309807827091319	0.48797926310515
开	2717	0.000308784983935112	0.488288048089085
不少	2715	0.000308557685455955	0.488596605774541
不同	2714	0.000308444036216376	0.488905049810758
均	2712	0.000308216737737219	0.489213266548495
联合	2702	0.000307080245341432	0.489520346793836
头	2702	0.000307080245341432	0.489827427039178
广大	2693	0.000306057402185225	0.490133484441363
各地	2691	0.000305830103706068	0.490439314545069
买	2688	0.000305489155987332	0.490744803701056
话	2679	0.000304466312831124	0.491049270013887
百	2678	0.000304352663591546	0.491353622677479
国内	2673	0.000303784417393652	0.491657407094873
建	2650	0.000301170484883344	0.491958577579756
仍	2647	0.000300829537164608	0.49225940711692
站	2641	0.000300147641727137	0.492559554758648
产业	2629	0.000298783850852193	0.4928583386095
全部	2622	0.000297988306175143	0.493156326915675
受	2619	0.000297647358456407	0.493453974274131
都是	2617	0.00029742005997725	0.493751394334109
全县	2612	0.000296851813779357	0.494048246147888
重大	2604	0.000295942619862728	0.494344188767751
培训	2601	0.000295601672143992	0.494639790439895
毛泽东	2601	0.000295601672143992	0.494935392112039
成果	2598	0.000295260724425256	0.495230652836464
片	2584	0.000293669635071155	0.495524322471535
双方	2580	0.000293215038112841	0.495817537509648
邓小平	2579	0.000293101388873262	0.496110638898521
原则	2578	0.000292987739633683	0.496403626638155
形势	2574	0.000292533142675369	0.49669615978083
开放	2571	0.000292192194956633	0.496988351975787
书	2570	0.000292078545717055	0.497280430521504
现象	2568	0.000291851247237897	0.497572281768742
增强	2567	0.000291737597998319	0.49786401936674
了解	2567	0.000291737597998319	0.498155756964739
每年	2558	0.000290714754842111	0.498446471719581
公路	2554	0.000290260157883797	0.498736731877464
利益	2552	0.000290032859404639	0.499026764736869
贯彻	2551	0.000289919210165061	0.499316683947034
指导	2548	0.000289578262446325	0.49960626220948
逐步	2547	0.000289464613206746	0.499895726822687
大会	2541	0.000288782717769275	0.500184509540456
科学	2532	0.000287759874613067	0.50047226941507
调查	2529	0.000287418926894331	0.500759688341964
书记	2519	0.000286282434498545	0.501045970776462
调整	2509	0.000285145942102759	0.501331116718565
干	2503	0.000284464046665287	0.50161558076523
之间	2499	0.000284009449706973	0.501899590214937
组	2499	0.000284009449706973	0.502183599664644
集体	2491	0.000283100255790343	0.502466699920435
第三	2483	0.000282191061873715	0.502748890982308
俄罗斯	2482	0.000282077412634136	0.503030968394942
贷款	2472	0.00028094092023835	0.503311909315181
呢	2471	0.000280827270998771	0.50359273658618
美	2469	0.000280599972519614	0.503873336558699
学	2465	0.000280145375561299	0.50415348193426
美元	2458	0.000279349830884249	0.504432831765145
制定	2457	0.00027923618164467	0.504712067946789
讲	2450	0.00027844063696762	0.504990508583757
既	2448	0.000278213338488463	0.505268721922245
专业	2448	0.000278213338488463	0.505546935260734
级	2433	0.000276508599894784	0.505823443860629
队	2433	0.000276508599894784	0.506099952460524
按照	2423	0.000275372107498997	0.506375324568022
传统	2420	0.000275031159780261	0.506650355727803
行政	2408	0.000273667368905318	0.506924023096708
八	2399	0.00027264452574911	0.507196667622457
艺术	2390	0.000271621682592903	0.50746828930505
包括	2388	0.000271394384113746	0.507739683689164
住	2385	0.00027105343639501	0.508010737125559
负责	2384	0.000270939787155431	0.508281676912714
介绍	2380	0.000270485190197117	0.508552162102911
先后	2379	0.000270371540957538	0.508822533643869
创造	2377	0.000270144242478381	0.509092677886347
土地	2370	0.00026934869780133	0.509362026584149
标准	2369	0.000269235048561752	0.50963126163271
靠	2369	0.000269235048561752	0.509900496681272
谁	2369	0.000269235048561752	0.510169731729834
引进	2368	0.000269121399322173	0.510438853129156
图	2361	0.000268325854645123	0.510707178983801
基地	2360	0.000268212205405544	0.510975391189207
形式	2353	0.000267416660728494	0.511242807849935
交通	2346	0.000266621116051444	0.511509428965987
现代化	2346	0.000266621116051444	0.511776050082038
委员	2342	0.000266166519093129	0.512042216601131
内容	2330	0.000264802728218186	0.51230701932935
联系	2330	0.000264802728218186	0.512571822057568
请	2329	0.000264689078978607	0.512836511136546
工资	2327	0.00026446178049945	0.513100972917046
如何	2323	0.000264007183541135	0.513364980100587
结果	2322	0.000263893534301557	0.513628873634889
孩子	2315	0.000263097989624506	0.513891971624513
造成	2315	0.000263097989624506	0.514155069614138
当前	2312	0.00026275704190577	0.514417826656043
特别是	2306	0.000262075146468299	0.514679901802512
心	2305	0.00026196149722872	0.51494186329974
各项	2304	0.000261847847989141	0.515203711147729
问	2304	0.000261847847989141	0.515465558995719
认识	2300	0.000261393251030827	0.515726952246749
及时	2299	0.000261279601791248	0.515988231848541
海	2298	0.00026116595255167	0.516249397801092
强调	2298	0.00026116595255167	0.516510563753644
和平	2295	0.000260825004832934	0.516771388758477
安排	2291	0.000260370407874619	0.517031759166351
少	2289	0.000260143109395462	0.517291902275747
贵州省	2288	0.000260029460155884	0.517551931735903
大力	2284	0.000259574863197569	0.5178115065991
份	2276	0.00025866566928094	0.518070172268381
成绩	2275	0.000258552020041362	0.518328724288423
快	2270	0.000257983773843468	0.518586708062266
叫	2268	0.000257756475364311	0.51884446453763
除	2268	0.000257756475364311	0.519102221012995
汽车	2265	0.000257415527645575	0.51935963654064
放	2262	0.000257074579926839	0.519616711120567
但是	2261	0.000256960930687261	0.519873672051254
实践	2257	0.000256506333728946	0.520130178384983
方式	2255	0.000256279035249789	0.520386457420233
存在	2251	0.000255824438291475	0.520642281858525
意见	2251	0.000255824438291475	0.520898106296816
一起	2243	0.000254915244374846	0.521153021541191
看到	2241	0.000254687945895688	0.521407709487087
综合	2240	0.00025457429665611	0.521662283783743
协议	2238	0.000254346998176953	0.52191663078192
财政	2233	0.000253778751979059	0.522170409533899
大家	2229	0.000253324155020745	0.52242373368892
改善	2223	0.000252642259583273	0.522676375948503
专家	2220	0.000252301311864537	0.522928677260368
犯罪	2220	0.000252301311864537	0.523180978572232
原因	2219	0.000252187662624959	0.523433166234857
比赛	2218	0.00025207401338538	0.523685240248242
结束	2217	0.000251960364145802	0.523937200612388
接受	2215	0.000251733065666644	0.524188933678055
女	2207	0.000250823871750015	0.524439757549805
几个	2205	0.000250596573270858	0.524690354123076
准备	2204	0.000250482924031279	0.524940837047107
行业	2195	0.000249460080875072	0.525190297127982
贸易	2190	0.000248891834677179	0.525439188962659
产值	2190	0.000248891834677179	0.525688080797336
公里	2178	0.000247528043802235	0.525935608841138
张	2168	0.000246391551406449	0.526182000392545
力量	2161	0.000245596006729399	0.526427596399274
保持	2160	0.00024548235748982	0.526673078756764
长期	2158	0.000245255059010663	0.526918333815775
之后	2157	0.000245141409771084	0.527163475225546
非	2153	0.00024468681281277	0.527408162038359
旅游	2153	0.00024468681281277	0.527652848851171
良好	2145	0.000243777618896141	0.527896626470067
改造	2144	0.000243663969656562	0.528140290439724
江泽民	2142	0.000243436671177405	0.528383727110901
过程	2141	0.000243323021937826	0.528627050132839
发表	2140	0.000243209372698248	0.528870259505538
原	2131	0.00024218652954204	0.52911244603508
于是	2127	0.000241731932583726	0.529354177967663
完善	2124	0.00024139098486499	0.529595568952528
段	2115	0.000240368141708782	0.529835937094237
知识	2114	0.000240254492469204	0.530076191586706
规模	2112	0.000240027193990046	0.530316218780696
举办	2108	0.000239572597031732	0.530555791377728
集中	2108	0.000239572597031732	0.53079536397476
两国	2105	0.000239231649312996	0.531034595624073
承包	2105	0.000239231649312996	0.531273827273386
适应	2102	0.00023889070159426	0.53151271797498
培养	2096	0.000238208806156788	0.531750926781137
深入	2096	0.000238208806156788	0.531989135587294
联合国	2094	0.000237981507677631	0.532227117094971
严格	2084	0.000236845015281845	0.532463962110253
产生	2082	0.000236617716802688	0.532700579827056
台湾	2082	0.000236617716802688	0.532937197543858
当地	2081	0.000236504067563109	0.533173701611422
金融	2081	0.000236504067563109	0.533410205678985
发行	2077	0.000236049470604795	0.53364625514959
双	2075	0.000235822172125637	0.533882077321715
铁路	2071	0.000235367575167323	0.534117444896883
比较	2071	0.000235367575167323	0.53435281247205
直接	2071	0.000235367575167323	0.534588180047217
行动	2071	0.000235367575167323	0.534823547622384
连	2068	0.000235026627448587	0.535058574249833
教学	2067	0.000234912978209008	0.535293487228042
观念	2065	0.000234685679729851	0.535528172907772
发	2065	0.000234685679729851	0.535762858587502
之一	2063	0.000234458381250694	0.535997316968752
贡献	2061	0.000234231082771537	0.536231548051524
可能	2060	0.000234117433531958	0.536465665485056
接	2060	0.000234117433531958	0.536699782918588
入	2060	0.000234117433531958	0.53693390035212
应该	2057	0.000233776485813222	0.537167676837933
有人	2056	0.000233662836573644	0.537401339674507
组成	2056	0.000233662836573644	0.53763500251108
具体	2055	0.000233549187334065	0.537868551698414
道	2042	0.000232071747219543	0.538100623445634
回	2041	0.000231958097979964	0.538332581543614
搞好	2040	0.000231844448740386	0.538564425992354
乡镇	2037	0.00023150350102165	0.538795929493376
任	2037	0.00023150350102165	0.539027432994397
设施	2035	0.000231276202542493	0.53925870919694
间	2034	0.000231162553302914	0.539489871750243
最后	2034	0.000231162553302914	0.539721034303546
家庭	2030	0.000230707956344599	0.53995174225989
经济效益	2024	0.000230026060907128	0.540181768320798
省委	2022	0.000229798762427971	0.540411567083226
六	2020	0.000229571463948813	0.540641138547174
电话	2020	0.000229571463948813	0.540870710011123
责任	2018	0.000229344165469656	0.541100054176593
一切	2015	0.00022900321775092	0.541329057394344
推广	2013	0.000228775919271763	0.541557833313616
队伍	2004	0.000227753076115555	0.541785586389731
党委	2004	0.000227753076115555	0.542013339465847
门	2004	0.000227753076115555	0.542241092541962
块	1998	0.000227071180678084	0.54246816372264
变化	1995	0.000226730232959348	0.5426948939556
医院	1994	0.000226616583719769	0.542921510539319
对于	1994	0.000226616583719769	0.543148127123039
总理	1986	0.00022570738980314	0.543373834512842
面	1986	0.00022570738980314	0.543599541902645
反映	1985	0.000225593740563562	0.543825135643209
出口	1982	0.000225252792844826	0.544050388436054
校	1980	0.000225025494365668	0.544275413930419
大量	1979	0.00022491184512609	0.544500325775546
人口	1977	0.000224684546646933	0.544725010322192
批准	1974	0.000224343598928197	0.544949353921121
银行	1974	0.000224343598928197	0.545173697520049
类	1974	0.000224343598928197	0.545398041118977
行为	1973	0.000224229949688618	0.545622271068666
自然	1967	0.000223548054251146	0.545845819122917
抓好	1967	0.000223548054251146	0.546069367177168
任何	1964	0.000223207106532411	0.5462925742837
送	1961	0.000222866158813675	0.546515440442514
真	1960	0.000222752509574096	0.546738192952088
作品	1958	0.000222525211094939	0.546960718163183
一直	1957	0.00022241156185536	0.547183129725038
甚至	1957	0.00022241156185536	0.547405541286894
然而	1957	0.00022241156185536	0.547627952848749
太	1953	0.000221956964897046	0.547849909813646
到了	1949	0.000221502367938731	0.548071412181585
减少	1946	0.000221161420219995	0.548292573601805
机	1943	0.00022082047250126	0.548513394074306
建议	1942	0.000220706823261681	0.548734100897568
委	1933	0.000219683980105473	0.548953784877673
首先	1932	0.000219570330865895	0.549173355208539
设计	1926	0.000218888435428423	0.549392243643968
明显	1923	0.000218547487709687	0.549610791131677
约	1920	0.000218206539990951	0.549828997671668
规划	1917	0.000217865592272215	0.55004686326394
越	1913	0.000217410995313901	0.550264274259254
价值	1910	0.000217070047595165	0.55048134430685
开发区	1905	0.000216501801397272	0.550697846108247
收购	1903	0.000216274502918115	0.550914120611165
面积	1901	0.000216047204438957	0.551130167815604
才能	1900	0.000215933555199379	0.551346101370803
时候	1899	0.0002158199059598	0.551561921276763
多个	1896	0.000215478958241064	0.551777400235004
引起	1896	0.000215478958241064	0.551992879193245
听	1889	0.000214683413564014	0.552207562606809
低	1888	0.000214569764324435	0.552422132371134
欢迎	1887	0.000214456115084857	0.552636588486218
解放	1885	0.0002142288166057	0.552850817302824
班	1874	0.000212978674970335	0.553063795977795
座	1870	0.00021252407801202	0.553276320055807
线	1865	0.000211955831814127	0.553488275887621
统计	1865	0.000211955831814127	0.553700231719435
迅速	1862	0.000211614884095391	0.55391184660353
先	1860	0.000211387585616234	0.554123234189146
相	1860	0.000211387585616234	0.554334621774763
边	1856	0.00021093298865792	0.55454555476342
同期	1851	0.000210364742460026	0.554755919505881
主任	1851	0.000210364742460026	0.554966284248341
收	1851	0.000210364742460026	0.555176648990801
左右	1847	0.000209910145501712	0.555386559136302
交	1847	0.000209910145501712	0.555596469281804
父亲	1845	0.000209682847022555	0.555806152128827
税收	1843	0.000209455548543397	0.55601560767737
最大	1840	0.000209114600824662	0.556224722278195
改变	1839	0.000209000951585083	0.55643372322978
声	1834	0.00020843270538719	0.556642155935167
出来	1834	0.00020843270538719	0.556850588640554
身	1829	0.000207864459189297	0.557058453099743
重	1829	0.000207864459189297	0.557266317558933
字	1826	0.000207523511470561	0.557473841070403
科研	1822	0.000207068914512246	0.557680909984916
抓住	1820	0.000206841616033089	0.557887751600949
明确	1815	0.000206273369835196	0.558094024970784
突出	1807	0.000205364175918567	0.558299389146702
支	1805	0.00020513687743941	0.558504526024142
超过	1799	0.000204454982001938	0.558708981006144
意义	1795	0.000204000385043624	0.558912981391187
来到	1794	0.000203886735804045	0.559116868126991
贵	1791	0.000203545788085309	0.559320413915077
案件	1789	0.000203318489606152	0.559523732404683
改	1788	0.000203204840366573	0.55972693724505
另	1787	0.000203091191126995	0.559930028436177
宣布	1781	0.000202409295689523	0.560132437731866
加工	1773	0.000201500101772894	0.560333937833639
谈判	1772	0.000201386452533315	0.560535324286172
团结	1771	0.000201272803293737	0.560736597089466
合理	1767	0.000200818206335422	0.560937415295802
推动	1767	0.000200818206335422	0.561138233502137
知道	1765	0.000200590907856265	0.561338824409993
权	1764	0.000200477258616686	0.56153930166861
难	1760	0.000200022661658372	0.561739324330268
来自	1758	0.000199795363179215	0.561939119693448
口	1758	0.000199795363179215	0.562138915056627
有些	1756	0.000199568064700058	0.562338483121327
负担	1755	0.000199454415460479	0.562537937536787
真正	1752	0.000199113467741743	0.562737051004529
范围	1749	0.000198772520023007	0.562935823524552
所有	1747	0.00019854522154385	0.563134368746096
生	1745	0.000198317923064693	0.563332686669161
一般	1744	0.000198204273825114	0.563530890942986
会谈	1737	0.000197408729148064	0.563728299672134
合同	1735	0.000197181430668906	0.563925481102803
烟	1733	0.000196954132189749	0.564122435234993
感到	1731	0.000196726833710592	0.564319162068703
建成	1730	0.000196613184471013	0.564515775253174
体系	1729	0.000196499535231435	0.564712274788406
小时	1727	0.000196272236752278	0.564908547025158
电视	1726	0.000196158587512699	0.565104705612671
立即	1725	0.00019604493827312	0.565300750550944
注意	1724	0.000195931289033542	0.565496681839977
烤烟	1723	0.000195817639793963	0.565692499479771
红	1722	0.000195703990554384	0.565888203470325
控制	1720	0.000195476692075227	0.566083680162401
工人	1720	0.000195476692075227	0.566279156854476
民主	1719	0.000195363042835649	0.566474519897311
管	1718	0.00019524939359607	0.566669769290908
或者	1715	0.000194908445877334	0.566864677736785
个体	1714	0.000194794796637755	0.567059472533423
虽然	1711	0.00019445384891902	0.567253926382342
今后	1709	0.000194226550439862	0.567448152932782
最高	1708	0.000194112901200284	0.567642265833982
党员	1708	0.000194112901200284	0.567836378735182
儿童	1704	0.000193658304241969	0.568030037039424
爱	1703	0.000193544655002391	0.568223581694427
转	1702	0.000193431005762812	0.568417012700189
早	1700	0.000193203707283655	0.568610216407473
有效	1697	0.000192862759564919	0.568803079167038
对外	1694	0.000192521811846183	0.568995600978884
丰富	1694	0.000192521811846183	0.56918812279073
负责人	1691	0.000192180864127447	0.569380303654858
正式	1691	0.000192180864127447	0.569572484518985
某	1690	0.000192067214887869	0.569764551733873
素质	1687	0.000191726267169133	0.569956278001042
运输	1687	0.000191726267169133	0.570148004268211
参与	1687	0.000191726267169133	0.57033973053538
领域	1686	0.000191612617929554	0.57053134315331
切实	1685	0.000191498968689975	0.570722842122
股票	1684	0.000191385319450397	0.57091422744145
期间	1681	0.000191044371731661	0.571105271813182
地位	1678	0.000190703424012925	0.571295975237195
沿	1678	0.000190703424012925	0.571486678661208
厂长	1675	0.000190362476294189	0.571677041137502
健康	1673	0.000190135177815032	0.571867176315317
内部	1667	0.00018945328237756	0.572056629597695
终于	1666	0.000189339633137982	0.572245969230833
施工	1662	0.000188885036179667	0.572434854267012
特色	1652	0.000187748543783881	0.572622602810796
讨论	1652	0.000187748543783881	0.57281035135458
非常	1649	0.000187407596065145	0.572997758950645
报道	1648	0.000187293946825566	0.573185052897471
战略	1645	0.000186952999106831	0.573372005896578
应当	1641	0.000186498402148516	0.573558504298726
方法	1639	0.000186271103669359	0.573744775402396
较	1639	0.000186271103669359	0.573931046506065
平均	1639	0.000186271103669359	0.574117317609734
代	1639	0.000186271103669359	0.574303588713403
州	1638	0.00018615745442978	0.574489746167833
黄	1637	0.000186043805190202	0.574675789973023
带来	1636	0.000185930155950623	0.574861720128974
意识	1632	0.000185475558992309	0.575047195687966
以后	1631	0.00018536190975273	0.575232557597719
依法	1630	0.000185248260513151	0.575417805858232
革命	1629	0.000185134611273573	0.575602940469506
妇女	1629	0.000185134611273573	0.575788075080779
整个	1626	0.000184793663554837	0.575972868744334
已有	1625	0.000184680014315258	0.576157548758649
只要	1624	0.00018456636507568	0.576342115123725
通知	1621	0.000184225417356944	0.576526340541082
给予	1620	0.000184111768117365	0.576710452309199
进步	1619	0.000183998118877786	0.576894450428077
那些	1617	0.000183770820398629	0.577078221248476
讲话	1614	0.000183429872679893	0.577261651121156
多种	1610	0.000182975275721579	0.577444626396877
关键	1608	0.000182747977242422	0.57762737437412
制	1607	0.000182634328002843	0.577810008702123
现	1605	0.000182407029523686	0.577992415731646
小组	1604	0.000182293380284107	0.57817470911193
很大	1602	0.00018206608180495	0.578356775193735
金	1599	0.000181725134086214	0.578538500327821
交流	1597	0.000181497835607057	0.578719998163428
手段	1596	0.000181384186367478	0.578901382349796
上年	1596	0.000181384186367478	0.579082766536163
一样	1592	0.000180929589409164	0.579263696125573
人均	1592	0.000180929589409164	0.579444625714982
深化	1590	0.000180702290930006	0.579625328005912
不到	1589	0.000180588641690428	0.579805916647602
农户	1585	0.000180134044732113	0.579986050692334
当时	1583	0.000179906746252956	0.580165957438587
维护	1577	0.000179224850815484	0.580345182289403
从事	1574	0.000178883903096749	0.5805240661925
那么	1570	0.000178429306138434	0.580702495498638
根本	1569	0.000178315656898855	0.580880811155537
积极性	1568	0.000178202007659277	0.581059013163196
不会	1566	0.00017797470918012	0.581236987872376
加	1566	0.00017797470918012	0.581414962581556
转换	1566	0.00017797470918012	0.581592937290737
时期	1566	0.00017797470918012	0.581770911999917
状况	1560	0.000177292813742648	0.581948204813659
特别	1558	0.000177065515263491	0.582125270328923
产	1558	0.000177065515263491	0.582302335844186
产量	1552	0.000176383619826019	0.582478719464012
案	1551	0.00017626997058644	0.582654989434599
所以	1546	0.000175701724388547	0.582830691158987
卖	1544	0.00017547442590939	0.583006165584897
恢复	1540	0.000175019828951075	0.583181185413848
告诉	1539	0.000174906179711497	0.583356091593559
选择	1539	0.000174906179711497	0.583530997773271
特点	1536	0.000174565231992761	0.583705563005264
推进	1536	0.000174565231992761	0.583880128237256
领导人	1534	0.000174337933513604	0.58405446617077
城	1529	0.000173769687315711	0.584228235858086
正确	1528	0.000173656038076132	0.584401891896162
建筑	1528	0.000173656038076132	0.584575547934238
部队	1526	0.000173428739596975	0.584748976673835
转变	1526	0.000173428739596975	0.584922405413432
访问	1522	0.00017297414263866	0.585095379556071
种植	1520	0.000172746844159503	0.58526812640023
方案	1518	0.000172519545680346	0.585440645945911
治安	1516	0.000172292247201189	0.585612938193112
下降	1516	0.000172292247201189	0.585785230440313
现代	1514	0.000172064948722031	0.585957295389035
以色列	1514	0.000172064948722031	0.586129360337757
如今	1513	0.000171951299482453	0.586301311637239
条例	1508	0.00017138305328456	0.586472694690524
村民	1508	0.00017138305328456	0.586644077743808
宪法	1507	0.000171269404044981	0.586815347147853
职能	1506	0.000171155754805402	0.586986502902659
更加	1504	0.000170928456326245	0.587157431358985
广泛	1504	0.000170928456326245	0.587328359815311
吗	1503	0.000170814807086667	0.587499174622398
军	1503	0.000170814807086667	0.587669989429485
如此	1503	0.000170814807086667	0.587840804236571
表现	1502	0.000170701157847088	0.588011505394419
机遇	1500	0.000170473859367931	0.588181979253787
强	1499	0.000170360210128352	0.588352339463915
一点	1494	0.000169791963930459	0.588522131427845
运	1494	0.000169791963930459	0.588691923391776
各类	1490	0.000169337366972144	0.588861260758748
更多	1489	0.000169223717732566	0.58903048447648
多年	1488	0.000169110068492987	0.589199594544973
节	1488	0.000169110068492987	0.589368704613466
近年来	1486	0.00016888277001383	0.58953758738348
斗争	1483	0.000168541822295094	0.589706129205775
方针	1482	0.000168428173055515	0.589874557378831
期	1479	0.00016808722533678	0.590042644604168
分析	1478	0.000167973576097201	0.590210618180265
税	1475	0.000167632628378465	0.590378250808643
品种	1471	0.000167178031420151	0.590545428840063
多次	1470	0.000167064382180572	0.590712493222244
速度	1469	0.000166950732940993	0.590879443955185
贫困	1465	0.000166496135982679	0.591045940091168
坚决	1460	0.000165927889784786	0.591211867980952
阶段	1459	0.000165814240545207	0.591377682221498
波黑	1456	0.000165473292826471	0.591543155514324
协调	1455	0.000165359643586893	0.591708515157911
套	1453	0.000165132345107736	0.591873647503019
关心	1452	0.000165018695868157	0.592038666198887
高度	1447	0.000164450449670264	0.592203116648557
确定	1446	0.000164336800430685	0.592367453448988
刚	1440	0.000163654904993213	0.592531108353981
称	1437	0.000163313957274478	0.592694422311256
多少	1435	0.00016308665879532	0.592857508970051
每天	1435	0.00016308665879532	0.593020595628846
需求	1431	0.000162632061837006	0.593183227690683
效果	1427	0.000162177464878691	0.593345405155562
你们	1423	0.000161722867920377	0.593507128023482
损失	1423	0.000161722867920377	0.593668850891403
完全	1418	0.000161154621722484	0.593830005513125
句	1417	0.000161040972482905	0.593991046485608
确保	1417	0.000161040972482905	0.594152087458091
基层	1417	0.000161040972482905	0.594313128430574
物资	1416	0.000160927323243327	0.594474055753817
选举	1416	0.000160927323243327	0.594634983077061
考察	1415	0.000160813674003748	0.594795796751064
步	1414	0.000160700024764169	0.594956496775829
分配	1412	0.000160472726285012	0.595116969502114
优秀	1412	0.000160472726285012	0.595277442228399
收费	1411	0.000160359077045433	0.595437801305444
交易	1411	0.000160359077045433	0.59559816038249
道路	1411	0.000160359077045433	0.595758519459535
为主	1411	0.000160359077045433	0.595918878536581
拥有	1408	0.000160018129326698	0.596078896665907
广告	1406	0.00015979083084754	0.596238687496755
配套	1405	0.000159677181607962	0.596398364678363
尽管	1404	0.000159563532368383	0.596557928210731
消费者	1402	0.000159336233889226	0.59671726444462
挂	1402	0.000159336233889226	0.596876600678509
正常	1401	0.000159222584649647	0.597035823263159
面对	1400	0.000159108935410069	0.597194932198569
自身	1396	0.000158654338451754	0.597353586537021
原来	1396	0.000158654338451754	0.597512240875473
令人	1395	0.000158540689212176	0.597670781564685
专门	1393	0.000158313390733018	0.597829094955418
上升	1392	0.00015819974149344	0.597987294696911
因素	1392	0.00015819974149344	0.598145494438405
采访	1388	0.000157745144535125	0.59830323958294
朋友	1385	0.000157404196816389	0.598460643779756
优质	1384	0.000157290547576811	0.598617934327333
职业	1383	0.000157176898337232	0.59877511122567
矛盾	1383	0.000157176898337232	0.598932288124008
往	1380	0.000156835950618496	0.599089124074626
出席	1379	0.000156722301378918	0.599245846376005
体育	1379	0.000156722301378918	0.599402568677384
居民	1379	0.000156722301378918	0.599559290978763
步伐	1378	0.000156608652139339	0.599715899630902
辆	1378	0.000156608652139339	0.599872508283041
跑	1376	0.000156381353660182	0.600028889636701
派	1370	0.00015569945822271	0.600184589094924
股	1368	0.000155472159743553	0.600340061254668
东西	1367	0.000155358510503974	0.600495419765172
农	1363	0.00015490391354566	0.600650323678717
牌	1363	0.00015490391354566	0.600805227592263
坐	1360	0.000154562965826924	0.60095979055809
来说	1360	0.000154562965826924	0.601114353523917
走向	1356	0.000154108368868609	0.601268461892785
需	1356	0.000154108368868609	0.601422570261654
主动	1354	0.000153881070389452	0.601576451332044
能够	1353	0.000153767421149873	0.601730218753194
英国	1352	0.000153653771910295	0.601883872525104
只是	1351	0.000153540122670716	0.602037412647775
林	1350	0.000153426473431138	0.602190839121206
人士	1349	0.000153312824191559	0.602344151945397
越来越	1345	0.000152858227233245	0.60249701017263
用户	1345	0.000152858227233245	0.602649868399864
鼓励	1343	0.000152630928754087	0.602802499328618
工商	1341	0.00015240363027493	0.602954902958893
军事	1338	0.000152062682556194	0.603106965641449
科	1337	0.000151949033316616	0.603258914674765
突破	1337	0.000151949033316616	0.603410863708082
目的	1336	0.000151835384077037	0.603562699092159
议会	1332	0.000151380787118722	0.603714079879278
从而	1329	0.000151039839399987	0.603865119718678
保障	1329	0.000151039839399987	0.604016159558078
生命	1326	0.000150698891681251	0.604166858449759
院	1325	0.000150585242441672	0.604317443692201
奥运会	1324	0.000150471593202093	0.604467915285403
系	1323	0.000150357943962515	0.604618273229366
成员	1321	0.000150130645483358	0.604768403874849
时代	1320	0.000150016996243779	0.604918420871093
不要	1318	0.000149789697764622	0.605068210568857
供应	1318	0.000149789697764622	0.605218000266622
包	1312	0.00014910780232715	0.605367108068949
乱	1309	0.000148766854608414	0.605515874923557
引导	1307	0.000148539556129257	0.605664414479687
协会	1305	0.0001483122576501	0.605812726737337
当然	1304	0.000148198608410521	0.605960925345747
军队	1304	0.000148198608410521	0.606109123954158
机会	1304	0.000148198608410521	0.606257322562568
吧	1300	0.000147744011452207	0.60640506657402
其它	1299	0.000147630362212628	0.606552696936233
程度	1296	0.000147289414493892	0.606699986350727
以下	1295	0.000147175765254313	0.606847162115981
谈	1294	0.000147062116014735	0.606994224231996
拉	1294	0.000147062116014735	0.607141286348011
李鹏	1294	0.000147062116014735	0.607288348464026
少数民族	1293	0.000146948466775156	0.607435296930801
                                                                                                                                                                                                                                                                                                                                                                                                                                                                                                                                                                                                                                                                                                                                                                                                                                                                                                                                                                                                                                                                                                                                                                                                                                                                                                                                                                                                                                                                                                                                                                                                                                                                                                                                                                                                                                                                                                                                                                                                                                                                                                                                                                                                                                                                                                                                                                                                                                                                                                                                                                                                                                                                                                                                                                                                                                                                                                                                                                                                                                                                                                                                                                                                                                                                                                                                                                                                                                                                                                                                                                                                                                                                                                                                                                                                                                                                                                                                                                                                                                                                                                                                                                                                                                                                                                                                                                                                                                                                                                                                                                                                                                                                                                                                                                                                                                                                                                                                                                                                                                                                                                                                                                                                                                                                                                                                                                                                                                                                                                                                                                                                                                                                                                                                                                                                                                                                                                                                                                                                                                                                                                                                                                                                                                                                                                                                                                                                                                                                                                                                                                                                                                                                                                                                                                                                                                                                                                                                                                                                                                                                                                                                                                                                                                                                                                                                                                                                                                                                                                                                                                                                                                                                                                                                                                                                                                                                                                                                                                                                                                                                                                                                                                                                                                                                                                                                                                                                                                                                                                                                                                                                                                                                                                                                                                                                                                                                                                                                                                                                                                                                                                                                                                                                                                                                                                                                                                                                                                                                                                                                                                                                                                                                                                                                                                                                                                                                                                                                                                                                                                                                                                                                                                                                                                                                                                                                                                                                                                                                                                                                                                                                                                                                                                                                                                                                                                                                                                                                                                                                                                                                                                                                                                                                                                                                                                                                                                                                                                                                                                                                                                                                                                                                                                                                                                                                                                                                                                                                                                                                                                                                                                                                                                                                                                                                                                                                                                                                                                                                                                                                                                                                                                                                                                                                                                                                                                                                                                                                                                                                                                                                                                                                                                                                                                                                                                                                                                                                                                                                                                                                                                                                                                                                                                                                                                                                                                                                                                                                                                                                                                                                                                                                                                                                                                                                                                                                                                                                                                                                                                                                                                                                                                                                                                                                                                                                                                                                                                                                                                                                                                                                                                                                                                                                                                                                                                                                                                                                                                                                                                                                                                                         