的	559490	0.058513947171472	0.058513947171472
了	125170	0.0130908340943594	0.0716047812658315
在	120343	0.0125860050125229	0.0841907862783544
和	109680	0.0114708211509894	0.0956616074293438
是	81449	0.00851829788408949	0.104179905313433
个	47404	0.00495772069512674	0.10913762600856
为	46084	0.00481966923707326	0.113957295245633
有	45889	0.00479927527167899	0.118756570517312
上	43241	0.00452233568006867	0.123278906197381
他	41403	0.00433010948317299	0.127609015680554
中	39688	0.00415074717214138	0.131759762852695
我	39034	0.00408234894974216	0.135842111802438
这	37546	0.00392672730611823	0.139768839108556
发展	37329	0.00390403248308974	0.143672871591645
对	37263	0.00389712991018707	0.147570001501833
要	36193	0.00378522456161341	0.151355226063446
到	32161	0.00336354010792277	0.154718766171369
工作	31236	0.00326679950284742	0.157985565674216
等	30599	0.00320017921589282	0.161185744890109
人	29629	0.00309873231111109	0.16428447720122
也	28809	0.00301297307201726	0.167297450273237
元	28149	0.00294394734299052	0.170241397616228
地	27983	0.00292658632629592	0.173167983942524
不	27233	0.00284814799785644	0.17601613194038
与	26514	0.00277295178699246	0.178789083727373
多	25959	0.00271490742394724	0.18150399115132
企业	25724	0.00269033008103621	0.184194321232356
经济	25611	0.00267851203955132	0.186872833271907
说	24985	0.00261304218141384	0.189485875453321
省	23970	0.00250688897692574	0.191992764430247
就	23749	0.00248377581614558	0.194476540246393
着	22871	0.00239195067965243	0.196868490926045
以	22037	0.00230472725842773	0.199173218184473
从	21006	0.00219690070293292	0.201370118887406
年	19989	0.00209053832956899	0.203460657216975
将	19659	0.00205602546505562	0.20551668268203
已	19063	0.00199369314005571	0.207510375822086
我们	19010	0.00198815016484599	0.209498525986932
大	18776	0.00196367740637287	0.211462203393305
把	18632	0.00194861724731249	0.213410820640617
都	18446	0.0019291645418595	0.215339985182477
建设	18419	0.00192634076203568	0.217266325944513
来	18330	0.00191703274706086	0.219183358691573
后	17781	0.00185961589064316	0.221042974582217
市场	17618	0.00184256862726232	0.222885543209479
新	17570	0.00183754857424219	0.224723091783721
两	17423	0.00182217466186805	0.226545266445589
又	17319	0.00181129788032445	0.228356564325914
还	17276	0.00180680074949392	0.230163365075408
下	16674	0.00174384091786649	0.231907205993274
他们	16619	0.00173808877378093	0.233645294767055
而	16573	0.00173327788963664	0.235378572656692
国家	15771	0.00164940117042536	0.237027973827117
问题	15602	0.001631726400417	0.238659700227534
并	15530	0.00162419632088681	0.240283896548421
出	15377	0.00160819490188516	0.241892091450306
中国	15141	0.0015835129745362	0.243475604424842
生产	15094	0.00157859750595399	0.245054201930796
进行	14993	0.00156803447772414	0.24662223640852
好	14871	0.00155527517629799	0.248177511584818
向	14813	0.00154920927889867	0.249726720863717
使	14487	0.00151511475213697	0.251241835615854
时	13521	0.00141408618510693	0.252655921800961
被	13310	0.00139201886870595	0.254047940669667
她	13051	0.00136493149928485	0.255412872168952
之	13006	0.00136022519957848	0.25677309736853
管理	12746	0.00133303324571946	0.25810613061425
但	12564	0.00131399887801815	0.259420129492268
名	12559	0.00131347595582855	0.260733605448096
图片	12430	0.00129998456333696	0.262033590011433
社会	12232	0.00127927684462894	0.263312866856062
改革	12122	0.00126777255645782	0.26458063941252
部门	11983	0.00125323531958703	0.265833874732107
技术	11921	0.00124675108443604	0.267080625816543
由	11853	0.00123963934265752	0.268320265159201
里	11804	0.00123451470519948	0.2695547798644
领导	11579	0.00121098320666763	0.270765763071068
政府	11529	0.00120575398477167	0.271971517055839
该	11440	0.00119644596979685	0.273167963025636
你	11422	0.0011945634499143	0.27436252647555
次	11406	0.00119289009890759	0.275555416574458
教育	11365	0.0011886021369529	0.276744018711411
家	11288	0.00118054913523312	0.277924567846644
会	11212	0.00117260071795125	0.279097168564595
于	10723	0.00112145892780871	0.280218627492404
自己	10723	0.00112145892780871	0.281340086420213
全国	10569	0.00110535292436914	0.282445439344582
公司	10439	0.00109175694743963	0.283537196292021
组织	10439	0.00109175694743963	0.284628953239461
用	10380	0.00108558646560239	0.285714539705063
位	10350	0.00108244893246481	0.286796988637528
所	10237	0.00107063089097993	0.287867619528508
厂	10235	0.00107042172210409	0.288938041250612
给	10208	0.00106759794228027	0.290005639192893
得	9969	0.00104260226161755	0.29104824145451
提高	9927	0.00103820971522494	0.292086451169735
没有	9848	0.00102994754462932	0.293116398714364
起	9765	0.00102126703628201	0.294137665750646
干部	9757	0.00102043036077866	0.295158096111425
做	9755	0.00102022119190282	0.296178317303328
去	9723	0.0010168744898894	0.297195191793217
各	9594	0.00100338309739781	0.298198574890615
加强	9462	0.000989577951592465	0.299188152842208
种	9418	0.000984976236324016	0.300173129078532
几	9410	0.000984139560820662	0.301157268639352
县	9365	0.000979433261114293	0.302136701900467
其	9340	0.00097681865016631	0.303113520550633
农民	9338	0.000976609481290471	0.304090130031923
产品	9291	0.000971694012708264	0.305061824044632
活动	9182	0.00096029430897506	0.306022118353607
本	9181	0.000960189724537141	0.306982308078144
有关	9176	0.000959666802347544	0.307941974880491
群众	9160	0.000957993451340835	0.308899968331832
开发	9132	0.000955065087079095	0.309855033418911
人民	9056	0.000947116669797227	0.310802150088708
贵州	9038	0.00094523414991468	0.311747384238623
农村	8865	0.00092714104215464	0.312674525280778
作	8809	0.000921284313631159	0.313595809594409
同志	8751	0.000915218416231839	0.314511028010641
条	8628	0.000902354530367765	0.315413382541008
思想	8617	0.000901204101550653	0.316314586642559
及	8559	0.000895138204151333	0.31720972484671
天	8491	0.00088802646237282	0.318097751309083
建立	8488	0.000887712709059062	0.318985464018142
情况	8351	0.000873384641064117	0.319858848659206
能	8310	0.000869096679109426	0.320727945338316
一些	8276	0.00086554080822017	0.321593486146536
要求	8268	0.000864704132716815	0.322458190279253
可	8229	0.000860625339637962	0.323318815618891
过	8224	0.000860102417448366	0.324178918036339
那	8104	0.000847552284898049	0.325026470321237
重要	7989	0.000835525074537329	0.325861995395775
会议	7783	0.000813980680325952	0.326675976076101
小	7689	0.000804149743161537	0.327480125819262
这个	7660	0.000801116794461878	0.328281242613724
通过	7637	0.000798711352389734	0.329079953966114
职工	7613	0.00079620132587967	0.329876155291993
或	7610	0.000795887572565912	0.330672042864559
资金	7520	0.000786474973153175	0.331458517837712
党	7489	0.000783232855577676	0.33224175069329
今年	7443	0.000778421971433388	0.333020172664724
经营	7418	0.000775807360485406	0.333795980025209
地区	7401	0.000774029425040778	0.33457000945025
方面	7284	0.000761793045804219	0.335331802496054
服务	7253	0.00075855092822872	0.336090353424283
比	7247	0.000757923421601204	0.336848276845884
社会主义	7199	0.000752903368581078	0.337601180214465
工程	7193	0.000752275861953562	0.338353456076419
达	7188	0.000751752939763965	0.339105209016183
村	7175	0.000750393342071015	0.339855602358254
单位	7158	0.000748615406626386	0.34060421776488
投资	7136	0.000746314548992162	0.341350532313872
同时	7095	0.00074202658703747	0.34209255890091
农业	7076	0.000740039482717003	0.342832598383627
科技	7073	0.000739725729403245	0.34357232411303
我国	7045	0.000736797365141505	0.344309121478171
生活	7011	0.000733241494252248	0.345042362972424
内	6944	0.000726234336911655	0.345768597309335
解决	6887	0.000720273023950255	0.346488870333285
关系	6805	0.000711697100040872	0.347200567433326
制度	6779	0.00070897790465497	0.347909545337981
据	6770	0.000708036644713696	0.348617581982695
基础	6722	0.000703016591693569	0.349320598574389
民族	6690	0.000699669889680151	0.350020268464069
目前	6653	0.000695800265477137	0.350716068729546
本报讯	6652	0.000695695681039218	0.351411764410585
提出	6628	0.000693185654529155	0.352104950065114
学习	6596	0.000689838952515737	0.35279478901763
人员	6589	0.000689106861450302	0.35348389587908
前	6571	0.000687224341567754	0.354171120220648
世界	6570	0.000687119757129835	0.354858239977778
文化	6552	0.000685237237247287	0.355543477215025
项	6534	0.00068335471736474	0.35622683193239
规定	6534	0.00068335471736474	0.356910186649755
增长	6531	0.000683040964050982	0.357593227613806
第一	6524	0.000682308872985547	0.358275536486791
去年	6487	0.000678439248782533	0.358953975735574
这些	6461	0.000675720053396631	0.35962969578897
主要	6437	0.000673210026886567	0.360302905815857
就是	6414	0.000670804584814423	0.360973710400671
可以	6360	0.000665157025166781	0.361638867425838
亩	6287	0.000657522361198672	0.362296389787037
电	6271	0.000655849010191963	0.362952238797229
全省	6226	0.000651142710485594	0.363603381507714
精神	6189	0.00064727308628258	0.364250654593997
市	6178	0.000646122657465467	0.364896777251462
项目	6169	0.000645181397524194	0.365541958648987
开展	6158	0.000644030968707081	0.366185989617694
国际	6149	0.000643089708765807	0.366829079326459
却	6143	0.000642462202138292	0.367471541528598
看	6096	0.000637546733556084	0.368109088262154
更	6092	0.000637128395804407	0.368746216657958
学生	6088	0.00063671005805273	0.369382926716011
成为	6078	0.000635664213673537	0.370018590929685
参加	6066	0.000634409200418505	0.370653000130103
美国	6066	0.000634409200418505	0.371287409330522
办	6044	0.00063210834278428	0.371919517673306
质量	6041	0.000631794589470523	0.372551312262776
研究	6021	0.000629702900712136	0.373181015163489
记者	6014	0.000628970809646701	0.373809985973135
必须	6013	0.000628866225208782	0.374438852198344
积极	6000	0.000627506627515831	0.37506635882586
很	5988	0.000626251614260799	0.375692610440121
新闻	5963	0.000623637003312817	0.376316247443433
实现	5958	0.00062311408112322	0.376939361524557
进一步	5942	0.000621440730116511	0.377560802254673
它	5936	0.000620813223488995	0.378181615478162
作为	5834	0.000610145610821226	0.378791761088983
增加	5779	0.000604393466735664	0.379396154555719
开始	5766	0.000603033869042714	0.379999188424762
应	5674	0.000593412100754137	0.380592600525516
外	5649	0.000590797489806155	0.381183398015322
完成	5642	0.00059006539874072	0.381773463414063
需要	5641	0.0005899608143028	0.382363424228366
政策	5634	0.000589228723237365	0.382952652951603
当	5633	0.000589124138799446	0.383541777090402
成	5631	0.000588914969923607	0.384130692060326
这样	5626	0.000588392047734011	0.38471908410806
由于	5608	0.000586509527851463	0.385305593635911
任务	5578	0.000583371994713884	0.385888965630625
各级	5548	0.000580234461576305	0.386469200092202
以上	5534	0.000578770279445435	0.387047970371647
决定	5507	0.000575946499621614	0.387623916871269
走	5507	0.000575946499621614	0.38819986337089
条件	5501	0.000575318992994098	0.388775182363884
市场经济	5483	0.00057343647311155	0.389348618836996
高	5477	0.000572808966484034	0.38992142780348
实行	5473	0.000572390628732357	0.390493818432212
今天	5453	0.000570298939973971	0.391064117372186
措施	5448	0.000569776017784374	0.391633893389971
学校	5424	0.000567265991274311	0.392201159381245
时间	5407	0.000565488055829683	0.392766647437075
户	5352	0.000559735911744121	0.393326383348819
让	5352	0.000559735911744121	0.393886119260563
取得	5338	0.000558271729613251	0.394444390990176
贵阳	5336	0.000558062560737412	0.395002453550914
认为	5316	0.000555970871979026	0.395558424422893
坚持	5305	0.000554820443161914	0.396113244866054
同	5284	0.000552624169965608	0.39666586903602
作用	5262	0.000550323312331384	0.397216192348351
地方	5243	0.000548336208010917	0.397764528556362
实施	5240	0.000548022454697159	0.39831255101106
最	5198	0.000543629908304548	0.398856180919364
占	5179	0.000541642803984081	0.399397823723348
以来	5171	0.000540806128480727	0.399938629851829
努力	5147	0.000538296101970664	0.4004769259538
北京	5133	0.000536831919839793	0.401013757873639
届	5103	0.000533694386702214	0.401547452260342
重点	5047	0.000527837658178733	0.40207528991852
为了	5017	0.000524700125041154	0.402599990043561
万	5014	0.000524386371727396	0.403124376415289
促进	5013	0.000524281787289477	0.403648658202578
至	4998	0.000522713020720687	0.404171371223299
乡	4997	0.000522608436282768	0.404693979659582
稳定	4996	0.000522503851844849	0.405216483511427
新华社	4977	0.000520516747524382	0.405737000258951
水平	4945	0.000517170045510964	0.406254170304462
区	4899	0.000512359161366676	0.406766529465829
再	4896	0.000512045408052918	0.407278574873881
只	4881	0.000510476641484128	0.407789051515366
形成	4872	0.000509535381542855	0.408298586896908
岁	4870	0.000509326212667016	0.408807913109575
计划	4861	0.000508384952725742	0.409316298062301
不能	4853	0.000507548277222388	0.409823846339524
抓	4846	0.000506816186156953	0.410330662525681
政治	4833	0.000505456588464002	0.410836119114145
收入	4827	0.000504829081836486	0.411340948195981
工业	4806	0.000502632808640181	0.411843581004621
贵阳市	4771	0.000498972353313005	0.412342553357934
近	4765	0.000498344846685489	0.41284089820462
宣传	4715	0.000493115624789524	0.413334013829409
便	4699	0.000491442273782815	0.413825456103192
合作	4697	0.000491233104906976	0.414316689208099
以及	4695	0.000491023936031138	0.41480771314413
人们	4671	0.000488513909521074	0.415296227053651
自	4657	0.000487049727390204	0.415783276781041
采取	4638	0.000485062623069737	0.416268339404111
现在	4638	0.000485062623069737	0.416753402027181
这种	4623	0.000483493856500948	0.417236895883682
如	4614	0.000482552596559674	0.417719448480242
代表	4590	0.000480042570049611	0.418199491050291
举行	4584	0.000479415063422095	0.418678906113713
其中	4553	0.000476172945846596	0.41915507905956
根据	4459	0.000466342008682182	0.419621421068242
加快	4455	0.000465923670930504	0.420087344739173
点	4449	0.000465296164302989	0.420552640903476
报	4439	0.000464250319923796	0.421016891223399
部	4433	0.00046362281329628	0.421480514036696
体制	4430	0.000463309059982522	0.421943823096678
提供	4429	0.000463204475544603	0.422407027572223
钱	4418	0.00046205404672749	0.42286908161895
山	4398	0.000459962357969104	0.423329043976919
带	4388	0.000458916513589911	0.423787960490509
镇	4387	0.000458811929151992	0.424246772419661
理论	4376	0.000457661500334879	0.424704433919996
因	4367	0.000456720240393606	0.42516115416039
继续	4356	0.000455569811576493	0.425616723971966
商品	4345	0.000454419382759381	0.426071143354726
发生	4344	0.000454314798321462	0.426525458153047
得到	4339	0.000453791876131865	0.426979250029179
资源	4335	0.000453373538380188	0.427432623567559
希望	4326	0.000452432278438914	0.427885055845998
分	4323	0.000452118525125156	0.428337174371123
发挥	4320	0.000451804771811398	0.428788979142935
利用	4320	0.000451804771811398	0.429240783914746
才	4296	0.000449294745301335	0.429690078660047
各种	4274	0.00044699388766711	0.430137072547714
部分	4268	0.000446366381039594	0.430583438928754
不断	4256	0.000445111367784563	0.431028550296539
无	4242	0.000443647185653692	0.431472197482192
认真	4233	0.000442705925712419	0.431914903407905
起来	4225	0.000441869250209064	0.432356772658114
机关	4220	0.000441346328019468	0.432798118986133
结合	4219	0.000441241743581548	0.433239360729715
基本	4212	0.000440509652516113	0.433679870382231
历史	4182	0.000437372119378534	0.43411724250161
全	4172	0.000436326274999341	0.434553568776609
吨	4165	0.000435594183933906	0.434989162960543
许多	4162	0.000435280430620148	0.435424443391163
共	4140	0.000432979572985923	0.435857422964149
出现	4138	0.000432770404110085	0.436290193368259
乡镇企业	4128	0.000431724559730892	0.43672191792799
目标	4120	0.000430887884227537	0.437152805812217
按	4112	0.000430051208724183	0.437582857020942
一定	4104	0.000429214533220828	0.438012071554162
仅	4077	0.000426390753397007	0.438438462307559
支持	4064	0.000425031155704056	0.438863493463264
环境	4050	0.000423566973573186	0.439287060436837
事业	4047	0.000423253220259428	0.439710313657096
日	4046	0.000423148635821509	0.440133462292918
长	4045	0.000423044051383589	0.440556506344301
第二	4034	0.000421893622566477	0.440978399966868
场	4024	0.000420847778187284	0.441399247745055
青年	4022	0.000420638609311445	0.441819886354366
米	4018	0.000420220271559768	0.442240106625926
水	4010	0.000419383596056414	0.442659490221983
实际	4004	0.000418756089428898	0.443078246311412
余	3988	0.000417082738422189	0.443495329049834
人才	3987	0.00041697815398427	0.443912307203818
什么	3966	0.000414781880787964	0.444327089084606
表示	3955	0.000413631451970852	0.444740720536577
处	3937	0.000411748932088304	0.445152469468665
已经	3915	0.00040944807445408	0.445561917543119
局	3906	0.000408506814512806	0.445970424357632
价格	3894	0.000407251801257774	0.44637767615889
经过	3891	0.000406938047944016	0.446784614206834
具有	3872	0.00040495094362355	0.447189565150457
个人	3871	0.00040484635918563	0.447594411509643
销售	3850	0.000402650085989325	0.447997061595632
则	3844	0.000402022579361809	0.448399084174994
城市	3842	0.00040181341048597	0.44880089758548
路	3840	0.000401604241610132	0.44920250182709
教师	3817	0.000399198799537988	0.449601700626628
有的	3813	0.000398780461786311	0.450000481088414
投入	3804	0.000397839201845037	0.45039832029026
经	3796	0.000397002526341682	0.450795322816601
想	3788	0.000396165850838328	0.45119148866744
保证	3784	0.000395747513086651	0.451587236180526
影响	3747	0.000391877888883636	0.45197911406941
曾	3741	0.000391250382256121	0.452370364451666
机构	3726	0.000389681615687331	0.452760046067353
事	3724	0.000389472446811492	0.453149518514165
月	3724	0.000389472446811492	0.453538990960976
法律	3696	0.000386544082549752	0.453925535043526
落实	3682	0.000385079900418882	0.454310614943945
正在	3680	0.000384870731543043	0.454695485675488
搞	3674	0.000384243224915527	0.455079728900403
公斤	3658	0.000382569873908818	0.455462298774312
困难	3655	0.00038225612059506	0.455844554894907
发现	3639	0.000380582769588351	0.456225137664496
充分	3639	0.000380582769588351	0.456605720434084
这次	3637	0.000380373600712513	0.456986094034796
先进	3625	0.000379118587457481	0.457365212622254
关于	3613	0.00037786357420245	0.457743076196456
中心	3604	0.000376922314261176	0.458119998510718
过去	3601	0.000376608560947418	0.458496607071665
效益	3594	0.000375876469881983	0.458872483541547
帮助	3574	0.000373784781123597	0.459246268322671
广大	3567	0.000373052690058162	0.459619321012729
优势	3567	0.000373052690058162	0.459992373702787
进	3566	0.000372948105620242	0.460365321808407
安全	3563	0.000372634352306484	0.460737956160714
改革开放	3560	0.000372320598992726	0.461110276759706
打	3559	0.000372216014554807	0.461482492774261
全面	3558	0.000372111430116888	0.461854604204378
国务院	3555	0.00037179767680313	0.462226401881181
粮食	3534	0.000369601403606824	0.462596003284788
这里	3530	0.000369183065855147	0.462965186350643
检查	3524	0.000368555559227631	0.463333741909871
批	3523	0.000368450974789712	0.46370219288466
正	3518	0.000367928052600116	0.464070120937261
重视	3511	0.00036719596153468	0.464437316898795
老	3507	0.000366777623783003	0.464804094522578
责任	3491	0.000365104272776294	0.465169198795355
件	3456	0.000361443817449119	0.465530642612804
其他	3454	0.00036123464857328	0.465891877261377
十分	3445	0.000360293388632006	0.466252170650009
香港	3425	0.00035820169987362	0.466610372349883
指出	3415	0.000357155855494427	0.466967528205377
办法	3400	0.000355587088925638	0.467323115294303
共同	3389	0.000354436660108525	0.467677551954411
成立	3383	0.000353809153481009	0.468031361107892
使用	3380	0.000353495400167251	0.468384856508059
扩大	3378	0.000353286231291413	0.468738142739351
统一	3376	0.000353077062415574	0.469091219801766
非	3374	0.000352867893539736	0.469444087695306
像	3372	0.000352658724663897	0.46979674641997
不仅	3366	0.000352031218036381	0.470148777638006
只有	3341	0.000349416607088399	0.470498194245095
找	3339	0.00034920743821256	0.470847401683307
达到	3339	0.00034920743821256	0.47119660912152
即	3326	0.000347847840519609	0.47154445696204
车	3302	0.000345337814009546	0.471889794776049
不是	3291	0.000344187385192433	0.472233982161241
中央	3288	0.000343873631878675	0.47257785579312
总	3284	0.000343455294126998	0.472921311087247
写	3260	0.000340945267616935	0.473262256354864
号	3250	0.000339899423237742	0.473602155778102
分别	3250	0.000339899423237742	0.47394205520134
处理	3243	0.000339167332172307	0.474281222533512
能力	3230	0.000337807734479356	0.474619030267991
解放	3223	0.000337075643413921	0.474956105911405
随	3222	0.000336971058976001	0.475293076970381
进入	3217	0.000336448136786405	0.475629525107167
而且	3216	0.000336343552348485	0.475965868659516
保护	3210	0.00033571604572097	0.476301584705237
日本	3191	0.000333728941400503	0.476635313646637
每	3191	0.000333728941400503	0.476969042588038
执行	3186	0.000333206019210906	0.477302248607249
没	3184	0.000332996850335068	0.477635245457584
组	3172	0.000331741837080036	0.477966987294664
严重	3171	0.000331637252642117	0.478298624547306
数	3166	0.00033111433045252	0.478629738877759
获得	3161	0.000330591408262924	0.478960330286021
各地	3158	0.000330277654949166	0.479290607940971
因此	3155	0.000329963901635408	0.479620571842606
孩子	3153	0.000329754732759569	0.479950326575366
未	3152	0.00032965014832165	0.480279976723687
吃	3148	0.000329231810569973	0.480609208534257
级	3143	0.000328708888380376	0.480937917422638
见	3142	0.000328604303942457	0.48126652172658
科学	3133	0.000327663044001183	0.481594184770581
抓好	3131	0.000327453875125344	0.481921638645707
还有	3124	0.000326721784059909	0.482248360429766
结构	3122	0.000326512615184071	0.482574873044951
讨论	3115	0.000325780524118636	0.482900653569069
制定	3114	0.000325675939680716	0.48322632950875
因为	3109	0.00032515301749112	0.483551482526241
书记	3086	0.000322747575418976	0.48387423010166
认识	3079	0.000322015484353541	0.484196245586014
竞争	3076	0.000321701731039783	0.484517947317053
贯彻	3076	0.000321701731039783	0.484839649048093
经验	3076	0.000321701731039783	0.485161350779133
双	3070	0.000321074224412267	0.485482425003545
成绩	3067	0.000320760471098509	0.485803185474644
召开	3049	0.000318877951215961	0.48612206342586
指导	3048	0.000318773366778042	0.486440836792638
增强	3040	0.000317936691274688	0.486758773483912
如果	3040	0.000317936691274688	0.487076710175187
片	3034	0.000317309184647172	0.487394019359834
开	3020	0.000315845002516302	0.48770986436235
还是	3018	0.000315635833640463	0.488025500195991
手	3011	0.000314903742575028	0.488340403938566
学	2996	0.000313334976006238	0.488653738914572
监督	2973	0.000310929533934094	0.488964668448506
邓小平	2968	0.000310406611744498	0.489275075060251
方	2963	0.000309883689554901	0.489584958749806
党委	2963	0.000309883689554901	0.489894842439361
产业	2961	0.000309674520679063	0.49020451696004
站	2947	0.000308210338548192	0.490512727298588
花	2944	0.000307896585234434	0.490820623883822
此	2927	0.000306118649789806	0.491126742533612
台	2923	0.000305700312038129	0.49143244284565
行政	2920	0.000305386558724371	0.491737829404375
国	2909	0.000304236129907259	0.492042065534282
受到	2908	0.000304131545469339	0.492346197079751
交通	2901	0.000303399454403904	0.492649596534155
书	2901	0.000303399454403904	0.492952995988559
按照	2893	0.00030256277890055	0.493255558767459
重大	2890	0.000302249025586792	0.493557807793046
土地	2889	0.000302144441148873	0.493859952234195
贫困	2889	0.000302144441148873	0.494162096675344
不同	2889	0.000302144441148873	0.494464241116493
百	2881	0.000301307765645518	0.494765548882138
省委	2871	0.000300261921266325	0.495065810803405
每年	2867	0.000299843583514648	0.495365654386919
公路	2863	0.000299425245762971	0.495665079632682
基地	2859	0.000299006908011293	0.495964086540694
专业	2857	0.000298797739135455	0.496262884279829
成功	2854	0.000298483985821697	0.496561368265651
调整	2847	0.000297751894756262	0.496859120160407
业务	2828	0.000295764790435795	0.497154884950843
深入	2827	0.000295660205997876	0.497450545156841
双方	2826	0.000295555621559956	0.497746100778401
系统	2818	0.000294718946056602	0.498040819724457
买	2816	0.000294509777180763	0.498335329501638
头	2804	0.000293254763925732	0.498628584265564
不少	2800	0.000292836426174054	0.498921420691738
保持	2799	0.000292731841736135	0.499214152533474
比赛	2793	0.000292104335108619	0.499506256868583
设备	2791	0.000291895166232781	0.499798152034815
培训	2786	0.000291372244043184	0.500089524278859
培养	2777	0.00029043098410191	0.50037995526296
都是	2774	0.000290117230788153	0.500670072493749
扶贫	2772	0.000289908061912314	0.500959980555661
看到	2770	0.000289698893036475	0.501249679448697
各项	2769	0.000289594308598556	0.501539273757296
内容	2767	0.000289385139722717	0.501828658897019
仍	2762	0.000288862217533121	0.502117521114552
劳动	2758	0.000288443879781444	0.502405964994333
形势	2754	0.000288025542029766	0.502693990536363
队	2752	0.000287816373153928	0.502981806909517
开放	2751	0.000287711788716008	0.503269518698233
全部	2737	0.000286247606585138	0.503555766304818
利益	2735	0.0002860384377093	0.503841804742527
创造	2733	0.000285829268833461	0.504127634011361
机制	2729	0.000285410931081784	0.504413044942443
获	2727	0.000285201762205945	0.504698246704648
党员	2722	0.000284678840016349	0.504982925544665
依法	2705	0.00028290090457172	0.505265826449237
受	2704	0.000282796320133801	0.50554862276937
传统	2702	0.000282587151257963	0.505831209920628
靠	2701	0.000282482566820043	0.506113692487448
原则	2700	0.000282377982382124	0.506396070469831
话	2698	0.000282168813506285	0.506678239283337
均	2696	0.000281959644630447	0.506960198927967
大力	2689	0.000281227553565012	0.507241426481532
特别是	2688	0.000281122969127092	0.507522549450659
第三	2687	0.000281018384689173	0.507803567835349
联合	2686	0.000280913800251254	0.5080844816356
干	2680	0.000280286293623738	0.508364767929224
介绍	2678	0.000280077124747899	0.508644845053971
公里	2673	0.000279554202558303	0.50892439925653
了解	2670	0.000279240449244545	0.509203639705774
建	2670	0.000279240449244545	0.509482880155019
专家	2669	0.000279135864806625	0.509762016019826
全县	2668	0.000279031280368706	0.510041047300194
行	2665	0.000278717527054948	0.510319764827249
调查	2660	0.000278194604865352	0.510597959432115
两国	2656	0.000277776267113674	0.510875735699228
集体	2626	0.000274638733976095	0.511150374433204
负责	2625	0.000274534149538176	0.511424908582742
意见	2621	0.000274115811786499	0.511699024394529
信息	2611	0.000273069967407306	0.511972094361936
安排	2610	0.000272965382969386	0.512245059744906
总统	2609	0.000272860798531467	0.512517920543437
联系	2599	0.000271814954152274	0.512789735497589
院	2593	0.000271187447524758	0.513060922945114
几个	2586	0.000270455356459323	0.513331378301573
逐步	2579	0.000269723265393888	0.513601101566967
委员会	2577	0.000269514096518049	0.513870615663485
贵州省	2570	0.000268782005452614	0.514139397668938
先后	2566	0.000268363667700937	0.514407761336639
规模	2563	0.000268049914387179	0.514675811251026
成果	2558	0.000267526992197583	0.514943338243224
如何	2555	0.000267213238883825	0.515210551482107
良好	2545	0.000266167394504632	0.515476718876612
呢	2540	0.000265644472315035	0.515742363348927
强调	2538	0.000265435303439196	0.516007798652366
艺术	2533	0.0002649123812496	0.516272711033616
知识	2509	0.000262402354739537	0.516535113388355
既	2508	0.000262297770301617	0.516797411158657
段	2508	0.000262297770301617	0.517059708928959
形式	2504	0.00026187943254994	0.517321588361509
报告	2491	0.000260519834856989	0.517582108196366
一起	2489	0.000260310665981151	0.517842418862347
谁	2487	0.000260101497105312	0.518102520359452
家庭	2486	0.000259996912667393	0.518362517272119
存在	2485	0.000259892328229473	0.518622409600349
讲	2483	0.000259683159353635	0.518882092759703
快	2470	0.000258323561660684	0.519140416321363
美	2467	0.000258009808346926	0.51939842612971
标准	2465	0.000257800639471087	0.519656226769181
优秀	2465	0.000257800639471087	0.519914027408652
自然	2463	0.000257591470595249	0.520171618879248
大家	2459	0.000257173132843571	0.520428792012091
入	2450	0.000256231872902298	0.520685023884993
酒	2450	0.000256231872902298	0.520941255757896
放	2448	0.000256022704026459	0.521197278461922
及时	2448	0.000256022704026459	0.521453301165949
江泽民	2447	0.00025591811958854	0.521709219285537
面积	2446	0.00025581353515062	0.521965032820688
心	2443	0.000255499781836863	0.522220532602525
美元	2437	0.000254872275209347	0.522475404877734
行为	2430	0.000254140184143912	0.522729545061878
图	2429	0.000254035599705992	0.522983580661584
改善	2426	0.000253721846392234	0.523237302507976
实践	2424	0.000253512677516396	0.523490815185492
教学	2424	0.000253512677516396	0.523744327863009
贡献	2420	0.000253094339764718	0.523997422202774
最近	2418	0.00025288517088888	0.524250307373662
女	2416	0.000252676002013041	0.524502983375675
长期	2415	0.000252571417575122	0.524755554793251
叫	2411	0.000252153079823445	0.525007707873074
请	2408	0.000251839326509687	0.525259547199584
份	2405	0.000251525573195929	0.52551107277278
规划	2400	0.000251002651006332	0.525762075423786
现代	2395	0.000250479728816736	0.526012555152603
之间	2377	0.000248597208934188	0.526261152361537
方式	2368	0.000247655948992915	0.52650880831053
力量	2365	0.000247342195679157	0.526756150506209
接	2364	0.000247237611241237	0.52700338811745
少	2362	0.000247028442365399	0.527250416559816
包括	2360	0.00024681927348956	0.527497235833305
人口	2359	0.000246714689051641	0.527743950522357
财政	2358	0.000246610104613722	0.527990560626971
具体	2356	0.000246400935737883	0.528236961562709
村民	2351	0.000245878013548286	0.528482839576257
素质	2349	0.000245668844672448	0.528728508420929
健康	2337	0.000244413831417416	0.528972922252347
造成	2336	0.000244309246979497	0.529217231499326
搞好	2335	0.000244204662541578	0.529461436161868
之一	2335	0.000244204662541578	0.529705640824409
住	2329	0.000243577155914062	0.529949217980323
严格	2327	0.000243367987038223	0.530192585967362
原因	2325	0.000243158818162384	0.530435744785524
过程	2323	0.000242949649286546	0.53067869443481
当前	2322	0.000242845064848627	0.530921539499659
结束	2318	0.000242426727096949	0.531163966226756
委	2318	0.000242426727096949	0.531406392953853
最后	2310	0.000241590051593595	0.531647983005447
或者	2305	0.000241067129403998	0.531889050134851
综合	2300	0.000240544207214402	0.532129594342065
当地	2298	0.000240335038338563	0.532369929380404
完善	2297	0.000240230453900644	0.532610159834304
国内	2295	0.000240021285024805	0.532850181119329
字	2293	0.000239812116148967	0.533089993235478
队伍	2288	0.00023928919395937	0.533329282429437
行动	2284	0.000238870856207693	0.533568153285645
现代化	2278	0.000238243349580177	0.533806396635225
但是	2276	0.000238034180704339	0.534044430815929
广告	2273	0.000237720427390581	0.53428215124332
回	2271	0.000237511258514742	0.534519662501835
集中	2270	0.000237406674076823	0.534757069175912
行业	2269	0.000237302089638903	0.53499437126555
间	2268	0.000237197505200984	0.535231568770752
公告	2266	0.000236988336325145	0.535468557107077
改造	2265	0.000236883751887226	0.535705440858964
产生	2258	0.000236151660821791	0.535941592519786
产值	2255	0.000235837907508033	0.536177430427294
问	2251	0.000235419569756356	0.53641284999705
妇女	2250	0.000235314985318437	0.536648164982369
犯罪	2249	0.000235210400880517	0.536883375383249
支	2248	0.000235105816442598	0.537118481199692
块	2247	0.000235001232004679	0.537353482431696
应当	2240	0.000234269140939244	0.537587751572636
于是	2238	0.000234059972063405	0.537821811544699
上海	2238	0.000234059972063405	0.538055871516762
观念	2233	0.000233537049873808	0.538289408566636
旅游	2231	0.00023332788099797	0.538522736447634
汽车	2226	0.000232804958808373	0.538755541406443
原	2226	0.000232804958808373	0.538988346365251
医院	2224	0.000232595789932535	0.539220942155183
主席	2222	0.000232386621056696	0.53945332877624
校	2222	0.000232386621056696	0.539685715397297
推广	2215	0.000231654529991261	0.539917369927288
人均	2214	0.000231549945553342	0.540148919872842
接受	2210	0.000231131607801664	0.540380051480643
组成	2210	0.000231131607801664	0.540611183088445
作品	2206	0.000230713270049987	0.540841896358495
设施	2204	0.000230504101174149	0.541072400459669
贸易	2202	0.00023029493229831	0.541302695391967
比较	2198	0.000229876594546633	0.541532571986514
面	2197	0.000229772010108713	0.541762343996623
台湾	2195	0.000229562841232875	0.541991906837856
之后	2191	0.000229144503481198	0.542221051341337
一切	2190	0.000229039919043278	0.54245009126038
引进	2189	0.000228935334605359	0.542679026594985
消费者	2188	0.00022883075016744	0.542907857345153
门	2187	0.00022872616572952	0.543136583510882
设计	2178	0.000227784905788247	0.543364368416671
直接	2174	0.000227366568036569	0.543591734984707
结果	2173	0.00022726198359865	0.543818996968306
准备	2171	0.000227052814722812	0.544046049783029
批准	2171	0.000227052814722812	0.544273102597752
大量	2167	0.000226634476971134	0.544499737074723
小组	2164	0.000226320723657376	0.54472605779838
张	2161	0.000226006970343618	0.544952064768724
电话	2155	0.000225379463716103	0.54517744423244
丰富	2155	0.000225379463716103	0.545402823696156
变化	2151	0.000224961125964425	0.54562778482212
来到	2148	0.000224647372650667	0.545852432194771
道	2148	0.000224647372650667	0.546077079567422
儿童	2146	0.000224438203774829	0.546301517771197
农户	2146	0.000224438203774829	0.546525955974971
才能	2142	0.000224019866023152	0.546749975840995
乡镇	2134	0.000223183190519797	0.546973159031514
到了	2132	0.000222974021643959	0.547196133053158
发表	2132	0.000222974021643959	0.547419107074802
和平	2131	0.000222869437206039	0.547641976512008
爱	2127	0.000222451099454362	0.547864427611463
真	2125	0.000222241930578523	0.548086669542041
明确	2122	0.000221928177264766	0.548308597719306
贷款	2119	0.000221614423951008	0.548530212143257
现象	2118	0.000221509839513088	0.54875172198277
深化	2117	0.000221405255075169	0.548973127237845
最大	2116	0.00022130067063725	0.549194427908483
送	2111	0.000220777748447653	0.54941520565693
发	2109	0.000220568579571815	0.549635774236502
除	2106	0.000220254826258057	0.54985602906276
引起	2105	0.000220150241820137	0.55007617930458
任何	2104	0.000220045657382218	0.550296224961962
维护	2101	0.00021973190406846	0.550515956866031
班	2099	0.000219522735192622	0.550735479601223
然而	2094	0.000218999813003025	0.550954479414226
建成	2093	0.000218895228565106	0.551173374642792
一直	2090	0.000218581475251348	0.551391956118043
线	2089	0.000218476890813428	0.551610433008856
明显	2086	0.000218163137499671	0.551828596146356
负责人	2077	0.000217221877558397	0.552045818023914
州	2073	0.00021680353980672	0.552262621563721
推动	2072	0.0002166989553688	0.55247932051909
身	2070	0.000216489786492962	0.552695810305583
机	2062	0.000215653110989607	0.552911463416572
价值	2057	0.000215130188800011	0.553126593605372
协议	2054	0.000214816435486253	0.553341410040859
适应	2054	0.000214816435486253	0.553556226476345
太	2054	0.000214816435486253	0.553771042911831
经济效益	2052	0.000214607266610414	0.553985650178442
多个	2047	0.000214084344420818	0.554199734522862
突出	2045	0.000213875175544979	0.554413609698407
应该	2042	0.000213561422231221	0.554627171120639
战略	2039	0.000213247668917463	0.554840418789556
连	2037	0.000213038500041625	0.555053457289598
甚至	2032	0.000212515577852028	0.55526597286745
有效	2024	0.000211678902348674	0.555477651769798
烟	2024	0.000211678902348674	0.555689330672147
六	2022	0.000211469733472835	0.55590080040562
抓住	2020	0.000211260564596996	0.556112060970217
反映	2019	0.000211155980159077	0.556323216950376
座	2019	0.000211155980159077	0.556534372930535
工资	2007	0.000209900966904045	0.556744273897439
八	2004	0.000209587213590288	0.556953861111029
所有	1998	0.000208959706962772	0.557162820817992
相	1989	0.000208018447021498	0.557370839265014
出来	1985	0.000207600109269821	0.557578439374283
大会	1984	0.000207495524831901	0.557785934899115
案	1983	0.000207390940393982	0.557993325839509
参与	1982	0.000207286355956063	0.558200612195465
首先	1981	0.000207181771518144	0.558407793966983
可能	1977	0.000206763433766466	0.55861455740075
改变	1974	0.000206449680452708	0.558821007081203
对于	1973	0.000206345096014789	0.559027352177217
举办	1970	0.000206031342701031	0.559233383519918
贵	1967	0.000205717589387273	0.559439101109306
越	1967	0.000205717589387273	0.559644818698693
建议	1966	0.000205613004949354	0.559850431703642
重	1964	0.000205403836073515	0.560055835539716
统计	1964	0.000205403836073515	0.560261239375789
加工	1963	0.000205299251635596	0.560466538627425
意义	1959	0.000204880913883919	0.560671419541309
口	1959	0.000204880913883919	0.560876300455193
海	1958	0.000204776329446	0.561081076784639
出口	1954	0.000204357991694322	0.561285434776333
制	1954	0.000204357991694322	0.561489792768027
类	1953	0.000204253407256403	0.561694046175284
正确	1949	0.000203835069504726	0.561897881244788
银行	1949	0.000203835069504726	0.562101716314293
进步	1947	0.000203625900628887	0.562305342214922
听	1945	0.000203416731753049	0.562508758946675
团结	1944	0.000203312147315129	0.56271207109399
切实	1944	0.000203312147315129	0.562915383241305
体系	1944	0.000203312147315129	0.563118695388621
声	1932	0.000202057134060098	0.563320752522681
时候	1929	0.00020174338074634	0.563522495903427
终于	1929	0.00020174338074634	0.563724239284173
通知	1927	0.000201534211870501	0.563925773496044
代	1927	0.000201534211870501	0.564127307707914
难	1926	0.000201429627432582	0.564328737335347
来自	1922	0.000201011289680905	0.564529748625028
有人	1915	0.000200279198615469	0.564730027823643
改	1913	0.000200070029739631	0.564930097853383
金融	1913	0.000200070029739631	0.565130167883123
边	1912	0.000199965445301711	0.565330133328424
电视	1911	0.000199860860863792	0.565529994189288
种植	1910	0.000199756276425873	0.565729750465714
总理	1908	0.000199547107550034	0.565929297573264
意识	1907	0.000199442523112115	0.566128740096376
管	1902	0.000198919600922518	0.566327659697299
控制	1899	0.000198605847608761	0.566526265544907
已有	1894	0.000198082925419164	0.566724348470326
真正	1892	0.000197873756543325	0.56692222222687
左右	1891	0.000197769172105406	0.567119991398975
迅速	1889	0.000197560003229567	0.567317551402205
收购	1879	0.000196514158850374	0.567514065561055
关心	1877	0.000196304989974536	0.56771037055103
省政府	1876	0.000196200405536616	0.567906570956566
高度	1872	0.000195782067784939	0.568102353024351
工人	1870	0.000195572898909101	0.56829792592326
基层	1869	0.000195468314471181	0.568493394237732
案件	1865	0.000195049976719504	0.568688444214451
交	1864	0.000194945392281585	0.568883389606733
方法	1863	0.000194840807843666	0.569078230414576
关键	1863	0.000194840807843666	0.56927307122242
承包	1859	0.000194422470091988	0.569467493692512
注意	1859	0.000194422470091988	0.569661916162604
建筑	1859	0.000194422470091988	0.569856338632696
推进	1849	0.000193376625712795	0.570049715258409
报道	1846	0.000193062872399037	0.570242778130808
范围	1846	0.000193062872399037	0.570435841003207
较	1842	0.00019264453464736	0.570628485537854
正式	1842	0.00019264453464736	0.570821130072502
给予	1840	0.000192435365771521	0.571013565438273
减少	1839	0.000192330781333602	0.571205896219607
知道	1838	0.000192226196895683	0.571398122416502
俄罗斯	1835	0.000191912443581925	0.571590034860084
生命	1833	0.000191703274706086	0.571781738134791
少数民族	1831	0.000191494105830248	0.571973232240621
李鹏	1830	0.000191389521392328	0.572164621762013
施工	1822	0.000190552845888974	0.572355174607902
发行	1820	0.000190343677013135	0.572545518284915
先	1819	0.000190239092575216	0.57273575737749
小康	1817	0.000190029923699377	0.57292578730119
超过	1817	0.000190029923699377	0.573115817224889
确保	1812	0.000189507001509781	0.573305324226399
欢迎	1812	0.000189507001509781	0.573494831227909
小时	1810	0.000189297832633942	0.573684129060543
带来	1810	0.000189297832633942	0.573873426893177
状况	1809	0.000189193248196023	0.574062620141373
合理	1806	0.000188879494882265	0.574251499636255
转	1804	0.000188670326006426	0.574440169962261
虽然	1801	0.000188356572692669	0.574628526534954
地位	1800	0.000188251988254749	0.574816778523209
民主	1794	0.000187624481627233	0.575004403004836
约	1790	0.000187206143875556	0.575191609148712
早	1787	0.000186892390561798	0.575378501539274
那些	1782	0.000186369468372202	0.575564871007646
强	1781	0.000186264883934282	0.57575113589158
资产	1780	0.000186160299496363	0.575937296191076
当时	1776	0.000185741961744686	0.576123038152821
红	1775	0.000185637377306767	0.576308675530128
生	1770	0.00018511445511717	0.576493789985245
部队	1757	0.000183754857424219	0.576677544842669
考察	1756	0.0001836502729863	0.576861195115655
如今	1752	0.000183231935234623	0.57704442705089
主任	1750	0.000183022766358784	0.577227449817249
低	1749	0.000182918181920865	0.57741036799917
方针	1748	0.000182813597482945	0.577593181596653
同期	1747	0.000182709013045026	0.577775890609698
编辑	1747	0.000182709013045026	0.577958599622743
机遇	1747	0.000182709013045026	0.578141308635788
治安	1744	0.000182395259731268	0.578323703895519
国有	1743	0.000182290675293349	0.578505994570812
老师	1741	0.00018208150641751	0.57868807607723
广泛	1740	0.000181976921979591	0.57887005299921
引导	1738	0.000181767753103752	0.579051820752313
感到	1736	0.000181558584227914	0.579233379336541
铁路	1735	0.000181453999789994	0.579414833336331
现	1734	0.000181349415352075	0.579596182751683
访问	1734	0.000181349415352075	0.579777532167035
自身	1731	0.000181035662038317	0.579958567829074
分析	1731	0.000181035662038317	0.580139603491112
很大	1723	0.000180198986534963	0.580319802477647
联合国	1720	0.000179885233221205	0.580499687710868
另	1719	0.000179780648783286	0.580679468359651
文明	1717	0.000179571479907447	0.580859039839559
领域	1713	0.00017915314215577	0.581038192981715
平均	1712	0.00017904855771785	0.581217241539433
老人	1711	0.000178943973279931	0.581396185512712
特点	1709	0.000178734804404093	0.581574920317117
沿	1709	0.000178734804404093	0.581753655121521
个体	1708	0.000178630219966173	0.581932285341487
立即	1706	0.000178421051090335	0.582110706392577
期	1706	0.000178421051090335	0.582289127443668
加	1702	0.000178002713338657	0.582467130157006
多次	1697	0.000177479791149061	0.582644609948155
一般	1694	0.000177166037835303	0.582821775985991
期间	1693	0.000177061453397384	0.582998837439388
每天	1690	0.000176747700083626	0.583175585139472
只要	1689	0.000176643115645706	0.583352228255117
根本	1679	0.000175597271266513	0.583527825526384
辆	1675	0.000175178933514836	0.583703004459899
选择	1666	0.000174237673573562	0.583877242133472
因素	1662	0.000173819335821885	0.584051061469294
品种	1661	0.000173714751383966	0.584224776220678
讲话	1656	0.000173191829194369	0.584397968049872
方案	1654	0.000172982660318531	0.584570950710191
食品	1650	0.000172564322566854	0.584743515032758
交流	1645	0.000172041400377257	0.584915556433135
金	1643	0.000171832231501418	0.585087388664636
表现	1639	0.000171413893749741	0.585258802558386
不会	1638	0.000171309309311822	0.585430111867698
收	1638	0.000171309309311822	0.58560142117701
你们	1634	0.000170890971560145	0.58577231214857
有些	1632	0.000170681802684306	0.585942993951254
谈判	1632	0.000170681802684306	0.586113675753939
以下	1631	0.000170577218246387	0.586284252972185
非常	1630	0.000170472633808467	0.586454725605993
近年来	1630	0.000170472633808467	0.586625198239802
一样	1629	0.000170368049370548	0.586795566289172
波黑	1627	0.000170158880494709	0.586965725169667
运输	1627	0.000170158880494709	0.587135884050162
城	1627	0.000170158880494709	0.587306042930657
积极性	1626	0.00017005429605679	0.587476097226713
物价	1626	0.00017005429605679	0.58764615152277
法	1626	0.00017005429605679	0.587816205818827
今后	1622	0.000169635958305113	0.587985841777132
法规	1616	0.000169008451677597	0.58815485022881
科研	1614	0.000168799282801759	0.588323649511611
告诉	1613	0.000168694698363839	0.588492344209975
合同	1613	0.000168694698363839	0.588661038908339
产量	1612	0.00016859011392592	0.588829629022265
建设有中国特色社会主义	1609	0.000168276360612162	0.588997905382877
蔬菜	1604	0.000167753438422565	0.5891656588213
如此	1601	0.000167439685108808	0.589333098506409
刚	1599	0.000167230516232969	0.589500329022642
创	1596	0.000166916762919211	0.589667245785561
居民	1592	0.000166498425167534	0.589833744210728
整个	1591	0.000166393840729615	0.590000138051458
从事	1591	0.000166393840729615	0.590166531892188
多种	1589	0.000166184671853776	0.590332716564041
阶段	1585	0.000165766334102099	0.590498482898144
那么	1585	0.000165766334102099	0.590664249232246
小学	1583	0.00016555716522626	0.590829806397472
套	1582	0.000165452580788341	0.59099525897826
对外	1579	0.000165138827474583	0.591160397805735
卖	1578	0.000165034243036664	0.591325432048772
供应	1576	0.000164825074160825	0.591490257122932
突破	1572	0.000164406736409148	0.591654663859342
特别	1571	0.000164302151971228	0.591818966011313
围绕	1570	0.000164197567533309	0.591983163578846
母亲	1567	0.000163883814219551	0.592147047393066
面对	1566	0.000163779229781632	0.592310826622847
斗争	1562	0.000163360892029955	0.592474187514877
矛盾	1559	0.000163047138716197	0.592637234653593
更加	1558	0.000162942554278277	0.592800177207872
确定	1558	0.000162942554278277	0.59296311976215
拥有	1556	0.000162733385402439	0.593125853147552
程度	1555	0.00016262880096452	0.593288481948517
令人	1554	0.0001625242165266	0.593451006165044
以后	1553	0.000162419632088681	0.593613425797132
购买	1549	0.000162001294337004	0.593775427091469
耕地	1549	0.000162001294337004	0.593937428385806
祖国	1548	0.000161896709899084	0.594099325095705
协调	1547	0.000161792125461165	0.594261117221166
速度	1545	0.000161582956585326	0.594422700177752
多年	1543	0.000161373787709488	0.594584073965461
保障	1542	0.000161269203271569	0.594745343168733
不到	1541	0.000161164618833649	0.594906507787566
出版	1536	0.000160641696644053	0.59506714948421
配合	1535	0.000160537112206133	0.595227686596417
国有企业	1534	0.000160432527768214	0.595388119124185
内部	1533	0.000160327943330295	0.595548447067515
体育	1532	0.000160223358892376	0.595708670426408
烤烟	1532	0.000160223358892376	0.5958688937853
父亲	1531	0.000160118774454456	0.596029012559754
党支部	1530	0.000160014190016537	0.596189026749771
各类	1529	0.000159909605578618	0.59634893635535
能够	1526	0.00015959585226486	0.596508532207614
治疗	1526	0.00015959585226486	0.596668128059879
时期	1521	0.000159072930075263	0.596827200989955
多少	1520	0.000158968345637344	0.596986169335592
鼓励	1517	0.000158654592323586	0.597144823927915
为主	1511	0.00015802708569607	0.597302851013612
革命	1508	0.000157713332382312	0.597460564345994
宣布	1507	0.000157608747944393	0.597618173093938
主动	1507	0.000157608747944393	0.597775781841883
顺利	1507	0.000157608747944393	0.597933390589827
会谈	1506	0.000157504163506474	0.598090894753333
效果	1505	0.000157399579068554	0.598248294332402
权	1503	0.000157190410192716	0.598405484742595
更多	1493	0.000156144565813523	0.598561629308408
毕业	1491	0.000155935396937684	0.598717564705346
出席	1490	0.000155830812499765	0.598873395517846
完全	1490	0.000155830812499765	0.599029226330346
满	1489	0.000155726228061845	0.599184952558407
从而	1489	0.000155726228061845	0.599340678786469
上年	1488	0.000155621643623926	0.599496300430093
职业	1486	0.000155412474748087	0.599651712904841
往	1485	0.000155307890310168	0.599807020795151
正常	1482	0.00015499413699641	0.599962014932148
句	1478	0.000154575799244733	0.600116590731392
登记	1478	0.000154575799244733	0.600271166530637
吗	1473	0.000154052877055137	0.600425219407692
跑	1467	0.000153425370427621	0.60057864477812
恢复	1466	0.000153320785989701	0.60073196556411
黔	1466	0.000153320785989701	0.600885286350099
手段	1464	0.000153111617113863	0.601038397967213
掌握	1463	0.000153007032675943	0.601191404999889
特色	1459	0.000152588694924266	0.601343993694813
尽管	1459	0.000152588694924266	0.601496582389738
越来越	1458	0.000152484110486347	0.601649066500224
事故	1453	0.00015196118829675	0.601801027688521
示范	1452	0.000151856603858831	0.60195288429238
称	1450	0.000151647434982992	0.602104531727363
最高	1450	0.000151647434982992	0.602256179162346
损失	1449	0.000151542850545073	0.602407722012891
病	1448	0.000151438266107154	0.602559160278998
条例	1447	0.000151333681669235	0.602710493960667
版	1447	0.000151333681669235	0.602861827642336
极	1446	0.000151229097231315	0.603013056739568
连续	1444	0.000151019928355477	0.603164076667923
目的	1443	0.000150915343917557	0.60331499201184
上升	1442	0.000150810759479638	0.60346580277132
人类	1441	0.000150706175041719	0.603616508946362
只是	1441	0.000150706175041719	0.603767215121404
遵义	1439	0.00015049700616588	0.60391771212757
包	1438	0.000150392421727961	0.604068104549297
拉	1438	0.000150392421727961	0.604218496971025
军	1436	0.000150183252852122	0.604368680223878
系	1430	0.000149555746224606	0.604518235970102
林	1429	0.000149451161786687	0.604667687131889
道路	1420	0.000148509901845413	0.604816197033734
卫生	1413	0.000147777810779978	0.604963974844514
工商	1413	0.000147777810779978	0.605111752655294
一点	1410	0.00014746405746622	0.605259216712761
开发区	1410	0.00014746405746622	0.605406680770227
秩序	1409	0.000147359473028301	0.605554040243255
巨大	1408	0.000147254888590382	0.605701295131846
商业	1407	0.000147150304152462	0.605848445435998
资料	1407	0.000147150304152462	0.60599559574015
带领	1404	0.000146836550838704	0.606142432290989
读	1403	0.000146731966400785	0.60628916425739
不得	1403	0.000146731966400785	0.606435896223791
有利于	1403	0.000146731966400785	0.606582628190192
远	1402	0.000146627381962866	0.606729255572155
还要	1399	0.000146313628649108	0.606875569200804
东西	1399	0.000146313628649108	0.607021882829453
符合	1399	0.000146313628649108	0.607168196458102
坐	1399	0.000146313628649108	0.607314510086751
协会	1399	0.000146313628649108	0.6074608237154
文学	1399	0.000146313628649108	0.607607137344049
山区	1398	0.000146209044211189	0.607753346388261
系列	1394	0.000145790706459511	0.60789913709472
工	1391	0.000145476953145753	0.608044614047866
设	1391	0.000145476953145753	0.608190091001011
功能	1391	0.000145476953145753	0.608335567954157
步伐	1390	0.000145372368707834	0.608480940322865
产	1390	0.000145372368707834	0.608626312691573
奔	1388	0.000145163199831996	0.608771475891405
华	1388	0.000145163199831996	0.608916639091237
楼	1386	0.000144954030956157	0.609061593122193
总结	1384	0.000144744862080318	0.609206337984273
探索	1383	0.000144640277642399	0.609350978261916
法制	1379	0.000144221939890722	0.609495200201806
粮	1378	0.000144117355452803	0.609639317557259
原来	1376	0.000143908186576964	0.609783225743836
时代	1376	0.000143908186576964	0.609927133930413
设立	1370	0.000143280679949448	0.610070414610362
委员	1368	0.000143071511073609	0.610213486121436
配套	1366	0.000142862342197771	0.610356348463634
采访	1365	0.000142757757759852	0.610499106221394
采用	1365	0.000142757757759852	0.610641863979154
挂	1365	0.000142757757759852	0.610784621736913
成员	1362	0.000142444004446094	0.610927065741359
黄	1361	0.000142339420008174	0.611069405161368
江	1357	0.000141921082256497	0.611211326243624
对此	1355	0.000141711913380659	0.611353038157005
精神文明	1353	0.00014150274450482	0.61149454090151
领导人	1353	0.00014150274450482	0.611636043646015
情	1350	0.000141188991191062	0.611777232637206
转变	1348	0.000140979822315223	0.611918212459521
普遍	1348	0.000140979822315223	0.612059192281836
步	1346	0.000140770653439385	0.612199962935275
                                                                                                                                                                                                                                                                                                                                                                                                                                                                                                                                                                                                                                                                                                                                                                                                                                                                                                                                                                                                                                                                                                                                                                                                                                                                                                                                                                                                                                                                                                                                                                                                                                                                                                                                                                                                                                                                                                                                                                                                                                                                                                                                                                                                                                                                                                                                                                                                                                                                                                                                                                                                                                                                                                                                                                                                                                                                                                                                                                                                                                                                                                                                                                                                                                                                                                                                                                                                                                                                                                                                                                                                                                                                                                                                                                                                                                                                                                                                                                                                                                                                                                                                                                                                                                                                                                                                                                                                                                                                                                                                                                                                                                                                                                                                                                                                                                                                                                                                                                                                                                                                                                                                                                                                                                                                                                                                                                                                                                                                                                                                                                                                                                                                                                                                                                                                                                                                                                                                                                                                                                                                                                                                                                                                                                                                                                                                                                                                                                                                                                                                                                                                                                                                                                                                                                                                                                                                                                                                                                                                                                                                                                                                                                                                                                                                                                                                                                                                                                                                                                                                                                                                                                                                                                                                                                                                                                                                                                                                                                                                                                                                                                                                                                                                                                                                                                                                                                                                                                                                                                                                                                                                                                                                                                                                                                                                                                                                                                                                                                                                                                                                                                                                                                                                                                                                                                                                                                                                                                                                                                                                                                                                                                                                                                                                                                                                                                                                                                                                                                                                                                                                                                                                                                                                                                                                                                                                                                                                                                                                                                                                                                                                                                                                                                                                                                                                                                                                                                                                                                                                                                                                                                                                                                                                                                                                                                                                                                                                                                                                                                                                                                                                                                                                                                                                                                                                                                                                                                                                                                                                                                                                                                                                                                                                                                                                                                                                                                                                                                                                                                                                                                                                                                                                                                                                                                                                                                                                                                                                                                                                                                                                                                                                                                                                                                                                                                                                                                                                                                                                                                                                                                                                                                                                                                                                                                                                                                                                                                                                                                                                                                                                                                                                                                                         