的	507470	0.0572218142225419	0.0572218142225419
了	111765	0.0126025106244357	0.0698243248469776
在	109648	0.0123637998026943	0.0821881246496718
和	104701	0.0118059809858994	0.0939941056355712
是	75414	0.00850360789362676	0.102497713529198
为	44915	0.00506457088262452	0.107562284411823
个	43923	0.00495271394584252	0.112514998357665
有	40458	0.00456200398016749	0.117077002337833
上	38661	0.00435937604125897	0.121436378379091
中	36019	0.00406146673986982	0.125497845118961
发展	35296	0.00397994197646922	0.129477787095431
对	35061	0.00395344360938881	0.133431230704819
要	34354	0.00387372299012987	0.137304953694949
他	34339	0.00387203160499707	0.141176985299946
这	32963	0.00371687520881559	0.144893860508762
工作	31237	0.00352225315953562	0.148416113668297
我	30581	0.00344828324972817	0.151864396918026
到	30320	0.00341885314841758	0.155283250066443
等	28829	0.00325072946621802	0.158533979532661
元	28500	0.00321363175230544	0.161747611284967
人	26596	0.00299893859944967	0.164746549884416
也	25314	0.00285438155010035	0.167600931434517
地	24844	0.00280138481593952	0.170402316250456
与	24810	0.00279755100963853	0.173199867260095
多	24593	0.00277308230471746	0.175972949564812
经济	24496	0.00276214468085874	0.178735094245671
不	24293	0.00273925460206162	0.181474348847733
省	24150	0.00272313006379566	0.184197478911528
企业	23225	0.0026188279806068	0.186816306892135
说	22480	0.00253482251901145	0.189351129411147
就	20968	0.00236433089762598	0.191715460308772
以	20694	0.00233343492920031	0.194048895237973
从	19387	0.00218605890462967	0.196234954142602
着	19322	0.00217872956905424	0.198413683711657
年	18437	0.00207893784621949	0.200492621557876
建设	18216	0.00205401810526302	0.202546639663139
将	17786	0.0020055317314563	0.204552171394596
把	17424	0.00196471297025158	0.206516884364847
我们	17198	0.00193922943425084	0.208456113799098
已	17062	0.00192389420904686	0.210380008008145
大	16458	0.00185578776769975	0.212235795775845
来	16403	0.00184958602221285	0.214085381798057
两	16326	0.00184090357853118	0.215926285376589
都	16181	0.00182455352224752	0.217750838898836
后	15845	0.00178666649527297	0.219537505394109
国家	15341	0.00172983595481115	0.22126734134892
还	15313	0.00172667870256327	0.222994020051484
又	14722	0.00166003812833125	0.224654058179815
下	14716	0.00165936157427814	0.226313419754093
生产	14542	0.00163974150673775	0.227953161260831
问题	14460	0.00163049526801181	0.229583656528842
并	14372	0.00162057247523277	0.231204229004075
市场	14343	0.00161730246397603	0.232821531468051
中国	14213	0.00160264379282517	0.234424175260876
进行	14076	0.00158719580861233	0.236011371069489
而	14042	0.00158336200231133	0.2375947330718
管理	14005	0.00157918991898378	0.239173922990784
好	13891	0.00156633539197456	0.240740258382758
新	13879	0.00156498228386832	0.242305240666627
出	13789	0.00155483397307157	0.243860074639698
他们	13705	0.00154536221632793	0.245405436856026
向	13527	0.00152529111275213	0.246930727968778
使	13491	0.00152123178843343	0.248451959757212
图片	13157	0.00148357027947659	0.249935530036688
社会	12890	0.00145346362411288	0.251388993660801
被	12472	0.0014063303584124	0.252795324019214
名	12087	0.00136291814000407	0.254158242159218
领导	11984	0.00135130396209223	0.25550954612131
部门	11922	0.00134431290354335	0.256853859024853
该	11765	0.00132660973915346	0.258180468764007
时	11615	0.00130969588782553	0.259490164651832
干部	11443	0.00129030133830285	0.260780465990135
技术	11238	0.00126718574148802	0.262047651731623
政府	11200	0.00126290089915161	0.263310552630775
科技	11143	0.001256473635647	0.264567026266422
由	11135	0.00125557156357618	0.265822597829998
她	10952	0.00123493666495611	0.267057534494954
但	10942	0.00123380907486758	0.268291343569822
县	10835	0.00122174386092033	0.269513087430742
全国	10768	0.00121418900732719	0.270727276438069
里	10722	0.00120900209291996	0.271936278530989
次	10639	0.00119964309518518	0.273135921626174
会	10538	0.00118825443529104	0.274324176061465
之	10511	0.00118520994205202	0.275509386003517
提高	10406	0.00117337024612247	0.27668275624964
家	10384	0.00117088954792771	0.277853645797567
教育	10383	0.00117077678891886	0.279024422586486
组织	10168	0.0011465336020155	0.280170956188502
农民	9939	0.0011207117889882	0.28129166797749
加强	9828	0.00110819553900554	0.282399863516496
厂	9802	0.00110526380477537	0.283505127321271
于	9769	0.00110154275748322	0.284606670078754
所	9720	0.00109601756604944	0.285702687644804
人民	9647	0.00108778615840318	0.286790473803207
做	9341	0.00105328190169422	0.287843755704901
自己	9339	0.00105305638367651	0.288896812088578
开发	9308	0.00104956085440207	0.28994637294298
用	9281	0.00104651636116305	0.290992889304143
给	9166	0.00103354907514497	0.292026438379288
贵州	9102	0.00102633249857839	0.293052770877866
位	8965	0.00101088451436555	0.294063655392232
各	8923	0.00100614863599374	0.295069804028225
活动	8898	0.00100332966077241	0.296073133688998
群众	8876	0.00100084896257765	0.297073982651575
公司	8755	0.000987205122506461	0.298061187774082
及	8735	0.000984949942329405	0.299046137716411
有关	8696	0.000980552340984145	0.300026690057395
其	8518	0.000960481237408342	0.300987171294804
作	8508	0.000959353647319814	0.301946524942123
种	8499	0.000958338816240139	0.302904863758364
没有	8499	0.000958338816240139	0.303863202574604
得	8455	0.000953377419850615	0.304816579994454
改革	8393	0.00094638636130174	0.305762966355756
记者	8340	0.00094041013383254	0.306703376489589
你	8338	0.000940184615814834	0.307643561105403
产品	8296	0.000935448737443016	0.308579009842846
农村	8241	0.000929246991956111	0.309508256834803
去	8238	0.000928908714929552	0.310437165549732
起	8136	0.000917407296026564	0.311354572845759
农业	8049	0.000907597262256369	0.312262170108015
同志	8047	0.000907371744238663	0.313169541852254
情况	7951	0.000896546879388792	0.314066088731643
几	7881	0.000888653748769094	0.314954742480412
天	7827	0.000882564762291042	0.315837307242703
要求	7823	0.000882113726255631	0.316719420968958
重要	7807	0.000880309582113986	0.317599730551072
会议	7733	0.000871965415458877	0.318471695966531
据	7712	0.000869597476272967	0.319341293442804
地区	7647	0.000862268140697534	0.320203561583502
资金	7638	0.000861253309617859	0.32106481489312
村	7566	0.000853134660980455	0.3219179495541
条	7554	0.000851781552874221	0.322769731106974
工程	7552	0.000851556034856516	0.323621287141831
可	7551	0.000851443275847663	0.324472730417678
建立	7515	0.000847383951528961	0.325320114369207
职工	7484	0.000843888422254524	0.326164002791462
今年	7448	0.000839829097935822	0.327003831889398
通过	7416	0.000836220809652532	0.32784005269905
能	7403	0.000834754942537445	0.328674807641588
本报讯	7400	0.000834416665510887	0.329509224307099
一些	7396	0.000833965629475476	0.330343189936574
达	7277	0.00082054730742199	0.331163737243996
单位	7267	0.000819419717333461	0.331983156961329
增长	7176	0.000809158647527855	0.332792315608857
本	7126	0.000803520697085213	0.333595836305943
同时	7109	0.000801603793934716	0.334397440099877
过	7099	0.000800476203846187	0.335197916303723
服务	7094	0.000799912408801923	0.335997828712525
生活	6877	0.000775443703880861	0.336773272416406
或	6848	0.000772173692624129	0.33754544610903
基础	6830	0.000770144030464778	0.338315590139495
比	6814	0.000768339886323133	0.339083930025818
全省	6687	0.000754019492198824	0.339837949518017
人员	6683	0.000753568456163413	0.340591517974181
实现	6644	0.000749170854818153	0.341340688828999
文化	6642	0.000748945336800447	0.342089634165799
投资	6620	0.000746464638605685	0.342836098804405
我国	6614	0.000745788084552568	0.343581886888957
目前	6590	0.000743081868340101	0.344324968757297
经营	6585	0.000742518073295836	0.345067486830593
项目	6582	0.000742179796269278	0.345809666626863
方面	6571	0.000740939447171897	0.346550606074034
解决	6561	0.000739811857083369	0.347290417931118
主要	6550	0.000738571507985988	0.348028989439104
世界	6536	0.000736992881862048	0.348765982320966
内	6491	0.000731918726463671	0.34949790104743
规定	6405	0.000722221451702328	0.350220122499132
民族	6397	0.000721319379631506	0.350941441878763
思想	6372	0.000718500404410185	0.351659942283174
这个	6367	0.000717936609365921	0.35237787889254
小	6307	0.000711171068834752	0.353089049961374
党	6266	0.000706547949471786	0.353795597910846
学习	6252	0.000704969323347847	0.354500567234194
亩	6183	0.000697188951737002	0.355197756185931
市	6179	0.000696737915701591	0.355894494101632
美国	6166	0.000695272048586504	0.356589766150219
去年	6160	0.000694595494533387	0.357284361644752
电	6082	0.000685800291842867	0.357970161936595
那	6070	0.000684447183736633	0.358654609120332
提出	6020	0.000678809233293992	0.359333418353626
这些	6016	0.00067835819725858	0.360011776550884
新闻	6005	0.000677117848161199	0.360688894399046
开展	5980	0.000674298872939879	0.361363193271985
积极	5971	0.000673284041860203	0.362036477313846
制度	5935	0.000669224717541502	0.362705702031387
增加	5908	0.000666180224302476	0.36337188225569
关系	5883	0.000663361249081155	0.364035243504771
以上	5881	0.000663135731063449	0.364698379235834
质量	5874	0.00066234641800148	0.365360725653836
精神	5865	0.000661331586921804	0.366022057240758
成为	5845	0.000659076406744748	0.366681133647502
作为	5816	0.000655806395488016	0.36733694004299
实施	5803	0.000654340528372929	0.367991280571363
第一	5789	0.00065276190224899	0.368644042473612
项	5786	0.000652423625222431	0.369296466098835
国际	5777	0.000651408794142756	0.369947874892977
进一步	5758	0.000649266372974552	0.370597141265952
必须	5749	0.000648251541894877	0.371245392807847
前	5722	0.000645207048655851	0.371890599856503
办	5680	0.000640471170284032	0.372531071026787
学生	5675	0.000639907375239768	0.373170978402027
可以	5668	0.000639118062177798	0.373810096464204
看	5648	0.000636862882000742	0.374446959346205
贵阳	5633	0.000635171496867949	0.375082130843073
完成	5559	0.000626827330212841	0.375708958173286
参加	5539	0.000624572150035784	0.376333530323322
重点	5515	0.000621865933823316	0.376955396257145
就是	5491	0.000619159717610849	0.377574555974756
各级	5485	0.000618483163557732	0.378193039138314
更	5478	0.000617693850495762	0.378810732988809
由于	5340	0.000602133107274072	0.379412866096083
政策	5314	0.000599201373043899	0.380012067469127
任务	5281	0.000595480325751756	0.380607547794879
却	5276	0.000594916530707492	0.381202464325587
外	5251	0.000592097555486171	0.381794561881073
户	5241	0.000590969965397643	0.38238553184647
条件	5239	0.000590744447379937	0.38297627629385
需要	5223	0.000588940303238292	0.383565216597089
作用	5205	0.000586910641078941	0.384152127238168
贵阳市	5186	0.000584768219910738	0.384736895458078
促进	5173	0.000583302352795651	0.385320197810874
学校	5146	0.000580257859556625	0.385900455670431
坚持	5143	0.000579919582530066	0.386480375252961
区	5099	0.000574958186140542	0.387055333439101
研究	5097	0.000574732668122836	0.387630066107224
乡	5097	0.000574732668122836	0.388204798775347
很	5051	0.000569545753715607	0.388774344529063
代表	5044	0.000568756440653637	0.389343100969716
决定	5042	0.000568530922635931	0.389911631892352
占	5039	0.000568192645609373	0.390479824537961
高	5037	0.000567967127591667	0.391047791665553
万	5035	0.000567741609573961	0.391615533275127
让	5002	0.000564020562281818	0.392179553837409
应	4990	0.000562667454175585	0.392742221291584
措施	4989	0.000562554695166732	0.393304775986751
至	4985	0.00056210365913132	0.393866879645883
社会主义	4971	0.000560525033007381	0.39442740467889
努力	4955	0.000558720888865736	0.394986125567756
时间	4948	0.000557931575803766	0.395544057143559
这样	4934	0.000556352949679826	0.396100410093239
实行	4928	0.00055567639562671	0.396656086488866
抓	4925	0.000555338118600151	0.397211424607466
新华社	4915	0.000554210528511623	0.397765635135978
走	4898	0.000552293625361125	0.398317928761339
地方	4833	0.000544964289785691	0.398862893051125
以来	4829	0.00054451325375028	0.399407406304875
取得	4826	0.000544174976723722	0.399951581281599
开始	4820	0.000543498422670605	0.400495079704269
目标	4793	0.000540453929431578	0.401035533633701
资源	4756	0.000536281846104024	0.401571815479805
最	4740	0.000534477701962379	0.402106293181767
成	4732	0.000533575629891556	0.402639868811659
北京	4710	0.000531094931696794	0.403170963743355
水平	4699	0.000529854582599413	0.403700818325955
为了	4691	0.000528952510528591	0.404229770836483
投入	4676	0.000527261125395798	0.404757031961879
认为	4676	0.000527261125395798	0.405284293087275
形成	4672	0.000526810089360387	0.405811103176635
当	4655	0.000524893186209889	0.406335996362845
计划	4652	0.000524554909183331	0.406860551272029
近	4584	0.000516887296581339	0.40737743856861
收入	4572	0.000515534188475105	0.407892972757085
如	4572	0.000515534188475105	0.40840850694556
其中	4565	0.000514744875413135	0.408923251820973
吨	4539	0.000511813141182962	0.409435064962156
工业	4529	0.000510685551094433	0.409945750513251
历史	4525	0.000510234515059022	0.41045598502831
同	4482	0.000505385877678351	0.410961370905988
部	4470	0.000504032769572117	0.41146540367556
再	4470	0.000504032769572117	0.411969436445132
今天	4456	0.000502454143448177	0.412471890588581
岁	4455	0.000502341384439324	0.41297423197302
结合	4449	0.000501664830386207	0.413475896803406
妇女	4409	0.000497154470032095	0.413973051273438
采取	4387	0.000494673771837332	0.414467725045276
它	4387	0.000494673771837332	0.414962398817113
继续	4384	0.000494335494810774	0.415456734311924
不能	4364	0.000492080314633718	0.415948814626557
届	4359	0.000491516519589454	0.416440331146147
环境	4330	0.000488246508332722	0.41692857765448
余	4329	0.000488133749323869	0.417416711403803
这种	4316	0.000486667882208782	0.417903379286012
部分	4312	0.000486216846173371	0.418389596132186
只	4272	0.000481706485819258	0.418871302618005
报	4270	0.000481480967801552	0.419352783585806
便	4262	0.00048057889573073	0.419833362481537
利用	4256	0.000479902341677613	0.420313264823215
提供	4252	0.000479451305642201	0.420792716128857
稳定	4235	0.000477534402491703	0.421270250531349
政治	4206	0.000474264391234972	0.421744514922584
以及	4199	0.000473475078173002	0.422217990000757
镇	4180	0.000471332657004798	0.422689322657761
基本	4176	0.000470881620969387	0.423160204278731
举行	4173	0.000470543343942828	0.423630747622674
现在	4172	0.000470430584933976	0.424101178207608
人们	4157	0.000468739199801183	0.424569917407409
共	4151	0.000468062645748066	0.425037980053157
许多	4143	0.000467160573677244	0.425505140626834
点	4125	0.000465130911517893	0.425970271538352
事业	4120	0.000464567116473629	0.426434838654826
钱	4116	0.000464116080438218	0.426898954735264
落实	4097	0.000461973659270014	0.427360928394534
各种	4076	0.000459605720084105	0.427820534114618
发生	4070	0.000458929166030988	0.428279463280649
局	4069	0.000458816407022135	0.428738279687671
机关	4068	0.000458703648013282	0.429196983335684
认真	4065	0.000458365370986724	0.429655348706671
宣传	4065	0.000458365370986724	0.430113714077658
无	4046	0.00045622294981852	0.430569937027476
希望	4042	0.000455771913783109	0.431025708941259
根据	4026	0.000453967769641464	0.431479676710901
加快	4015	0.000452727420544083	0.431932404131445
不断	4005	0.000451599830455554	0.4323840039619
发挥	4004	0.000451487071446701	0.432835491033347
日	3993	0.00045024672234932	0.433285737755696
按	3986	0.000449457409287351	0.433735195164984
合作	3975	0.00044821706018997	0.434183412225174
全	3962	0.000446751193074883	0.434630163418249
起来	3947	0.000445059807942091	0.435075223226191
得到	3927	0.000442804627765034	0.435518027853956
城市	3923	0.000442353591729623	0.435960381445685
统一	3914	0.000441338760649947	0.436401720206335
全面	3868	0.000436151846242718	0.436837872052578
才	3862	0.000435475292189601	0.437273347344768
支持	3852	0.000434347702101072	0.437707695046869
仅	3846	0.000433671148047956	0.438141366194917
处	3844	0.00043344563003025	0.438574811824947
日本	3834	0.000432318039941722	0.439007129864889
检查	3816	0.000430288377782371	0.439437418242671
因	3799	0.000428371474631873	0.439865789717303
人才	3799	0.000428371474631873	0.440294161191935
先进	3795	0.000427920438596462	0.440722081630531
价格	3791	0.00042746940256105	0.441149551033092
具有	3772	0.000425326981392847	0.441574878014485
实际	3768	0.000424875945357435	0.441999753959842
自	3764	0.000424424909322024	0.442424178869165
水	3754	0.000423297319233496	0.442847476188398
困难	3710	0.000418335922843972	0.443265812111242
个人	3710	0.000418335922843972	0.443684148034086
影响	3706	0.00041788488680856	0.444102032920895
使用	3681	0.00041506591158724	0.444517098832482
保证	3667	0.0004134872854633	0.444930586117945
批	3665	0.000413261767445595	0.445343847885391
山	3650	0.000411570382312802	0.445755418267703
严重	3645	0.000411006587268538	0.446166424854972
路	3637	0.000410104515197716	0.44657652937017
长	3633	0.000409653479162304	0.446986182849332
一定	3628	0.00040908968411804	0.44739527253345
青年	3607	0.000406721744932131	0.447801994278382
中央	3591	0.000404917600790486	0.448206911879173
经	3589	0.00040469208277278	0.448611603961945
表示	3589	0.00040469208277278	0.449016296044718
关于	3582	0.00040390276971081	0.449420198814429
商品	3568	0.000402324143586871	0.449822522958016
产业	3555	0.000400858276471784	0.450223381234488
监督	3546	0.000399843445392109	0.45062322467988
充分	3544	0.000399617927374403	0.451022842607254
月	3532	0.000398264819268169	0.451421107426522
打	3508	0.000395558603055701	0.451816666029578
事	3469	0.000391161001710441	0.452207827031289
分	3463	0.000390484447657324	0.452598311478946
台湾	3460	0.000390146170630766	0.452988457649577
能力	3457	0.000389807893604208	0.453378265543181
效益	3438	0.000387665472436004	0.453765931015617
带	3426	0.00038631236432977	0.454152243379947
机构	3418	0.000385410292258947	0.454537653672206
帮助	3416	0.000385184774241242	0.454922838446447
书记	3415	0.000385072015232389	0.455307910461679
公斤	3403	0.000383718907126155	0.455691629368805
广大	3402	0.000383606148117302	0.456075235516923
中心	3389	0.000382140281002216	0.456457375797925
第二	3385	0.000381689244966804	0.456839065042892
优势	3369	0.000379885100825159	0.457218950143717
重视	3362	0.000379095787763189	0.45759804593148
出现	3358	0.000378644751727778	0.457976690683208
场	3347	0.000377404402630397	0.458354095085838
乡镇企业	3339	0.000376502330559574	0.458730597416398
这里	3333	0.000375825776506458	0.459106423192904
扩大	3327	0.000375149222453341	0.459481572415358
教师	3321	0.000374472668400224	0.459856045083758
达到	3318	0.000374134391373665	0.460230179475132
米	3308	0.000373006801285137	0.460603186276417
处理	3308	0.000373006801285137	0.460976193077702
级	3307	0.000372894042276284	0.461349087119978
发现	3304	0.000372555765249726	0.461721642885228
什么	3302	0.00037233024723202	0.46209397313246
已经	3297	0.000371766452187756	0.462465739584648
车	3292	0.000371202657143492	0.462836942241791
正在	3283	0.000370187826063816	0.463207130067855
想	3277	0.000369511272010699	0.463576641339866
科学	3273	0.000369060235975288	0.463945701575841
台	3272	0.000368947476966435	0.464314649052807
市场经济	3271	0.000368834717957583	0.464683483770765
公路	3264	0.000368045404895613	0.465051529175661
抓好	3262	0.000367819886877907	0.465419349062538
保护	3260	0.000367594368860202	0.465786943431399
曾	3251	0.000366579537780526	0.466153522969179
全县	3247	0.000366128501745115	0.466519651470924
经过	3243	0.000365677465709704	0.466885328936634
正	3238	0.000365113670665439	0.467250442607299
贫困	3202	0.000361054346346738	0.467611496953646
法律	3194	0.000360152274275915	0.467971649227922
培养	3193	0.000360039515267062	0.468331688743189
有的	3188	0.000359475720222798	0.468691164463412
销售	3188	0.000359475720222798	0.469050640183635
交通	3156	0.000355867431939508	0.469406507615574
每	3151	0.000355303636895244	0.46976181125247
总	3147	0.000354852600859833	0.470116663853329
召开	3141	0.000354176046806716	0.470470839900136
搞	3139	0.00035395052878901	0.470824790428925
其他	3137	0.000353725010771304	0.471178515439696
增强	3131	0.000353048456718187	0.471531563896415
进	3130	0.000352935697709335	0.471884499594124
共同	3117	0.000351469830594248	0.472235969424718
安全	3104	0.000350003963479161	0.472585973388197
基地	3094	0.000348876373390633	0.472934849761588
省委	3083	0.000347636024293252	0.473282485785881
老	3076	0.000346846711231282	0.473629332497113
国务院	3074	0.000346621193213577	0.473975953690326
开放	3074	0.000346621193213577	0.47432257488354
件	3074	0.000346621193213577	0.474669196076753
这次	3070	0.000346170157178165	0.475015366233932
责任	3060	0.000345042567089637	0.475360408801021
培训	3055	0.000344478772045373	0.475704887573067
各地	3053	0.000344253254027667	0.476049140827094
理论	3052	0.000344140495018814	0.476393281322113
不仅	3041	0.000342900145921433	0.476736181468034
粮食	3040	0.000342787386912581	0.477078968854947
办法	3033	0.000341998073850611	0.477420966928798
未	3031	0.000341772555832905	0.47776273948463
十分	3030	0.000341659796824052	0.478104399281454
分别	3017	0.000340193929708966	0.478444593211163
党委	3014	0.000339855652682407	0.478784448863846
过去	3011	0.000339517375655849	0.479123966239502
体制	3006	0.000338953580611585	0.479462919820113
贯彻	2987	0.000336811159443381	0.479799730979557
战略	2984	0.000336472882416822	0.480136203861974
结构	2977	0.000335683569354853	0.480471887431328
指出	2970	0.000334894256292883	0.480806781687621
制定	2967	0.000334555979266324	0.481141337666888
成立	2961	0.000333879425213208	0.481475217092101
只有	2942	0.000331737004045004	0.481806954096146
和平	2936	0.000331060449991887	0.482138014546138
系统	2931	0.000330496654947623	0.482468511201085
数	2927	0.000330045618912212	0.482798556819998
执行	2918	0.000329030787832536	0.48312758760783
大力	2906	0.000327677679726302	0.483455265287556
进入	2906	0.000327677679726302	0.483782942967283
站	2879	0.000324633186487276	0.48410757615377
找	2878	0.000324520427478423	0.484432096581248
人口	2876	0.000324294909460718	0.484756391490709
受到	2863	0.000322829042345631	0.485079220533055
行政	2862	0.000322716283336778	0.485401936816392
经验	2856	0.000322039729283661	0.485723976545675
孩子	2854	0.000321814211265956	0.486045790756941
贵州省	2846	0.000320912139195133	0.486366702896136
每年	2838	0.00032001006712431	0.486686712963261
则	2830	0.000319107995053488	0.487005820958314
深入	2811	0.000316965573885284	0.487322786532199
党员	2809	0.000316740055867579	0.487639526588067
大会	2807	0.000316514537849873	0.487956041125917
造成	2804	0.000316176260823314	0.48827221738674
进步	2802	0.000315950742805609	0.488588168129546
而且	2802	0.000315950742805609	0.488904118872351
重大	2799	0.00031561246577905	0.48921973133813
指导	2797	0.000315386947761345	0.489535118285892
土地	2791	0.000314710393708228	0.4898498286796
女	2778	0.000313244526593141	0.490163073206193
按照	2773	0.000312680731548877	0.490475753937742
财政	2766	0.000311891418486907	0.490787645356229
调查	2766	0.000311891418486907	0.491099536774716
扶贫	2762	0.000311440382451496	0.491410977157167
百	2760	0.00031121486443379	0.491722192021601
不是	2760	0.00031121486443379	0.492033406886035
还有	2759	0.000311102105424937	0.49234450899146
传统	2757	0.000310876587407232	0.492655385578867
花	2753	0.00031042555137182	0.492965811130239
因此	2749	0.000309974515336409	0.493275785645575
设备	2747	0.000309748997318704	0.493585534642894
各项	2747	0.000309748997318704	0.493895283640213
手	2746	0.000309636238309851	0.494204919878523
组	2745	0.000309523479300998	0.494514443357824
美元	2741	0.000309072443265587	0.494823515801089
旅游	2741	0.000309072443265587	0.495132588244355
原则	2737	0.000308621407230175	0.495441209651585
见	2734	0.000308283130203617	0.495749492781789
行	2727	0.000307493817141647	0.49605698659893
面积	2723	0.000307042781106236	0.496364029380037
因为	2722	0.000306930022097383	0.496670959402134
了解	2715	0.000306140709035413	0.496977100111169
没	2713	0.000305915191017708	0.497283015302187
获得	2712	0.000305802432008855	0.497588817734196
推广	2709	0.000305464154982296	0.497894281889178
不同	2702	0.000304674841920327	0.498198956731099
像	2699	0.000304336564893768	0.498503293295992
标准	2687	0.000302983456787534	0.49880627675278
知识	2686	0.000302870697778681	0.499109147450559
报告	2685	0.000302757938769829	0.499411905389328
如果	2683	0.000302532420752123	0.49971443781008
随	2677	0.000301855866699006	0.500016293676779
开	2669	0.000300953794628183	0.500317247471408
受	2667	0.000300728276610478	0.500617975748018
公里	2666	0.000300615517601625	0.50091859126562
即	2655	0.000299375168504244	0.501217966434124
联合	2655	0.000299375168504244	0.501517341602628
专家	2654	0.000299262409495391	0.501816604012123
劳动	2654	0.000299262409495391	0.502115866421619
不少	2653	0.000299149650486538	0.502415016072105
方	2646	0.000298360337424568	0.50271337640953
设施	2644	0.000298134819406863	0.503011511228937
逐步	2643	0.00029802206039801	0.503309533289335
介绍	2642	0.000297909301389157	0.503607442590724
非	2622	0.000295654121212101	0.503903096711936
头	2622	0.000295654121212101	0.504198750833148
优秀	2621	0.000295541362203248	0.504494292195351
竞争	2618	0.000295203085176689	0.504789495280528
特别是	2612	0.000294526531123573	0.505084021811652
先后	2609	0.000294188254097014	0.505378210065749
素质	2606	0.000293849977070456	0.505672060042819
香港	2605	0.000293737218061603	0.505965797260881
吃	2597	0.00029283514599078	0.506258632406872
建	2595	0.000292609627973075	0.506551242034845
写	2587	0.000291707555902252	0.506842949590747
学	2585	0.000291482037884546	0.507134431628631
此	2584	0.000291369278875693	0.507425800907507
调整	2581	0.000291031001849135	0.507716831909356
信息	2580	0.000290918242840282	0.508007750152197
规模	2579	0.000290805483831429	0.508298555636028
均	2578	0.000290692724822577	0.508589248360851
认识	2574	0.000290241688787165	0.508879490049638
家庭	2566	0.000289339616716343	0.509168829666354
队伍	2561	0.000288775821672079	0.509457605488026
利益	2559	0.000288550303654373	0.509746155791681
负责	2558	0.00028843754464552	0.510034593336326
业务	2554	0.000287986508610109	0.510322579844936
江泽民	2554	0.000287986508610109	0.510610566353546
改革开放	2551	0.00028764823158355	0.51089821458513
专业	2551	0.00028764823158355	0.511185862816713
道	2549	0.000287422713565845	0.511473285530279
全部	2542	0.000286633400503875	0.511759918930783
汽车	2539	0.000286295123477316	0.51204621405426
行为	2536	0.000285956846450758	0.512332170900711
贡献	2535	0.000285844087441905	0.512618014988153
创造	2535	0.000285844087441905	0.512903859075595
改造	2535	0.000285844087441905	0.513189703163037
教学	2533	0.000285618569424199	0.513475321732461
书	2529	0.000285167533388788	0.51376048926585
都是	2526	0.00028482925636223	0.514045318522212
国	2526	0.00028482925636223	0.514330147778574
委	2521	0.000284265461317966	0.514614413239892
片	2518	0.000283927184291407	0.514898340424184
良好	2511	0.000283137871229437	0.515181478295413
仍	2511	0.000283137871229437	0.515464616166643
看到	2502	0.000282123040149762	0.515746739206792
意见	2492	0.000280995450061234	0.516027734656854
综合	2480	0.000279642341955	0.516307376998809
联合国	2478	0.000279416823937294	0.516586793822746
保持	2476	0.000279191305919589	0.516865985128665
号	2475	0.000279078546910736	0.517145063675576
安排	2474	0.000278965787901883	0.517424029463478
图	2467	0.000278176474839913	0.517702205938318
成果	2465	0.000277950956822208	0.51798015689514
改善	2464	0.000277838197813355	0.518257995092954
靠	2457	0.000277048884751385	0.518535043977705
还是	2455	0.000276823366733679	0.518811867344439
建议	2439	0.000275019222592034	0.519086886567031
买	2439	0.000275019222592034	0.519361905789623
存在	2432	0.000274229909530064	0.519636135699153
成绩	2429	0.000273891632503506	0.519910027331656
放	2424	0.000273327837459242	0.520183355169115
最近	2418	0.000272651283406125	0.520456006452522
州	2414	0.000272200247370714	0.520728206699892
乡镇	2414	0.000272200247370714	0.521000406947263
现象	2414	0.000272200247370714	0.521272607194634
成功	2414	0.000272200247370714	0.521544807442004
内容	2407	0.000271410934308744	0.521816218376313
获	2406	0.000271298175299891	0.522087516551613
联系	2402	0.00027084713926448	0.522358363690878
委员会	2402	0.00027084713926448	0.522629210830142
儿童	2393	0.000269832308184804	0.522899043138327
完善	2391	0.000269606790167099	0.523168649928494
维护	2385	0.000268930236113982	0.523437580164608
美	2385	0.000268930236113982	0.523706510400722
行动	2373	0.000267577128007748	0.52397408752873
村民	2371	0.000267351609990042	0.52424143913872
如何	2364	0.000266562296928072	0.524508001435648
严格	2364	0.000266562296928072	0.524774563732576
讲	2354	0.000265434706839544	0.525039998439416
原因	2350	0.000264983670804133	0.52530498211022
机制	2333	0.000263066767653635	0.525568048877873
话	2331	0.000262841249635929	0.525830890127509
力量	2324	0.00026205193657396	0.526092942064083
规划	2324	0.00026205193657396	0.526354994000657
健康	2323	0.000261939177565107	0.526616933178222
干	2308	0.000260247792432314	0.526877180970655
住	2303	0.00025968399738805	0.527136864968043
当地	2290	0.000258218130272964	0.527395083098316
集体	2284	0.000257541576219847	0.527652624674535
方式	2283	0.000257428817210994	0.527910053491746
搞好	2281	0.000257203299193288	0.52816725679094
第三	2280	0.000257090540184435	0.528424347331124
段	2273	0.000256301227122466	0.528680648558247
一起	2272	0.000256188468113613	0.52893683702636
长期	2267	0.000255624673069349	0.52919246169943
引进	2257	0.00025449708298082	0.52944695878241
包括	2247	0.000253369492892292	0.529700328275303
份	2246	0.000253256733883439	0.529953585009186
报道	2245	0.000253143974874587	0.530206728984061
及时	2235	0.000252016384786058	0.530458745368847
军	2232	0.0002516781077595	0.530710423476606
形式	2231	0.000251565348750647	0.530961988825357
突出	2231	0.000251565348750647	0.531213554174108
现代	2229	0.000251339830732941	0.531464894004841
具体	2226	0.000251001553706383	0.531715895558547
接	2221	0.000250437758662119	0.531966333317209
少	2220	0.000250324999653266	0.532216658316862
推动	2220	0.000250324999653266	0.532466983316516
线	2212	0.000249422927582443	0.532716406244098
明确	2206	0.000248746373529327	0.532965152617627
贷款	2203	0.000248408096502768	0.53321356071413
之间	2200	0.00024806981947621	0.533461630533606
现代化	2199	0.000247957060467357	0.533709587594074
统计	2196	0.000247618783440798	0.533957206377514
建成	2191	0.000247054988396534	0.534204261365911
双	2190	0.000246942229387681	0.534451203595299
切实	2189	0.000246829470378829	0.534698033065677
快	2188	0.000246716711369976	0.534944749777047
双方	2182	0.000246040157316859	0.535190789934364
有效	2181	0.000245927398308006	0.535436717332672
强调	2177	0.000245476362272595	0.535682193694945
集中	2175	0.000245250844254889	0.5359274445392
控制	2167	0.000244348772184066	0.536171793311384
大家	2164	0.000244010495157508	0.536415803806541
之一	2160	0.000243559459122097	0.536659363265663
校	2159	0.000243446700113244	0.536902809965777
请	2158	0.000243333941104391	0.537146143906881
重	2155	0.000242995664077833	0.537389139570959
过程	2153	0.000242770146060127	0.537631909717019
祖国	2135	0.000240740483900776	0.53787265020092
自然	2132	0.000240402206874218	0.538113052407794
医院	2128	0.000239951170838806	0.538353003578633
电话	2127	0.000239838411829954	0.538592841990463
谁	2123	0.000239387375794542	0.538832229366257
门	2117	0.000238710821741425	0.539070940187999
入	2109	0.000237808749670603	0.539308748937669
心	2108	0.00023769599066175	0.539546444928331
叫	2101	0.00023690667759978	0.539783351605931
团结	2097	0.000236455641564369	0.540019807247495
既	2092	0.000235891846520105	0.540255699094015
直接	2089	0.000235553569493546	0.540491252663509
送	2085	0.000235102533458135	0.540726355196967
大量	2082	0.000234764256431577	0.540961119453399
准备	2080	0.000234538738413871	0.541195658191812
贵	2078	0.000234313220396165	0.541429971412209
结束	2078	0.000234313220396165	0.541664284632605
几个	2077	0.000234200461387312	0.541898485093992
结果	2075	0.000233974943369607	0.542132460037362
科研	2071	0.000233523907334195	0.542365983944696
接受	2068	0.000233185630307637	0.542599169575004
行业	2066	0.000232960112289931	0.542832129687293
座	2062	0.00023250907625452	0.543064638763548
意识	2061	0.000232396317245667	0.543297035080794
人均	2059	0.000232170799227962	0.543529205880022
艺术	2053	0.000231494245174845	0.543760700125197
农户	2051	0.000231268727157139	0.543991968852354
国内	2045	0.000230592173104022	0.544222561025458
上海	2034	0.000229351824006641	0.544451912849464
依法	2032	0.000229126305988935	0.544681039155453
但是	2031	0.000229013546980083	0.544910052702433
才能	2031	0.000229013546980083	0.545139066249414
面	2031	0.000229013546980083	0.545368079796394
犯罪	2029	0.000228788028962377	0.545596867825356
国有企业	2029	0.000228788028962377	0.545825655854319
消费者	2027	0.000228562510944671	0.546054218365263
八	2027	0.000228562510944671	0.546282780876208
呢	2026	0.000228449751935818	0.546511230628144
比较	2024	0.000228224233918113	0.546739454862062
爱	2022	0.000227998715900407	0.546967453577962
丰富	2013	0.000226983884820732	0.547194437462783
首先	2006	0.000226194571758762	0.547420632034542
相	2006	0.000226194571758762	0.547646826606301
队	2001	0.000225630776714498	0.547872457383015
多个	1997	0.000225179740679087	0.548097637123694
主任	1995	0.000224954222661381	0.548322591346355
对于	1995	0.000224954222661381	0.548547545569017
间	1985	0.000223826632572853	0.54877137220159
资产	1984	0.000223713873564	0.548995086075154
当前	1977	0.00022292456050203	0.549218010635656
实践	1974	0.000222586283475472	0.549440596919131
问	1973	0.000222473524466619	0.549663070443598
除	1972	0.000222360765457766	0.549885431209055
正确	1971	0.000222248006448913	0.550107679215504
主席	1971	0.000222248006448913	0.550329927221953
反映	1965	0.000221571452395796	0.550551498674349
省政府	1961	0.000221120416360385	0.550772619090709
推进	1960	0.000221007657351532	0.550993626748061
产生	1953	0.000220218344289562	0.55121384509235
块	1947	0.000219541790236446	0.551433386882587
体系	1935	0.000218188682130212	0.551651575564717
产值	1934	0.000218075923121359	0.551869651487838
保险	1929	0.000217512128077095	0.552087163615915
讲话	1927	0.000217286610059389	0.552304450225975
形势	1926	0.000217173851050536	0.552521624077025
负责人	1924	0.000216948333032831	0.552738572410058
组成	1923	0.000216835574023978	0.552955407984082
引起	1923	0.000216835574023978	0.553172243558106
回	1921	0.000216610056006272	0.553388853614113
烟	1919	0.000216384537988566	0.553605238152101
原	1914	0.000215820742944302	0.553821058895045
加大	1907	0.000215031429882333	0.554036090324928
关键	1906	0.00021491867087348	0.554251008995801
明显	1905	0.000214805911864627	0.554465814907666
到了	1904	0.000214693152855774	0.554680508060522
最大	1903	0.000214580393846921	0.554895088454369
或者	1903	0.000214580393846921	0.555109668848216
意义	1899	0.00021412935781151	0.555323798206027
考察	1895	0.000213678321776099	0.555537476527803
地位	1894	0.000213565562767246	0.55575104209057
确保	1894	0.000213565562767246	0.555964607653338
批准	1890	0.000213114526731835	0.556177722180069
协议	1884	0.000212437972678718	0.556390160152748
基层	1884	0.000212437972678718	0.556602598125427
任何	1882	0.000212212454661012	0.556814810580088
发	1874	0.000211310382590189	0.557026120962678
甚至	1871	0.000210972105563631	0.557237093068241
总统	1869	0.000210746587545925	0.557447839655787
班	1869	0.000210746587545925	0.557658586243333
左右	1864	0.000210182792501661	0.557868769035835
城	1863	0.000210070033492808	0.558078839069328
一切	1861	0.000209844515475103	0.558288683584803
发表	1860	0.00020973175646625	0.558498415341269
管	1852	0.000208829684395427	0.558707245025664
太	1851	0.000208716925386575	0.558915961951051
酒	1851	0.000208716925386575	0.559124678876438
观念	1847	0.000208265889351163	0.559332944765789
最后	1847	0.000208265889351163	0.55954121065514
两岸	1846	0.00020815313034231	0.559749363785482
来到	1842	0.000207702094306899	0.559957065879789
价值	1841	0.000207589335298046	0.560164655215087
方针	1835	0.000206912781244929	0.560371567996332
工资	1834	0.000206800022236077	0.560578368018568
之后	1833	0.000206687263227224	0.560785055281796
深化	1833	0.000206687263227224	0.560991742545023
举办	1832	0.000206574504218371	0.561198317049241
文明	1832	0.000206574504218371	0.56140489155346
通知	1831	0.000206461745209518	0.561611353298669
一直	1830	0.000206348986200665	0.56181770228487
金融	1829	0.000206236227191812	0.562023938512062
交	1828	0.00020612346818296	0.562230061980245
参与	1828	0.00020612346818296	0.562436185448427
低	1824	0.000205672432147548	0.562641857880575
范围	1824	0.000205672432147548	0.562847530312723
来自	1819	0.000205108637103284	0.563052638949826
所有	1819	0.000205108637103284	0.563257747586929
身	1818	0.000204995878094431	0.563462743465024
委员	1815	0.000204657601067873	0.563667401066091
张	1812	0.000204319324041314	0.563871720390133
转	1809	0.000203981047014756	0.564075701437148
波黑	1809	0.000203981047014756	0.564279682484162
声	1809	0.000203981047014756	0.564483663531177
应该	1805	0.000203530010979345	0.564687193542157
烤烟	1801	0.000203078974943933	0.564890272517101
真	1793	0.000202176902873111	0.565092449419974
孔繁森	1792	0.000202064143864258	0.565294513563838
物价	1789	0.0002017258668377	0.565496239430676
减少	1787	0.000201500348819994	0.565697739779496
损失	1781	0.000200823794766877	0.565898563574262
难	1778	0.000200485517740318	0.566099049092003
关心	1776	0.000200259999722613	0.566299309091725
改变	1775	0.00020014724071376	0.566499456332439
铁路	1775	0.00020014724071376	0.566699603573153
种植	1774	0.000200034481704907	0.566899638054858
先	1773	0.000199921722696054	0.567099559777554
两国	1770	0.000199583445669496	0.567299143223223
经济效益	1770	0.000199583445669496	0.567498726668893
给予	1770	0.000199583445669496	0.567698310114562
合理	1769	0.000199470686660643	0.567897780801223
出口	1767	0.000199245168642937	0.568097025969866
供应	1767	0.000199245168642937	0.568296271138509
施工	1763	0.000198794132607526	0.568495065271116
真正	1761	0.000198568614589821	0.568693633885706
案件	1760	0.000198455855580968	0.568892089741287
支	1755	0.000197892060536704	0.569089981801824
应当	1751	0.000197441024501292	0.569287422826325
卫生	1746	0.000196877229457028	0.569484300055782
居民	1746	0.000196877229457028	0.569681177285239
较	1743	0.00019653895243047	0.569877716237669
小组	1742	0.000196426193421617	0.570074142431091
作品	1741	0.000196313434412764	0.570270455865504
可能	1740	0.000196200675403911	0.570466656540908
于是	1739	0.000196087916395058	0.570662744457303
今后	1738	0.000195975157386206	0.570858719614689
六	1736	0.0001957496393685	0.571054469254057
机	1731	0.000195185844324236	0.571249655098382
连	1730	0.000195073085315383	0.571444728183697
设计	1727	0.000194734808288825	0.571639462991986
收购	1727	0.000194734808288825	0.571834197800275
版	1724	0.000194396531262266	0.572028594331537
广泛	1723	0.000194283772253413	0.57222287810379
合同	1722	0.00019417101324456	0.572417049117035
代	1722	0.00019417101324456	0.57261122013028
口	1721	0.000194058254235708	0.572805278384515
然而	1720	0.000193945495226855	0.572999223879742
金	1719	0.000193832736218002	0.57319305661596
加工	1718	0.000193719977209149	0.573386776593169
协调	1714	0.000193268941173738	0.573580045534343
变化	1712	0.000193043423156032	0.573773088957499
欢迎	1712	0.000193043423156032	0.573966132380655
生	1711	0.000192930664147179	0.574159063044802
高度	1711	0.000192930664147179	0.57435199370895
状况	1710	0.000192817905138327	0.574544811614088
平均	1709	0.000192705146129474	0.574737516760217
老人	1709	0.000192705146129474	0.574930221906347
已有	1708	0.000192592387120621	0.575122814293467
保障	1708	0.000192592387120621	0.575315406680588
邓小平	1705	0.000192254110094062	0.575507660790682
辆	1699	0.000191577556040946	0.575699238346723
如今	1699	0.000191577556040946	0.575890815902764
自身	1698	0.000191464797032093	0.576082280699796
上年	1698	0.000191464797032093	0.576273745496828
国有	1696	0.000191239279014387	0.576464984775843
抓住	1696	0.000191239279014387	0.576656224054857
力度	1693	0.000190901001987829	0.576847125056845
以下	1689	0.000190449965952417	0.577037575022797
期间	1683	0.0001897734118993	0.577227348434697
强	1682	0.000189660652890448	0.577417009087587
解放	1680	0.000189435134872742	0.57760644422246
电视	1679	0.000189322375863889	0.577795766598324
正式	1678	0.000189209616855036	0.577984976215179
迅速	1678	0.000189209616855036	0.578174185832034
类	1677	0.000189096857846183	0.57836328268988
近年来	1670	0.000188307544784214	0.578551590234664
小时	1666	0.000187856508748802	0.578739446743413
时候	1666	0.000187856508748802	0.578927303252162
海	1661	0.000187292713704538	0.579114595965866
字	1661	0.000187292713704538	0.579301888679571
产量	1655	0.000186616159651421	0.579488504839222
治安	1655	0.000186616159651421	0.579675120998874
工人	1646	0.000185601328571746	0.579860722327446
收	1640	0.000184924774518629	0.580045647101964
超过	1636	0.000184473738483218	0.580230120840447
黔	1629	0.000183684425421248	0.580413805265869
越	1629	0.000183684425421248	0.58059748969129
早	1627	0.000183458907403542	0.580780948598693
制	1625	0.000183233389385837	0.580964181988079
部队	1625	0.000183233389385837	0.581147415377465
出来	1623	0.000183007871368131	0.581330423248833
银行	1623	0.000183007871368131	0.581513431120201
各类	1622	0.000182895112359278	0.581696326232561
化肥	1621	0.000182782353350425	0.581879108585911
听	1619	0.00018255683533272	0.582061665421244
带来	1614	0.000181993040288456	0.582243658461532
有人	1612	0.00018176752227075	0.582425425983803
革命	1607	0.000181203727226486	0.58260662971103
方法	1606	0.000181090968217633	0.582787720679247
运输	1606	0.000181090968217633	0.582968811647465
交流	1606	0.000181090968217633	0.583149902615682
约	1596	0.000179963378129105	0.583329865993812
生命	1591	0.000179399583084841	0.583509265576896
时期	1590	0.000179286824075988	0.583688552400972
知道	1588	0.000179061306058282	0.583867613707031
确定	1585	0.000178723029031724	0.584046336736062
一般	1581	0.000178271992996312	0.584224608729059
选择	1578	0.000177933715969754	0.584402542445029
承包	1576	0.000177708197952048	0.584580250642981
当时	1569	0.000176918884890079	0.584757169527871
恢复	1565	0.000176467848854667	0.584933637376725
程度	1562	0.000176129571828109	0.585109766948554
小学	1561	0.000176016812819256	0.585285783761373
比赛	1555	0.000175340258766139	0.585461124020139
事故	1552	0.000175001981739581	0.585636126001878
加	1552	0.000175001981739581	0.585811127983618
带动	1551	0.000174889222730728	0.585986017206349
现	1550	0.000174776463721875	0.586160793670071
注意	1550	0.000174776463721875	0.586335570133792
国民经济	1550	0.000174776463721875	0.586510346597514
根本	1550	0.000174776463721875	0.586685123061236
改	1549	0.000174663704713022	0.586859786765949
特点	1547	0.000174438186695316	0.587034224952644
每天	1547	0.000174438186695316	0.58720866313934
老师	1546	0.000174325427686464	0.587382988567026
病	1544	0.000174099909668758	0.587557088476695
适应	1540	0.000173648873633347	0.587730737350328
很大	1536	0.000173197837597935	0.587903935187926
食品	1532	0.000172746801562524	0.588076681989489
胜利	1528	0.000172295765527113	0.588248977755016
强化	1527	0.00017218300651826	0.588421160761534
从事	1526	0.000172070247509407	0.588593231009044
因素	1522	0.000171619211473996	0.588764850220518
贸易	1521	0.000171506452465143	0.588936356672983
告诉	1519	0.000171280934447437	0.58910763760743
边	1519	0.000171280934447437	0.589278918541878
少数民族	1518	0.000171168175438585	0.589450086717316
表现	1512	0.000170491621385468	0.589620578338702
多次	1511	0.000170378862376615	0.589790957201078
对外	1510	0.000170266103367762	0.589961223304446
道路	1508	0.000170040585350056	0.590131263889796
平方米	1508	0.000170040585350056	0.590301304475146
终于	1502	0.000169364031296939	0.590470668506443
有些	1500	0.000169138513279234	0.590639807019722
连续	1499	0.000169025754270381	0.590808832773993
不足	1499	0.000169025754270381	0.590977858528263
案	1498	0.000168912995261528	0.591146771523525
虽然	1494	0.000168461959226117	0.591315233482751
更多	1491	0.000168123682199558	0.59148335716495
正常	1491	0.000168123682199558	0.59165148084715
立即	1490	0.000168010923190706	0.591819491770341
株	1490	0.000168010923190706	0.591987502693531
讨论	1488	0.000167785405173	0.592155288098704
沿	1488	0.000167785405173	0.592323073503877
分析	1488	0.000167785405173	0.592490858909051
为主	1483	0.000167221610128736	0.592658080519179
同期	1482	0.000167108851119883	0.592825189370299
配合	1481	0.00016699609211103	0.59299218546241
感到	1481	0.00016699609211103	0.593159181554521
总理	1479	0.000166770574093325	0.593325952128615
蔬菜	1479	0.000166770574093325	0.593492722702708
领域	1473	0.000166094020040208	0.593658816722748
建筑	1472	0.000165981261031355	0.593824797983779
卖	1471	0.000165868502022502	0.593990666485802
院	1471	0.000165868502022502	0.594156534987824
税收	1470	0.000165755743013649	0.594322290730838
李鹏	1470	0.000165755743013649	0.594488046473852
转变	1469	0.000165642984004796	0.594653689457857
红	1468	0.000165530224995944	0.594819219682853
期	1466	0.000165304706978238	0.594984524389831
党政	1464	0.000165079188960532	0.595149603578791
多种	1462	0.000164853670942827	0.595314457249734
鼓励	1462	0.000164853670942827	0.595479310920677
出席	1461	0.000164740911933974	0.595644051832611
小康	1453	0.000163838839863151	0.595807890672474
另	1449	0.00016338780382774	0.595971278476302
采访	1448	0.000163275044818887	0.596134553521121
特别	1443	0.000162711249774623	0.596297264770896
积极性	1443	0.000162711249774623	0.59645997602067
整个	1437	0.000162034695721506	0.596622010716392
体现	1434	0.000161696418694948	0.596783707135087
山区	1432	0.000161470900677242	0.596945178035764
依靠	1427	0.000160907105632978	0.597106085141397
速度	1426	0.000160794346624125	0.597266879488021
如此	1426	0.000160794346624125	0.597427673834645
引导	1424	0.000160568828606419	0.597588242663251
用户	1424	0.000160568828606419	0.597748811491858
厅	1422	0.000160343310588714	0.597909154802446
民主	1421	0.000160230551579861	0.598069385354026
一样	1418	0.000159892274553302	0.598229277628579
突破	1418	0.000159892274553302	0.598389169903133
只要	1417	0.00015977951554445	0.598548949418677
公告	1415	0.000159553997526744	0.598708503416204
拥有	1415	0.000159553997526744	0.598868057413731
权	1412	0.000159215720500185	0.599027273134231
税	1412	0.000159215720500185	0.599186488854731
品种	1408	0.000158764684464774	0.599345253539196
你们	1407	0.000158651925455921	0.599503905464652
体育	1406	0.000158539166447069	0.599662444631099
上升	1405	0.000158426407438216	0.599820871038537
工商	1403	0.00015820088942051	0.599979071927958
系列	1403	0.00015820088942051	0.600137272817378
耕地	1402	0.000158088130411657	0.60029536094779
创	1400	0.000157862612393952	0.600453223560184
林	1400	0.000157862612393952	0.600611086172578
特色	1397	0.000157524335367393	0.600768610507945
遵义	1396	0.00015741157635854	0.600926022084303
周年	1396	0.00015741157635854	0.601083433660662
资料	1395	0.000157298817349687	0.601240732478012
多年	1395	0.000157298817349687	0.601398031295361
斗争	1391	0.000156847781314276	0.601554879076676
不到	1389	0.000156622263296571	0.601711501339972
非常	1385	0.000156171227261159	0.601867672567234
从而	1382	0.000155832950234601	0.602023505517468
巨大	1378	0.000155381914199189	0.602178887431667
效果	1373	0.000154818119154925	0.602333705550822
任	1372	0.000154705360146073	0.602488410910968
治疗	1369	0.000154367083119514	0.602642777994088
内部	1367	0.000154141565101808	0.60279691955919
纷纷	1366	0.000154028806092956	0.602950948365283
法	1363	0.000153690529066397	0.603104638894349
设	1362	0.000153577770057544	0.603258216664407
总结	1360	0.000153352252039839	0.603411568916446
越来越	1360	0.000153352252039839	0.603564921168486
不会	1359	0.000153239493030986	0.603718160661517
成员	1358	0.000153126734022133	0.603871287395539
刚	1354	0.000152675697986722	0.604023963093526
县委	1354	0.000152675697986722	0.604176638791513
称	1348	0.000151999143933605	0.604328637935446
决策	1345	0.000151660866907046	0.604480298802354
目的	1344	0.000151548107898193	0.604631846910252
桥	1342	0.000151322589880488	0.604783169500132
编辑	1340	0.000151097071862782	0.604934266571995
树立	1340	0.000151097071862782	0.605085363643858
专门	1339	0.000150984312853929	0.605236347956712
令人	1339	0.000150984312853929	0.605387332269566
宣布	1337	0.000150758794836224	0.605538091064402
套	1337	0.000150758794836224	0.605688849859238
母亲	1335	0.000150533276818518	0.605839383136056
手段	1331	0.000150082240783107	0.605989465376839
较大	1331	0.000150082240783107	0.606139547617622
读	1330	0.000149969481774254	0.606289517099397
个体	1329	0.000149856722765401	0.606439373822162
坐	1329	0.000149856722765401	0.606589230544927
用于	1329	0.000149856722765401	0.606739087267693
围绕	1329	0.000149856722765401	0.606888943990458
配套	1328	0.000149743963756548	0.607038687954215
农	1324	0.000149292927721137	0.607187980881936
广告	1323	0.000149180168712284	0.607337161050648
粮	1322	0.000149067409703431	0.607486228460352
活	1322	0.000149067409703431	0.607635295870055
精神文明	1321	0.000148954650694579	0.607784250520749
句	1320	0.000148841891685726	0.607933092412435
那些	1320	0.000148841891685726	0.608081934304121
执法	1319	0.000148729132676873	0.608230663436798
步	1319	0.000148729132676873	0.608379392569475
规范	1317	0.000148503614659167	0.608527896184134
跑	1316	0.000148390855650314	0.608676287039784
机遇	1316	0.000148390855650314	0.608824677895434
下降	1312	0.000147939819614903	0.608972617715049
系	1310	0.000147714301597198	0.609120332016647
筑	1309	0.000147601542588345	0.609267933559235
表彰	1309	0.000147601542588345	0.609415535101823
普遍	1308	0.000147488783579492	0.609563023885403
科学技术	1304	0.000147037747544081	0.609710061632947
                                                                                                                                                                                                                                                                                                                                                                                                                                                                                                                                                                                                                                                                                                                                                                                                                                                                                                                                                                                                                                                                                                                                                                                                                                                                                                                                                                                                                                                                                                                                                                                                                                                                                                                                                                                                                                                                                                                                                                                                                                                                                                                                                                                                                                                                                                                                                                                                                                                                                                                                                                                                                                                                                                                                                                                                                                                                                                                                                                                                                                                                                                                                                                                                                                                                                                                                                                                                                                                                                                                                                                                                                                                                                                                                                                                                                                                                                                                                                                                                                                                                                                                                                                                                                                                                                                                                                                                                                                                                                                                                                                                                                                                                                                                                                                                                                                                                                                                                                                                                                                                                                                                                                                                                                                                                                                                                                                                                                                                                                                                                                                                                                                                                                                                                                                                                                                                                                                                                                                                                                                                                                                                                                                                                                                                                                                                                                                                                                                                                                                                                                                                                                                                                                                                                                                                                                                                                                                                                                                                                                                                                                                                                                                                                                                                                                                                                                                                                                                                                                                                                                                                                                                                                                                                                                                                                                                                                                                                                                                                                                                                                                                                                                                                                                                                                                                                                                                                                                                                                                                                                                                                                                                                                                                                                                                                                                                                                                                                                                                                                                                                                                                                                                                                                                                                                                                                                                                                                                                                                                                                                                                                                                                                                                                                                                                                                                                                                                                                                                                                                                                                                                                                                                                                                                                                                                                                                                                                                                                                                                                                                                                                                                                                                                                                                                                                                                                                                                                                                                                                                                                                                                                                                                                                                                                                                                                                                                                                                                                                                                                                                                                                                                                                                                                                                                                                                                                                                                                                                                                                                                                                                                                                                                                                                                                                                                                                                                                                                                                                                                                                                                                                                                                                                                                                                                                                                                                                                                                                                                                                                                                                                                                                                                                                                                                                                                                                                                                                                                                                                                                                                                                                                                                                                                                                                                                                                                                                                                                                                                                                                                                                                                                                                                                                                                                                                                                                                                                                                                                                                                                                                                                                                                                                                                                                                                                                                                                                                                                                                                                                                                                                                                                                                                                                                                                                                                                                                                                                                                                                                                                                                                                                                                                                                                                                                                                                                                                                                             