的	468002	0.0557160029367446	0.0557160029367446
和	102051	0.0121492511051186	0.0678652540418632
在	101252	0.0120541295322483	0.0799193835741115
了	100073	0.0119137686631443	0.0918331522372558
是	66906	0.0079652114573994	0.0997983636946552
为	43426	0.00516989915327514	0.10496826284793
个	40285	0.00479596065466976	0.1097642235026
有	36715	0.00437094937163213	0.114135172874232
上	35392	0.00421344519027112	0.118348618064503
发展	34789	0.00414165757019502	0.122490275634698
中	34260	0.00407867970780653	0.126568955342505
对	33810	0.00402510685700347	0.130594062199508
要	33528	0.00399153453716688	0.134585596736675
这	30085	0.00358164270313367	0.138167239439809
工作	29254	0.00348271150531734	0.141649950945126
他	29247	0.00348187814986041	0.145131829094987
等	28559	0.0033999712135215	0.148531800308508
到	27965	0.00332925505046146	0.15186105535897
元	27939	0.00332615973019284	0.155187215089163
我	27666	0.00329365886737231	0.158480873956535
省	26073	0.00310401097552947	0.161584884932064
人	24782	0.00295031641911446	0.164535201351179
与	23807	0.00283424190904116	0.16736944326022
经济	23561	0.00280495541726882	0.170174398677489
多	23010	0.00273935843772995	0.172913757115219
企业	22884	0.0027243580395051	0.175638115154724
建设	22601	0.00269066666888895	0.178328781823613
地	22067	0.00262709355260265	0.180955875376215
不	22036	0.00262340297843621	0.183579278354652
也	21804	0.00259578319757775	0.186175061552229
以	20595	0.00245185080508685	0.188626912357316
说	19329	0.0023011325181609	0.190928044875477
将	18938	0.00225458366335202	0.193182628538829
从	18328	0.00218196268781897	0.195364591226648
就	18021	0.00214541409849333	0.197510005325141
年	17668	0.00210338917330782	0.199613394498449
着	16588	0.00197481433138046	0.20158820882983
已	16474	0.00196124254251035	0.20354945137234
把	15674	0.00186600191886047	0.205415453291201
大	15630	0.00186076368455972	0.20727621697576
后	15483	0.00184326321996405	0.209119480195724
两	15413	0.00183492966539469	0.210954409861119
我们	14485	0.00172445054196082	0.21267886040308
国家	14362	0.00170980729607465	0.214388667699155
来	14147	0.00168421137846874	0.216072879077623
生产	14096	0.00167813978871106	0.217751018866334
还	14080	0.00167623497623806	0.219427253842572
向	14040	0.00167147294505557	0.221098726787628
并	14031	0.0016704014880395	0.222769128275667
管理	14017	0.00166873477712563	0.224437863052793
都	13886	0.00165313912500296	0.226091002177796
新	13848	0.00164861519537959	0.227739617373176
下	13527	0.00161039989514007	0.229350017268316
市场	13493	0.00160635216863495	0.230956369436951
进行	13379	0.00159278037976484	0.232549149816716
好	13357	0.00159016126261447	0.23413931107933
出	13333	0.00158730404390498	0.235726615123235
问题	13183	0.00156944642697062	0.237296061550206
社会	12863	0.00153135017751066	0.238827411727716
使	12648	0.00150575425990476	0.240333165987621
而	12527	0.00149134911557771	0.241824515103199
又	12414	0.00147789637748716	0.243302411480686
领导	12274	0.00146122926834843	0.244763640749034
图片	12164	0.00144813368259657	0.246211774431631
中国	12078	0.00143789531555421	0.247649669747185
他们	11967	0.00142468067902279	0.249074350426208
干部	11895	0.0014161090228943	0.250490459449102
部门	11869	0.00141301370262568	0.251903473151728
被	11560	0.00137622701174091	0.253279700163469
提高	11439	0.00136182186741386	0.254641522030883
该	11408	0.00135813129324743	0.25599965332413
名	11297	0.00134491665671601	0.257344569980846
由	11285	0.00134348804736126	0.258688058028207
加强	10803	0.0012861055716122	0.259974163599819
之	10747	0.00127943872795671	0.261253602327776
技术	10689	0.00127253378274209	0.262526136110518
时	10522	0.00125265230255518	0.263778788413073
县	10455	0.0012446759003245	0.265023464313398
政府	10421	0.00124062817381938	0.266264092487217
群众	10061	0.00119776989317693	0.267461862380394
农民	10057	0.00119729369005868	0.268659156070453
全国	9880	0.00117622170207614	0.269835377772529
但	9818	0.00116884055374327	0.271004218326272
会	9758	0.00116169750696953	0.272165915833242
人民	9711	0.0011561021203301	0.273322017953572
家	9644	0.00114812571809942	0.274470143671671
组织	9593	0.00114205412834174	0.275612197800013
教育	9560	0.00113812545261618	0.276750323252629
次	9447	0.00112467271452564	0.277874995967155
于	9398	0.00111883922632708	0.278993835193482
科技	9253	0.00110157686329054	0.280095412056773
农业	9197	0.00109491001963505	0.281190322076408
及	9090	0.00108217158622187	0.28227249366263
贵州	9082	0.00108121917998537	0.283353712842615
活动	9065	0.00107919531673281	0.284432908159348
开发	9052	0.0010776476565985	0.285510555815946
工程	9046	0.00107693335192113	0.286587489167867
里	8990	0.00107026650826564	0.287657755676133
条	8969	0.00106776644189483	0.288725522118028
有关	8952	0.00106574257864227	0.28979126469667
做	8878	0.00105693282095465	0.290848197517625
起	8865	0.00105538516082034	0.291903582678445
本	8776	0.00104478964143929	0.292948372319884
所	8526	0.0010150269465487	0.293963399266433
资金	8452	0.00100621718886109	0.294969616455294
农村	8412	0.00100145515767859	0.295971071612973
用	8316	0.000990026282840604	0.296961097895813
各	8308	0.000989073876604105	0.297950171772417
她	8272	0.00098478804853986	0.298934959820957
项目	8257	0.000983002286846425	0.299917962107804
服务	8187	0.000974668732277059	0.300892630840081
给	8087	0.000962763654320823	0.301855394494402
作	8026	0.000955501556767519	0.302810896051169
要求	8023	0.000955144404428832	0.303766040455598
自己	8010	0.000953596744294521	0.304719637199893
产品	7969	0.000948715662332464	0.305668352862225
重要	7956	0.000947168002198154	0.306615520864423
位	7947	0.000946096545182092	0.307561617409605
地区	7941	0.000945382240504718	0.30850699965011
公司	7886	0.000938834447628788	0.309445834097739
你	7858	0.000935501025801042	0.31038133512354
其	7833	0.000932524756311983	0.311313859879852
村	7803	0.000928953232925112	0.312242813112777
据	7796	0.000928119877468176	0.313170932990245
种	7629	0.000908238397281261	0.314079171387526
全省	7545	0.000898238131798023	0.314977409519324
会议	7443	0.000886094952282662	0.315863504471607
厂	7433	0.000884904444487038	0.316748408916094
实现	7363	0.000876570889917673	0.317624979806012
可	7332	0.00087288031575124	0.318497860121763
单位	7324	0.000871927909514741	0.319369788031278
通过	7321	0.000871570757176054	0.320241358788454
改革	7236	0.000861451440913253	0.321102810229367
情况	7216	0.000859070425322006	0.321961880654689
今年	7209	0.000858237069865069	0.322820117724554
没有	7150	0.00085121307387089	0.323671330798425
本报讯	7144	0.000850498769193516	0.324521829567618
同时	7092	0.000844308128656273	0.325366137696275
一些	7025	0.000836331726425594	0.3262024694227
得	6991	0.000832283999920474	0.327034753422621
建立	6874	0.000818355058711678	0.327853108481332
达	6859	0.000816569297018242	0.328669677778351
基础	6834	0.000813593027529183	0.32948327080588
记者	6776	0.000806688082314566	0.330289958888194
增长	6767	0.000805616625298505	0.331095575513493
文化	6755	0.000804188015943757	0.331899763529437
市	6744	0.000802878457368571	0.332702641986805
投资	6732	0.000801449848013822	0.333504091834819
去	6726	0.000800735543336448	0.334304827378155
亩	6715	0.000799425984761262	0.335104253362917
内	6704	0.000798116426186076	0.335902369789103
党	6702	0.000797878324626951	0.33670024811373
几	6693	0.00079680686761089	0.337497054981341
人员	6628	0.000789068566939337	0.33828612354828
电	6597	0.000785377992772903	0.339071501541053
或	6596	0.000785258941993341	0.339856760483046
规定	6547	0.000779425453794785	0.340636185936841
同志	6532	0.00077763969210135	0.341413825628942
重点	6514	0.000775496778069227	0.342189322407012
能	6481	0.000771568102343669	0.342960890509355
解决	6463	0.000769425188311547	0.343730315697667
开展	6456	0.00076859183285461	0.344498907530521
目前	6432	0.000765734614145114	0.345264642144666
经营	6408	0.000762877395435617	0.346027519540102
主要	6359	0.000757043907237061	0.346784563447339
精神	6339	0.000754662891645814	0.347539226338985
实施	6337	0.000754424790086689	0.348293651129072
比	6274	0.00074692459097426	0.349040575720046
增加	6254	0.000744543575383013	0.349785119295429
天	6250	0.000744067372264764	0.350529186667694
生活	6249	0.000743948321485201	0.351273134989179
过	6201	0.000738233884066208	0.352011368873245
方面	6176	0.000735257614577149	0.352746626487822
职工	6119	0.000728471720142094	0.353475098207964
项	6045	0.000719661962454479	0.354194760170419
我国	6021	0.000716804743744983	0.354911564914164
积极	5978	0.000711685560223801	0.355623250474388
第一	5967	0.000710376001648615	0.356333626476036
思想	5942	0.000707399732159556	0.357041026208196
提出	5938	0.000706923529041307	0.357747949737237
小	5832	0.000694304146407696	0.358442253883645
学生	5798	0.000690256419902576	0.359132510303547
制度	5734	0.000682637170010585	0.359815147473558
学习	5725	0.000681565712994524	0.360496713186553
新闻	5693	0.000677756088048528	0.361174469274601
成为	5687	0.000677041783371154	0.361851511057972
以上	5638	0.000671208295172598	0.362522719353145
进一步	5638	0.000671208295172598	0.363193927648317
资源	5634	0.000670732092054349	0.363864659740372
作为	5627	0.000669898736597412	0.364534558476969
必须	5623	0.000669422533479163	0.365203981010448
目标	5609	0.00066775582256529	0.365871736833014
质量	5574	0.000663589045280607	0.366535325878294
坚持	5558	0.000661684232807609	0.367197010111102
各级	5524	0.000657636506302489	0.367854646617404
这个	5509	0.000655850744609053	0.368510497362013
这些	5496	0.000654303084474743	0.369164800446488
户	5485	0.000652993525899557	0.369817793972388
高	5485	0.000652993525899557	0.370470787498287
政策	5467	0.000650850611867434	0.371121638110155
去年	5457	0.00064966010407181	0.371771298214226
完成	5390	0.000641683701841132	0.372412981916068
办	5383	0.000640850346384196	0.373053832262452
区	5363	0.000638469330792948	0.373692301593245
新华社	5363	0.000638469330792948	0.374330770924038
美国	5314	0.000632635842594393	0.374963406766632
参加	5293	0.000630135776223583	0.375593542542855
政治	5262	0.00062644520205715	0.376219987744913
至	5232	0.000622873678670279	0.376842861423583
贵阳	5212	0.000620492663079032	0.377463354086662
前	5202	0.000619302155283408	0.378082656241945
实行	5183	0.000617040190471723	0.378699696432417
可以	5165	0.000614897276439601	0.379314593708857
条件	5155	0.000613706768643977	0.379928300477501
形成	5146	0.000612635311627916	0.380540935789128
万	5132	0.000610968600714043	0.381151904389842
国际	5109	0.000608230432784108	0.381760134822627
努力	5107	0.000607992331224984	0.382368127153852
更	5091	0.000606087518751986	0.382974214672604
社会主义	5053	0.000601563589128616	0.383575778261732
世界	5017	0.000597277761064371	0.384173056022797
措施	4975	0.000592277628322752	0.384765333651119
扶贫	4917	0.000585372683108135	0.385350706334227
水平	4916	0.000585253632328573	0.385935959966556
吨	4897	0.000582991667516888	0.386518951634073
贵阳市	4887	0.000581801159721264	0.387100752793794
促进	4887	0.000581801159721264	0.387682553953516
由于	4887	0.000581801159721264	0.388264355113237
作用	4878	0.000580729702705203	0.388845084815942
任务	4877	0.00058061065192564	0.389425695467868
抓	4876	0.000580491601146078	0.390006187069014
外	4838	0.000575967671522708	0.390582154740536
学校	4822	0.00057406285904971	0.391156217599586
应	4815	0.000573229503592774	0.391729447103179
研究	4811	0.000572753300474524	0.392302200403653
关系	4806	0.000572158046576713	0.39287435845023
环境	4795	0.000570848488001527	0.393445206938232
就是	4775	0.000568467472410279	0.394013674410642
需要	4768	0.000567634116953343	0.394581308527595
却	4768	0.000567634116953343	0.395148942644549
让	4763	0.000567038863055531	0.395715981507604
以来	4752	0.000565729304480345	0.396281710812085
取得	4718	0.000561681577975225	0.39684339239006
投入	4716	0.0005614434764161	0.397404835866476
自	4710	0.000560729171738726	0.397965565038215
计划	4703	0.000559895816281789	0.398525460854496
决定	4686	0.000557871953029229	0.399083332807526
那	4677	0.000556800496013168	0.399640133303539
基本	4675	0.000556562394454043	0.400196695697993
乡	4640	0.000552395617169361	0.400749091315162
很	4638	0.000552157515610236	0.401301248830772
工业	4636	0.000551919414051111	0.401853168244824
继续	4610	0.00054882409378249	0.402401992338606
看	4574	0.000544538265718245	0.402946530604324
占	4568	0.000543823961040871	0.403490354565365
近	4549	0.000541561996229186	0.404031916561594
贫困	4537	0.000540133386874437	0.404572049948469
其中	4516	0.000537633320503628	0.405109683268972
地方	4490	0.000534538000235006	0.405644221269207
开始	4469	0.000532037933864197	0.406176259203072
产业	4448	0.000529537867493387	0.406705797070565
届	4401	0.000523942480853956	0.407229739551419
城市	4384	0.000521918617601396	0.40775165816902
认为	4350	0.000517870891096276	0.408269529060117
采取	4336	0.000516204180182402	0.408785733240299
结合	4312	0.000513346961472906	0.409299080201772
再	4312	0.000513346961472906	0.409812427163245
民族	4296	0.000511442148999908	0.410323869312245
日	4293	0.000511084996661221	0.410834954308906
落实	4278	0.000509299234967785	0.411344253543874
利用	4269	0.000508227777951724	0.411852481321826
收入	4264	0.000507632524053912	0.412360113845879
提供	4250	0.000505965813140039	0.412866079659019
余	4240	0.000504775305344416	0.413370854964364
这样	4239	0.000504656254564853	0.413875511218929
走	4237	0.000504418153005729	0.414379929371934
发生	4236	0.000504299102226166	0.414884228474161
因	4215	0.000501799035855357	0.415386027510016
加快	4193	0.000499179918704985	0.415885207428721
部分	4188	0.000498584664807173	0.416383792093528
局	4184	0.000498108461688923	0.416881900555217
机关	4154	0.000494536938302053	0.417376437493519
部	4139	0.000492751176608617	0.417869188670128
时间	4138	0.000492632125829055	0.418361820795957
共	4130	0.000491679719592556	0.418853500515549
宣传	4127	0.000491322567253869	0.419344823082803
最	4099	0.000487989145426123	0.419832812228229
省委	4095	0.000487512942307873	0.420320325170537
精神文明	4082	0.000485965282173562	0.420806290452711
同	4075	0.000485131926716626	0.421291422379427
成	4068	0.000484298571259689	0.421775720950687
香港	4013	0.000477750778383759	0.422253471729071
按	3983	0.000474179254996889	0.422727650984068
达到	3966	0.000472155391744328	0.423199806375812
先进	3956	0.000470964883948705	0.423670771259761
根据	3950	0.000470250579271331	0.424141021839032
支持	3947	0.000469893426932644	0.424610915265965
以及	3947	0.000469893426932644	0.425080808692897
报	3946	0.000469774376153081	0.42555058306905
得到	3946	0.000469774376153081	0.426020357445204
不能	3944	0.000469536274593956	0.426489893719797
点	3932	0.000468107665239208	0.426958001385037
发挥	3904	0.000464774243411462	0.427422775628448
合作	3890	0.000463107532497589	0.427885883160946
公路	3886	0.000462631329379339	0.428348514490325
镇	3880	0.000461917024701965	0.428810431515027
不断	3877	0.000461559872363278	0.42927199138739
为了	3875	0.000461321770804153	0.429733313158194
历史	3868	0.000460488415347217	0.430193801573542
今天	3868	0.000460488415347217	0.430654289988889
全面	3868	0.000460488415347217	0.431114778404236
统一	3849	0.000458226450535532	0.431573004854772
北京	3843	0.000457512145858158	0.43203051700063
代表	3832	0.000456202587282972	0.432486719587913
使用	3827	0.00045560733338516	0.432942326921298
只	3821	0.000454893028707786	0.433397219950006
处	3784	0.000450488149863979	0.43384770809987
认真	3774	0.000449297642068355	0.434297005741938
水	3770	0.000448821438950105	0.434745827180888
这种	3764	0.000448107134272731	0.435193934315161
效益	3761	0.000447749981934044	0.435641684297095
具有	3760	0.000447630931154482	0.436089315228249
如	3760	0.000447630931154482	0.436536946159404
当	3755	0.00044703567725667	0.436983981836661
经	3752	0.000446678524917983	0.437430660361579
仅	3739	0.000445130864783672	0.437875791226362
困难	3739	0.000445130864783672	0.438320922091146
批	3731	0.000444178458547173	0.438765100549693
举行	3725	0.000443464153869799	0.439208564703563
它	3712	0.000441916493735488	0.439650481197298
便	3711	0.000441797442955926	0.440092278640254
稳定	3685	0.000438702122687305	0.440530980762942
事业	3684	0.000438583071907742	0.440969563834849
一定	3682	0.000438344970348618	0.441407908805198
法律	3675	0.000437511614891681	0.44184542042009
公斤	3641	0.000433463888386561	0.442278884308476
基地	3631	0.000432273380590937	0.442711157689067
人们	3606	0.000429297111101878	0.443140454800169
能力	3595	0.000427987552526692	0.443568442352696
严重	3590	0.00042739229862888	0.443995834651325
起来	3586	0.000426916095510631	0.444422750746835
保护	3583	0.000426558943171944	0.444849309690007
各种	3581	0.000426320841612819	0.44527563053162
充分	3579	0.000426082740053694	0.445701713271674
保证	3575	0.000425606536935445	0.446127319808609
实际	3575	0.000425606536935445	0.446552926345545
监督	3566	0.000424535079919384	0.446977461425464
粮食	3564	0.000424296978360259	0.447401758403824
岁	3556	0.00042334457212376	0.447825102975948
钱	3551	0.000422749318225948	0.448247852294174
无	3538	0.000421201658091637	0.448669053952266
现在	3537	0.000421082607312075	0.449090136559578
机构	3531	0.000420368302634701	0.449510504862212
素质	3530	0.000420249251855139	0.449930754114067
行政	3525	0.000419653997957327	0.450350408112025
希望	3522	0.00041929684561864	0.450769704957643
优势	3496	0.000416201525350018	0.451185906482993
米	3474	0.000413582408199646	0.451599488891193
中央	3473	0.000413463357420084	0.452012952248613
广大	3465	0.000412510951183585	0.452425463199797
检查	3458	0.000411677595726648	0.452837140795523
路	3450	0.00041072518949015	0.453247865985014
影响	3442	0.000409772783253651	0.453657638768267
犯罪	3426	0.000407867970780653	0.454065506739048
带	3399	0.000404653599732469	0.45447016033878
帮助	3387	0.000403224990377721	0.454873385329158
中心	3383	0.000402748787259471	0.455276134116418
表示	3363	0.000400367771668224	0.455676501888086
依法	3362	0.000400248720888662	0.456076750608974
经过	3354	0.000399296314652163	0.456476046923627
分	3352	0.000399058213093038	0.45687510513672
关于	3351	0.000398939162313476	0.457274044299033
出现	3336	0.00039715340062004	0.457671197699653
发现	3332	0.000396677197501791	0.458067874897155
安全	3330	0.000396439095942666	0.458464313993098
许多	3321	0.000395367638926605	0.458859681632024
院	3318	0.000395010486587918	0.459254692118612
抓好	3309	0.000393939029571857	0.459648631148184
商品	3288	0.000391438963201047	0.460040070111385
书记	3278	0.000390248455405423	0.460430318566791
科学	3275	0.000389891303066736	0.460820209869857
培训	3269	0.000389176998389362	0.461209386868247
长	3255	0.000387510287475489	0.461596897155722
价格	3242	0.000385962627341178	0.461982859783063
山	3235	0.000385129271884242	0.462367989054947
全	3235	0.000385129271884242	0.462753118326832
个人	3228	0.000384295916427305	0.463137414243259
第二	3225	0.000383938764088618	0.463521353007348
交通	3197	0.000380605342260872	0.463901958349608
打	3196	0.00038048629148131	0.46428244464109
办法	3193	0.000380129139142622	0.464662573780232
乡镇企业	3175	0.0003779862251105	0.465040560005343
贵州省	3161	0.000376319514196627	0.46541687951954
文明	3159	0.000376081412637502	0.465792960932177
正	3158	0.00037596236185794	0.466168923294035
系统	3158	0.00037596236185794	0.466544885655893
教师	3111	0.000370366975218509	0.466915252631111
月	3103	0.00036941456898201	0.467284667200093
件	3100	0.000369057416643323	0.467653724616737
分别	3094	0.000368343111965949	0.468022067728703
级	3088	0.000367628807288574	0.468389696535991
事	3077	0.000366319248713388	0.468756015784705
各地	3074	0.000365962096374701	0.469121977881079
结构	3070	0.000365485893256452	0.469487463774336
则	3065	0.00036489063935864	0.469852354413694
人才	3052	0.000363342979224329	0.470215697392919
销售	3051	0.000363223928444767	0.470578921321364
按照	3046	0.000362628674546955	0.470941549995911
总	3045	0.000362509623767393	0.471304059619678
方式	3040	0.000361914369869581	0.471665973989548
重视	3039	0.000361795319090019	0.472027769308638
贷款	3030	0.000360723862073957	0.472388493170712
已经	3028	0.000360485760514833	0.472748978931226
执行	3013	0.000358699998821397	0.473107678930048
其他	2991	0.000356080881671025	0.473463759811719
处理	2988	0.000355723729332338	0.473819483541051
有的	2985	0.000355366576993651	0.474174850118045
才	2980	0.000354771323095839	0.474529621441141
大力	2976	0.00035429511997759	0.474883916561118
曾	2975	0.000354176069198028	0.475238092630316
增强	2969	0.000353461764520653	0.475591554394837
公里	2968	0.000353342713741091	0.475944897108578
讲	2951	0.000351318850488531	0.476296215959067
青年	2950	0.000351199799708968	0.476647415758776
公告	2946	0.000350723596590719	0.476998139355366
共同	2944	0.000350485495031594	0.477348624850398
设施	2931	0.000348937834897284	0.477697562685295
场	2921	0.00034774732710166	0.478045310012397
规模	2911	0.000346556819306036	0.478391866831703
制定	2909	0.000346318717746912	0.47873818554945
应当	2907	0.000346080616187787	0.479084266165637
车	2896	0.000344771057612601	0.47942903722325
即	2894	0.000344532956053476	0.479773570179304
正在	2892	0.000344294854494351	0.480117865033798
召开	2886	0.000343580549816977	0.480461445583615
未	2882	0.000343104346698728	0.480804549930314
每	2879	0.000342747194360041	0.481147297124674
不仅	2878	0.000342628143580478	0.481489925268254
贯彻	2874	0.000342151940462229	0.481832077208716
重大	2862	0.000340723331107481	0.482172800539824
每年	2854	0.000339770924870982	0.482512571464695
搞	2849	0.00033917567097317	0.482851747135668
理论	2846	0.000338818518634483	0.483190565654302
队伍	2831	0.000337032756941047	0.483527598411243
指出	2826	0.000336437503043236	0.483864035914287
行为	2822	0.000335961299924986	0.484199997214212
进入	2812	0.000334770792129363	0.484534768006341
良好	2791	0.000332270725758553	0.4848670387321
市场经济	2773	0.00033012781172643	0.485197166543826
人口	2772	0.000330008760946868	0.485527175304773
党委	2770	0.000329770659387743	0.485856945964161
成立	2768	0.000329532557828619	0.486186478521989
责任	2758	0.000328342050032995	0.486514820572022
站	2754	0.000327865846914745	0.486842686418937
推广	2753	0.000327746796135183	0.487170433215072
扩大	2751	0.000327508694576058	0.487497941909648
国务院	2741	0.000326318186780435	0.487824260096429
百	2733	0.000325365780543936	0.488149625876973
建	2732	0.000325246729764374	0.488474872606737
江泽民	2730	0.000325008628205249	0.488799881234942
财政	2727	0.000324651475866562	0.489124532710809
数	2726	0.000324532425086999	0.489449065135896
进	2719	0.000323699069630063	0.489772764205526
想	2717	0.000323460968070938	0.490096225173597
指导	2709	0.000322508561834439	0.490418733735431
受到	2707	0.000322270460275314	0.490741004195706
获得	2706	0.000322151409495752	0.491063155605202
标准	2705	0.00032203235871619	0.491385187963918
这里	2704	0.000321913307936627	0.491707101271855
案件	2696	0.000320960901700128	0.492028062173555
集体	2694	0.000320722800141004	0.492348784973696
体制	2693	0.000320603749361441	0.492669388723058
这次	2681	0.000319175140006693	0.492988563863064
造成	2680	0.000319056089227131	0.493307619952291
经验	2673	0.000318222733770194	0.493625842686062
各项	2670	0.000317865581431507	0.493943708267493
调整	2662	0.000316913175195008	0.494260621442688
委	2662	0.000316913175195008	0.494577534617883
十分	2658	0.000316436972076759	0.49489397158996
培养	2651	0.000315603616619822	0.49520957520658
深入	2647	0.000315127413501573	0.495524702620081
因此	2647	0.000315127413501573	0.495839830033583
烤烟	2644	0.000314770261162886	0.496154600294746
面积	2644	0.000314770261162886	0.496469370555909
联合	2636	0.000313817854926387	0.496783188410835
台湾	2623	0.000312270194792076	0.497095458605627
台	2621	0.000312032093232951	0.49740749069886
均	2621	0.000312032093232951	0.497719522792093
综合	2615	0.000311317788555577	0.498030840580649
烟	2613	0.000311079686996452	0.498341920267645
乡镇	2609	0.000310603483878203	0.498652523751523
日本	2605	0.000310127280759954	0.498962651032283
严格	2600	0.000309532026862142	0.499272183059145
逐步	2597	0.000309174874523455	0.499581357933669
专家	2596	0.000309055823743892	0.499890413757413
战略	2584	0.000307627214389144	0.500198040971802
负责	2584	0.000307627214389144	0.500505668186191
安排	2579	0.000307031960491332	0.500812700146682
全县	2576	0.000306674808152645	0.501119374954835
土地	2576	0.000306674808152645	0.501426049762988
老	2573	0.000306317655813958	0.501732367418801
改善	2572	0.000306198605034396	0.502038566023836
六	2571	0.000306079554254833	0.502344645578091
委员会	2568	0.000305722401916146	0.502650367980007
组	2559	0.000304650944900085	0.502955018924907
只有	2554	0.000304055691002273	0.503259074615909
州	2551	0.000303698538663586	0.503562773154573
规划	2547	0.000303222335545336	0.503865995490118
加大	2543	0.000302746132427087	0.504168741622545
认识	2541	0.000302508030867962	0.504471249653413
业务	2540	0.0003023889800884	0.504773638633502
介绍	2536	0.000301912776970151	0.505075551410472
过去	2533	0.000301555624631463	0.505377107035103
调查	2521	0.000300127015276715	0.50567723405038
省政府	2516	0.000299531761378903	0.505976765811759
受	2515	0.000299412710599341	0.506276178522358
行业	2514	0.000299293659819779	0.506575472182178
随	2504	0.000298103152024155	0.506873575334202
竞争	2498	0.000297388847346781	0.507170964181549
此	2498	0.000297388847346781	0.507468353028895
全部	2494	0.000296912644228531	0.507765265673124
非	2491	0.000296555491889844	0.508061821165014
建成	2491	0.000296555491889844	0.508358376656904
特别是	2486	0.000295960237992032	0.508654336894896
号	2484	0.000295722136432908	0.508950059031329
什么	2480	0.000295245933314658	0.509245304964643
学	2480	0.000295245933314658	0.509540550897958
而且	2480	0.000295245933314658	0.509835796831273
成果	2476	0.000294769730196409	0.510130566561469
了解	2474	0.000294531628637284	0.510425098190106
利益	2474	0.000294531628637284	0.510719629818744
成绩	2465	0.000293460171621223	0.511013089990365
第三	2460	0.000292864917723411	0.511305954908088
还有	2456	0.000292388714605162	0.511598343622693
报告	2452	0.000291912511486912	0.51189025613418
如果	2441	0.000290602952911726	0.512180859087092
国	2441	0.000290602952911726	0.512471462040004
完善	2436	0.000290007699013914	0.512761469739017
汽车	2423	0.000288460038879604	0.513049929777897
先后	2416	0.000287626683422667	0.51333755646132
美元	2416	0.000287626683422667	0.513625183144742
传统	2415	0.000287507632643105	0.513912690777385
不少	2415	0.000287507632643105	0.514200198410029
孩子	2414	0.000287388581863542	0.514487586991892
行	2414	0.000287388581863542	0.514774975573756
专业	2412	0.000287150480304418	0.51506212605406
旅游	2412	0.000287150480304418	0.515349276534364
仍	2411	0.000287031429524855	0.515636307963889
集中	2408	0.000286674277186168	0.515922982241075
开	2407	0.000286555226406606	0.516209537467482
改造	2404	0.000286198074067919	0.51649573554155
现象	2403	0.000286079023288356	0.516781814564838
不是	2398	0.000285483769390545	0.517067298334229
原则	2398	0.000285483769390545	0.517352782103619
切实	2396	0.00028524566783142	0.517638027771451
健康	2377	0.000282983703019735	0.51792101147447
吃	2368	0.000281912246003674	0.518202923720474
保持	2368	0.000281912246003674	0.518484835966478
力度	2365	0.000281555093664987	0.518766391060143
或者	2365	0.000281555093664987	0.519047946153808
劳动	2357	0.000280602687428488	0.519328548841236
靠	2353	0.000280126484310238	0.519608675325547
教学	2352	0.000280007433530676	0.519888682759077
见	2339	0.000278459773396365	0.520167142532474
校	2337	0.00027822167183724	0.520445364204311
存在	2335	0.000277983570278116	0.520723347774589
有效	2329	0.000277269265600742	0.52100061704019
推进	2326	0.000276912113262054	0.521277529153452
人均	2325	0.000276793062482492	0.521554322215934
不同	2325	0.000276793062482492	0.521831115278417
因为	2324	0.00027667401170293	0.52210778929012
找	2317	0.000275840656245993	0.522383629946366
创造	2312	0.000275245402348181	0.522658875348714
图	2310	0.000275007300789057	0.522933882649503
看到	2308	0.000274769199229932	0.523208651848733
强调	2301	0.000273935843772995	0.523482587692506
转变	2301	0.000273935843772995	0.523756523536279
突出	2301	0.000273935843772995	0.524030459380052
党员	2297	0.000273459640654746	0.524303919020707
成功	2296	0.000273340589875184	0.524577259610582
头	2293	0.000272983437536496	0.524850243048118
及时	2293	0.000272983437536496	0.525123226485655
农户	2293	0.000272983437536496	0.525396209923191
片	2291	0.000272745335977372	0.525668955259168
没	2288	0.000272388183638685	0.525941343442807
设备	2285	0.000272031031299998	0.526213374474107
优秀	2280	0.000271435777402186	0.526484810251509
知识	2277	0.000271078625063499	0.526755888876573
村民	2275	0.000270840523504374	0.527026729400077
行动	2275	0.000270840523504374	0.527297569923582
内容	2272	0.000270483371165687	0.527568053294747
放	2258	0.000268816660251814	0.527836869954999
儿童	2243	0.000267030898558378	0.528103900853557
意见	2243	0.000267030898558378	0.528370931752116
最近	2243	0.000267030898558378	0.528637962650674
形式	2231	0.00026560228920363	0.528903564939878
产生	2228	0.000265245136864943	0.529168810076743
家庭	2228	0.000265245136864943	0.529434055213608
直接	2215	0.000263697476730632	0.529697752690338
原因	2208	0.000262864121273696	0.529960616811612
像	2197	0.00026155456269851	0.530222171374311
贡献	2195	0.000261316461139385	0.53048348783545
手	2194	0.000261197410359823	0.53074468524581
重	2190	0.000260721207241573	0.531005406453051
方	2187	0.000260364054902886	0.531265770507954
信息	2186	0.000260245004123324	0.531526015512078
现代化	2185	0.000260125953343761	0.531786141465421
长期	2184	0.000260006902564199	0.532046148367986
机制	2182	0.000259768801005074	0.532305917168991
获	2180	0.00025953069944595	0.532565447868437
电话	2178	0.000259292597886825	0.532824740466323
推动	2175	0.000258935445548138	0.533083675911872
当地	2171	0.000258459242429888	0.533342135154301
联系	2169	0.000258221140870764	0.533600356295172
之一	2160	0.000257149683854702	0.533857505979027
接	2157	0.000256792531516015	0.534114298510543
维护	2154	0.000256435379177328	0.53437073388972
包括	2147	0.000255602023720392	0.534626335913441
少	2139	0.000254649617483893	0.534880985530925
如何	2139	0.000254649617483893	0.535135635148408
力量	2138	0.00025453056670433	0.535390165715113
案	2135	0.000254173414365643	0.535644339129478
对于	2135	0.000254173414365643	0.535898512543844
书	2130	0.000253578160467831	0.536152090704312
资产	2123	0.000252744805010895	0.536404835509323
搞好	2114	0.000251673347994834	0.536656508857318
住	2111	0.000251316195656147	0.536907825052974
线	2110	0.000251197144876584	0.53715902219785
快	2109	0.000251078094097022	0.537410100291947
买	2109	0.000251078094097022	0.537661178386044
铁路	2098	0.000249768535521836	0.537910946921566
花	2090	0.000248816129285337	0.538159763050851
道	2088	0.000248578027726212	0.538408341078577
入	2086	0.000248339926167088	0.538656681004745
过程	2079	0.000247506570710151	0.538904187575455
还是	2079	0.000247506570710151	0.539151694146165
一起	2078	0.000247387519930589	0.539399081666096
写	2075	0.000247030367591902	0.539646112033687
国内	2060	0.000245244605898466	0.539891356639586
干	2059	0.000245125555118904	0.540136482194705
具体	2054	0.000244530301221092	0.540381012495926
开放	2052	0.000244292199661967	0.540625304695588
正确	2047	0.000243696945764155	0.540869001641352
上海	2043	0.000243220742645906	0.541112222383998
接受	2042	0.000243101691866344	0.541355324075864
送	2040	0.000242863590307219	0.541598187666172
间	2039	0.000242744539527657	0.541840932205699
明确	2039	0.000242744539527657	0.542083676745227
确保	2035	0.000242268336409407	0.542325945081636
既	2031	0.000241792133291158	0.542567737214927
总统	2029	0.000241554031732033	0.542809291246659
自然	2028	0.000241434980952471	0.543050726227612
相	2028	0.000241434980952471	0.543292161208564
之间	2018	0.000240244473156847	0.543532405681721
都是	2017	0.000240125422377285	0.543772531104098
控制	2011	0.00023941111769991	0.544011942221798
斗争	2011	0.00023941111769991	0.544251353339498
负责人	2008	0.000239053965361223	0.544490407304859
方针	2004	0.000238577762242974	0.544728985067102
批准	2002	0.000238339660683849	0.544967324727786
贵	2001	0.000238220609904287	0.54520554533769
种植	1994	0.00023738725444735	0.545442932592138
大量	1992	0.000237149152888225	0.545680081745026
高度	1990	0.000236911051329101	0.545916992796355
国有企业	1986	0.000236434848210851	0.546153427644566
队	1984	0.000236196746651727	0.546389624391218
实践	1979	0.000235601492753915	0.546625225883972
双	1978	0.000235482441974352	0.546860708325946
组成	1977	0.00023536339119479	0.547096071717141
进步	1975	0.000235125289635665	0.547331197006776
意识	1969	0.000234410984958291	0.547565607991735
才能	1958	0.000233101426383105	0.547798709418118
支	1954	0.000232625223264856	0.548031334641383
体系	1954	0.000232625223264856	0.548263959864647
首先	1946	0.000231672817028357	0.548495632681676
结果	1945	0.000231553766248794	0.548727186447925
酒	1943	0.00023131566468967	0.548958502112614
比较	1940	0.000230958512350983	0.549189460624965
原	1939	0.00023083946157142	0.549420300086537
段	1937	0.000230601360012296	0.549650901446549
参与	1933	0.000230125156894046	0.549881026603443
改革开放	1925	0.000229172750657547	0.550110199354101
讲话	1922	0.00022881559831886	0.55033901495242
话	1920	0.000228577496759735	0.550567592449179
革命	1920	0.000228577496759735	0.550796169945939
加工	1918	0.000228339395200611	0.55102450934114
低	1915	0.000227982242861924	0.551252491584002
美	1914	0.000227863192082361	0.551480354776084
给予	1912	0.000227625090523237	0.551707979866607
观念	1908	0.000227148887404987	0.551935128754012
请	1903	0.000226553633507175	0.552161682387519
通知	1899	0.000226077430388926	0.552387759817908
但是	1899	0.000226077430388926	0.552613837248297
转	1898	0.000225958379609363	0.552839795627907
引进	1895	0.000225601227270676	0.553065396855177
道德	1885	0.000224410719475053	0.553289807574652
明显	1884	0.00022429166869549	0.553514099243348
除	1881	0.000223934516356803	0.553738033759705
合理	1878	0.000223577364018116	0.553961611123723
金融	1876	0.000223339262458991	0.554184950386182
八	1871	0.00022274400856118	0.554407694394743
丰富	1868	0.000222386856222493	0.554630081250965
大家	1865	0.000222029703883805	0.554852110954849
银行	1864	0.000221910653104243	0.555074021607953
份	1859	0.000221315399206431	0.55529533700716
基层	1858	0.000221196348426869	0.555516533355587
座	1855	0.000220839196088182	0.555737372551675
心	1854	0.00022072014530862	0.555958092696984
建议	1849	0.000220124891410808	0.556178217588394
统计	1848	0.000220005840631245	0.556398223429026
改	1844	0.000219529637512996	0.556617753066539
和平	1841	0.000219172485174309	0.556836925551713
面	1840	0.000219053434394746	0.557055978986108
最大	1836	0.000218577231276497	0.557274556217384
主席	1833	0.00021822007893781	0.557492776296322
国有	1829	0.00021774387581956	0.557710520172142
医院	1829	0.00021774387581956	0.557928264047961
协调	1829	0.00021774387581956	0.558146007923781
减少	1821	0.000216791469583062	0.558362799393364
卫生	1816	0.00021619621568525	0.558578995609049
保障	1815	0.000216077164905687	0.558795072773955
可能	1813	0.000215839063346563	0.559010911837301
任何	1813	0.000215839063346563	0.559226750900648
施工	1811	0.000215600961787438	0.559442351862435
治安	1810	0.000215481911007876	0.559657833773443
规范	1805	0.000214886657110064	0.559872720430553
多个	1801	0.000214410453991814	0.560087130884545
关键	1801	0.000214410453991814	0.560301541338537
左右	1800	0.000214291403212252	0.560515832741749
居民	1795	0.00021369614931444	0.560729528891063
科研	1792	0.000213338996975753	0.560942867888039
大会	1787	0.000212743743077941	0.561155611631117
真正	1787	0.000212743743077941	0.561368355374195
意义	1785	0.000212505641518817	0.561580861015714
现代	1782	0.000212148489180129	0.561793009504894
主任	1778	0.00021167228606188	0.562004681790956
强	1774	0.000211196082943631	0.562215877873899
考察	1773	0.000211077032164068	0.562426954906064
门	1772	0.000210957981384506	0.562637912887448
回	1763	0.000209886524368445	0.562847799411817
改变	1759	0.000209410321250195	0.563057209733067
损失	1759	0.000209410321250195	0.563266620054317
版	1758	0.000209291270470633	0.563475911324788
谁	1757	0.00020917221969107	0.563685083544479
红军	1756	0.000209053168911508	0.56389413671339
难	1756	0.000209053168911508	0.564103189882302
反映	1754	0.000208815067352383	0.564312004949654
结束	1751	0.000208457915013696	0.564520462864668
今后	1748	0.000208100762675009	0.564728563627343
甚至	1744	0.00020762455955676	0.5649361881869
就业	1743	0.000207505508777197	0.565143693695677
团结	1743	0.000207505508777197	0.565351199204454
祖国	1740	0.00020714835643851	0.565558347560893
来到	1736	0.000206672153320261	0.565765019714213
管	1735	0.000206553102540698	0.565971572816753
消费者	1733	0.000206315000981574	0.566177887817735
准备	1728	0.000205719747083762	0.566383607564819
金	1727	0.0002056006963042	0.566589208261123
约	1726	0.000205481645524637	0.566794689906648
当前	1725	0.000205362594745075	0.567000052501393
形势	1725	0.000205362594745075	0.567205415096138
期间	1724	0.000205243543965512	0.567410658640103
较	1723	0.00020512449318595	0.567615783133289
交	1722	0.000205005442406388	0.567820788575696
双方	1720	0.000204767340847263	0.568025555916543
生	1717	0.000204410188508576	0.568229966105052
职业	1715	0.000204172086949451	0.568434138192001
部队	1712	0.000203814934610764	0.568637953126612
举办	1711	0.000203695883831202	0.568841649010443
委员	1711	0.000203695883831202	0.569045344894274
引起	1711	0.000203695883831202	0.569249040778105
块	1709	0.000203457782272077	0.569452498560377
产量	1708	0.000203338731492515	0.56965583729187
红	1708	0.000203338731492515	0.569859176023362
现	1700	0.000202386325256016	0.570061562348618
产值	1699	0.000202267274476453	0.570263829623095
几个	1698	0.000202148223696891	0.570465977846792
小组	1698	0.000202148223696891	0.570668126070489
平均	1694	0.000201672020578642	0.570869798091067
化肥	1693	0.000201552969799079	0.571071351060866
时期	1692	0.000201433919019517	0.571272784979886
经济效益	1687	0.000200838665121705	0.571473623645008
状况	1687	0.000200838665121705	0.571674462310129
方法	1683	0.000200362462003456	0.571874824772133
电视	1682	0.000200243411223893	0.572075068183357
期	1680	0.000200005309664768	0.572275073493021
报道	1680	0.000200005309664768	0.572475078802686
最后	1680	0.000200005309664768	0.572675084112351
之后	1679	0.000199886258885206	0.572874970371236
变化	1675	0.000199410055766957	0.573074380427003
张	1671	0.000198933852648707	0.573273314279652
价值	1670	0.000198814801869145	0.573472129081521
到了	1666	0.000198338598750895	0.573670467680272
广泛	1662	0.000197862395632646	0.573868330075905
超过	1654	0.000196909989396147	0.574065240065301
发	1654	0.000196909989396147	0.574262150054697
迅速	1653	0.000196790938616585	0.574458940993313
确定	1649	0.000196314735498335	0.574655255728812
关心	1645	0.000195838532380086	0.574851094261192
作品	1637	0.000194886126143587	0.575045980387335
引导	1634	0.0001945289738049	0.57524050936114
如今	1633	0.000194409923025337	0.575434919284166
已有	1633	0.000194409923025337	0.575629329207191
机	1626	0.000193576567568401	0.575822905774759
所有	1626	0.000193576567568401	0.576016482342328
出口	1622	0.000193100364450151	0.576209582706778
运输	1622	0.000193100364450151	0.576402683071228
比赛	1619	0.000192743212111464	0.576595426283339
连	1618	0.000192624161331902	0.576788050444671
厅	1615	0.000192267008993215	0.576980317453665
范围	1613	0.00019202890743409	0.577172346361099
女	1609	0.000191552704315841	0.577363899065415
小时	1601	0.000190600298079342	0.577554499363494
海	1601	0.000190600298079342	0.577745099661573
树立	1597	0.000190124094961092	0.577935223756534
人民法院	1594	0.000189766942622405	0.578124990699157
道路	1593	0.000189647891842843	0.578314638591
工资	1592	0.000189528841063281	0.578504167432063
然而	1591	0.000189409790283718	0.578693577222347
类	1589	0.000189171688724594	0.578882748911071
班	1588	0.000189052637945031	0.579071801549016
坚决	1586	0.000188814536385906	0.579260616085402
来自	1585	0.000188695485606344	0.579449311571008
国民经济	1585	0.000188695485606344	0.579638007056615
少数民族	1583	0.000188457384047219	0.579826464440662
军	1580	0.000188100231708532	0.58001456467237
以下	1580	0.000188100231708532	0.580202664904079
设计	1579	0.00018798118092897	0.580390646085008
各类	1578	0.000187862130149408	0.580578508215157
一直	1576	0.000187624028590283	0.580766132243748
加	1576	0.000187624028590283	0.580953756272338
示范	1575	0.00018750497781072	0.581141261250149
字	1573	0.000187266876251596	0.5813285281264
为主	1568	0.000186671622353784	0.581515199748754
近日	1564	0.000186195419235534	0.58170139516799
合同	1561	0.000185838266896847	0.581887233434886
一切	1559	0.000185600165337723	0.582072833600224
执法	1559	0.000185600165337723	0.582258433765562
长征	1557	0.000185362063778598	0.582443795829341
多种	1557	0.000185362063778598	0.582629157893119
先	1556	0.000185243012999036	0.582814400906118
爱	1555	0.000185123962219473	0.582999524868338
辆	1549	0.000184409657542099	0.58318393452588
全会	1548	0.000184290606762537	0.583368225132642
恢复	1547	0.000184171555982974	0.583552396688625
城	1546	0.000184052505203412	0.583736449193829
负担	1541	0.0001834572513056	0.583919906445134
带动	1536	0.000182861997407788	0.584102768442542
正式	1535	0.000182742946628226	0.58428551138917
强化	1534	0.000182623895848664	0.584468135285019
配套	1533	0.000182504845069101	0.584650640130088
制	1532	0.000182385794289539	0.584833025924378
食品	1523	0.000181314337273478	0.585014340261651
因素	1523	0.000181314337273478	0.585195654598925
抓住	1519	0.000180838134155228	0.58537649273308
早	1518	0.000180719083375666	0.585557211816456
近年来	1517	0.000180600032596103	0.585737811849052
出来	1517	0.000180600032596103	0.585918411881648
叫	1516	0.000180480981816541	0.586098892863464
发表	1516	0.000180480981816541	0.586279373845281
地位	1515	0.000180361931036979	0.586459735776318
发行	1514	0.000180242880257416	0.586639978656575
连续	1510	0.000179766677139167	0.586819745333715
黔	1510	0.000179766677139167	0.586999512010854
特色	1509	0.000179647626359605	0.587179159637213
带来	1509	0.000179647626359605	0.587358807263573
程度	1506	0.000179290474020917	0.587538097737594
适应	1504	0.000179052372461793	0.587717150110055
应该	1502	0.000178814270902668	0.587895964380958
老人	1500	0.000178576169343543	0.588074540550302
太	1499	0.000178457118563981	0.588252997668866
自身	1498	0.000178338067784419	0.58843133573665
根本	1491	0.000177504712327482	0.588608840448978
电力	1487	0.000177028509209233	0.588785868958187
供应	1486	0.00017690945842967	0.588962778416616
建筑	1486	0.00017690945842967	0.589139687875046
承包	1481	0.000176314204531858	0.589316002079578
联合国	1480	0.000176195153752296	0.58949219723333
上年	1480	0.000176195153752296	0.589668392387083
代	1471	0.000175123696736235	0.589843516083819
权	1469	0.00017488559517711	0.590018401678996
依靠	1469	0.00017488559517711	0.590193287274173
艺术	1469	0.00017488559517711	0.59036817286935
创	1468	0.000174766544397548	0.590542939413748
收	1468	0.000174766544397548	0.590717705958145
用户	1468	0.000174766544397548	0.590892472502543
日前	1468	0.000174766544397548	0.59106723904694
收费	1466	0.000174528442838423	0.591241767489779
事故	1466	0.000174528442838423	0.591416295932617
沿	1466	0.000174528442838423	0.591590824375455
集团	1465	0.000174409392058861	0.591765233767514
身	1462	0.000174052239720174	0.591939286007234
粮	1455	0.000173218884263237	0.592112504891498
选择	1454	0.000173099833483675	0.592285604724981
全区	1444	0.000171909325688051	0.592457514050669
两国	1441	0.000171552173349364	0.592629066224019
很大	1440	0.000171433122569802	0.592800499346589
突破	1440	0.000171433122569802	0.592971932469158
告诉	1434	0.000170718817892427	0.593142651287051
任	1433	0.000170599767112865	0.593313251054164
不得	1430	0.000170242614774178	0.593483493668938
邓小平	1429	0.000170123563994616	0.593653617232933
呢	1426	0.000169766411655928	0.593823383644588
物价	1422	0.000169290208537679	0.593992673853126
问	1422	0.000169290208537679	0.594161964061664
持续	1418	0.00016881400541943	0.594330778067083
真	1418	0.00016881400541943	0.594499592072503
小康	1414	0.00016833780230118	0.594667929874804
多次	1410	0.000167861599182931	0.594835791473987
民主	1410	0.000167861599182931	0.59500365307317
支柱	1409	0.000167742548403368	0.595171395621573
李鹏	1409	0.000167742548403368	0.595339138169977
法制	1406	0.000167385396064681	0.595506523566041
治理	1402	0.000166909192946432	0.595673432758988
争取	1401	0.000166790142166869	0.595840222901155
下降	1395	0.000166075837489495	0.596006298738644
特别	1394	0.000165956786709933	0.596172255525354
品种	1394	0.000165956786709933	0.596338212312064
套	1392	0.000165718685150808	0.596503930997215
口	1391	0.000165599634371246	0.596669530631586
耕地	1391	0.000165599634371246	0.596835130265957
平方米	1386	0.000165004380473434	0.597000134646431
围绕	1385	0.000164885329693872	0.597165019976124
立即	1382	0.000164528177355185	0.59732954815348
于是	1380	0.00016429007579606	0.597493838229276
扶持	1380	0.00016429007579606	0.597658128305072
领域	1378	0.000164051974236935	0.597822180279309
办理	1376	0.00016381387267781	0.597985994151987
深化	1376	0.00016381387267781	0.598149808024665
普遍	1375	0.000163694821898248	0.598313502846563
机遇	1375	0.000163694821898248	0.598477197668461
两岸	1375	0.000163694821898248	0.598640892490359
法规	1373	0.000163456720339123	0.598804349210698
打击	1370	0.000163099568000436	0.598967448778699
越	1370	0.000163099568000436	0.599130548346699
分析	1370	0.000163099568000436	0.5992936479147
现场	1368	0.000162861466441311	0.599456509381141
配合	1368	0.000162861466441311	0.599619370847582
采访	1364	0.000162385263323062	0.599781756110905
总理	1363	0.0001622662125435	0.599944022323449
协议	1363	0.0001622662125435	0.600106288535992
对外	1361	0.000162028110984375	0.600268316646977
山区	1361	0.000162028110984375	0.600430344757961
符合	1359	0.00016179000942525	0.600592134767386
只要	1358	0.000161670958645688	0.600753805726032
贸易	1357	0.000161551907866126	0.600915357633898
更多	1355	0.000161313806307001	0.601076671440205
声	1355	0.000161313806307001	0.601237985246512
虽然	1354	0.000161194755527438	0.60139918000204
鼓励	1353	0.000161075704747876	0.601560255706788
时候	1353	0.000161075704747876	0.601721331411536
更加	1351	0.000160837603188751	0.601882169014724
体育	1349	0.000160599501629627	0.602042768516354
妇女	1348	0.000160480450850064	0.602203248967204
乱	1346	0.00016024234929094	0.602363491316495
小学	1344	0.000160004247731815	0.602523495564227
速度	1339	0.000159408993834003	0.602682904558061
特点	1339	0.000159408993834003	0.602842313551895
桥	1335	0.000158932790715754	0.60300124634261
方向	1334	0.000158813739936191	0.603160060082547
表现	1332	0.000158575638377066	0.603318635720924
不到	1331	0.000158456587597504	0.603477092308521
阶段	1330	0.000158337536817942	0.603635429845339
优质	1329	0.000158218486038379	0.603793648331378
欢迎	1329	0.000158218486038379	0.603951866817416
正常	1328	0.000158099435258817	0.604109966252675
农	1325	0.00015774228292013	0.604267708535595
不足	1325	0.00015774228292013	0.604425450818515
出席	1324	0.000157623232140568	0.604583074050655
税收	1320	0.000157147029022318	0.604740221079678
判决	1317	0.000156789876683631	0.604897010956361
面对	1317	0.000156789876683631	0.605053800833045
全市	1316	0.000156670825904069	0.605210471658949
形象	1315	0.000156551775124506	0.605367023434074
巨大	1313	0.000156313673565382	0.605523337107639
房	1313	0.000156313673565382	0.605679650781204
蔬菜	1311	0.000156075572006257	0.605835726353211
秩序	1310	0.000155956521226694	0.605991682874437
城镇	1310	0.000155956521226694	0.606147639395664
边	1309	0.000155837470447132	0.606303476866111
活	1308	0.00015571841966757	0.606459195285779
交流	1307	0.000155599368888007	0.606614794654667
                                                                                                                                                                                                                                                                                                                                                                                                                                                                                                                                                                                                                                                                                                                                                                                                                          