的	468881	0.0574417947949916	0.0574417947949916
和	100539	0.0123168578101771	0.0697586526051688
在	98714	0.0120932802382541	0.0818519328434228
了	94591	0.0115881786880958	0.0934401115315186
是	64525	0.00790484538538954	0.101344956916908
为	44511	0.00545296509800967	0.106797922014918
个	38298	0.00469182128740254	0.11148974330232
有	35555	0.0043557811340957	0.115845524436416
发展	34730	0.00425471182076062	0.120100236257177
上	34127	0.00418083934083206	0.124281075598009
要	32820	0.00402072104685757	0.128301796644866
中	32809	0.0040193734560131	0.132321170100879
对	31979	0.00391769160138508	0.136238861702265
工作	29781	0.00364841844900869	0.139887280151273
这	28057	0.00343721421120301	0.143324494362476
等	27763	0.00340119678317815	0.146725691145654
到	25828	0.0031641433028104	0.149889834448465
省	25222	0.00308990329810608	0.152979737746571
企业	25161	0.00308243029433222	0.156062168040903
与	24173	0.00296139213484729	0.15902356017575
我	23911	0.00292929497109724	0.161952855146848
元	23791	0.00291459398006668	0.164867449126914
经济	23489	0.00287759648597311	0.167745045612887
他	22747	0.00278669535810083	0.170531740970988
建设	22289	0.00273058657566753	0.173262327546656
地	22175	0.0027166206341885	0.175978948180844
人	21835	0.00267496782626859	0.178653916007113
以	21234	0.00260134036285721	0.18125525636997
多	20820	0.00255062194380179	0.183805878313772
也	20179	0.00247209415004689	0.186277972463819
不	19837	0.0024301963256098	0.188708168789429
大	19382	0.00237445506795227	0.191082623857381
将	18819	0.00230548291836723	0.193388106775748
新	17551	0.00215014244647767	0.195538249222226
从	17406	0.00213237874898242	0.197670627971208
年	17394	0.00213090864987936	0.199801536621088
说	16976	0.00207970019778958	0.201881236818877
就	16165	0.00198034600007473	0.203861582818952
我们	16018	0.0019623372860623	0.205823920105014
着	15320	0.00187682652156789	0.207700746626582
把	15301	0.00187449886465471	0.209575245491237
已	14736	0.0018052816985525	0.211380527189789
后	14613	0.00179021318274618	0.213170740372535
两	14325	0.00175493080427284	0.214925671176808
中国	14084	0.00172540631395314	0.216651077490761
国家	13979	0.0017125429468014	0.218363620437563
市场	13616	0.00166807244893396	0.220031692886497
并	13568	0.00166219205252174	0.221693884939019
问题	13503	0.00165422901571352	0.223348113954732
向	13337	0.00163389264478792	0.22498200659952
图片	13332	0.00163328010349498	0.226615286703015
都	13098	0.00160461317098539	0.228219899874
下	13074	0.00160167297277928	0.22982157284678
来	13074	0.00160167297277928	0.231423245819559
进行	13040	0.00159750769198729	0.233020753511546
还	12936	0.00158476683309414	0.23460552034464
好	12781	0.001565778053013	0.236171298397653
管理	12720	0.00155830504923913	0.237729603446892
出	12708	0.00155683495013608	0.239286438397029
贵州	12616	0.00154556419034598	0.240832002587375
而	12512	0.00153282333145283	0.242364825918827
领导	12491	0.00153025065802248	0.24389507657685
使	12294	0.00150611653108065	0.24540119310793
香港	11949	0.0014638511818678	0.246865044289798
社会	11587	0.00141950319225895	0.248284547482057
生产	11444	0.00140198451128087	0.249686531993338
人民	11171	0.00136853975668635	0.251055071750024
干部	11170	0.00136841724842776	0.252423488998452
又	11165	0.00136780470713482	0.253791293705587
部门	11139	0.00136461949241153	0.255155913197999
名	11107	0.00136069922813672	0.256516612426135
活动	10966	0.00134342556367581	0.257860037989811
之	10825	0.00132615189921491	0.259186189889026
由	10652	0.00130495797047918	0.260491147859505
他们	10602	0.00129883255754979	0.261789980417055
全国	10477	0.00128351902522629	0.263073499442281
政府	10390	0.00127286080672913	0.26434636024901
该	10336	0.00126624536076538	0.265612605609776
提高	10200	0.00124958423759742	0.266862189847373
党	9915	0.00121466938389984	0.268076859231273
于	9826	0.00120376614888551	0.269280625380159
会	9797	0.00120021340938646	0.270480838789545
次	9771	0.00119702819466317	0.271677866984208
县	9753	0.00119482304600859	0.272872690030217
时	9753	0.00119482304600859	0.274067513076225
及	9739	0.00119310793038836	0.275260621006614
加强	9679	0.00118575743487308	0.276446378441487
教育	9657	0.00118306225318414	0.277629440694671
被	9364	0.00114716733341786	0.278776608028089
本	9335	0.00114361459391881	0.279920222622008
组织	9310	0.00114055188745411	0.281060774509462
工程	9262	0.00113467149104189	0.282195446000504
职工	9252	0.00113344640845601	0.28332889240896
但	9229	0.00113062871850849	0.284459521127468
群众	9219	0.00112940363592261	0.285588924763391
有关	9075	0.00111176244668594	0.286700687210077
改革	9044	0.00110796469066971	0.287808651900746
同志	8998	0.00110232931077466	0.288910981211521
技术	8935	0.00109461129048362	0.290005592502005
家	8660	0.00106092151937192	0.291066514021377
公司	8634	0.00105773630464864	0.292124250326025
做	8597	0.00105320349908088	0.293177453825106
服务	8590	0.00105234594127077	0.294229799766377
各	8542	0.00104646554485854	0.295276265311235
用	8281	0.00101449088936708	0.296290756200602
重要	8276	0.00101387834807414	0.297304634548677
所	8230	0.00100824296817909	0.298312877516856
村	8214	0.00100628283604168	0.299319160352897
起	8209	0.00100567029474874	0.300324830647646
作	8125	0.000995379601027354	0.301320210248674
项目	7985	0.000978228444825037	0.302298438693499
精神	7602	0.00093130778178584	0.303229746475284
里	7567	0.00092701999273526	0.30415676646802
农民	7561	0.000926284943183732	0.305083051411203
要求	7529	0.000922364678908917	0.306005416090112
通过	7502	0.000919056955927041	0.306924473046039
据	7480	0.000916361774238106	0.307840834820277
可	7390	0.000905336030965187	0.308746170851243
会议	7385	0.000904723489672247	0.309650894340915
其	7381	0.000904233456637896	0.310555127797553
地区	7380	0.000904110948379308	0.311459238745932
开发	7361	0.000901783291466136	0.312361022037398
条	7351	0.000900558208880256	0.313261580246278
实现	7302	0.000894555304209445	0.314156135550488
资金	7262	0.000889654973865926	0.315045790524354
给	7253	0.000888552399538634	0.315934342923893
解决	7233	0.000886102234366874	0.316820445158259
位	7225	0.00088512216829817	0.317705567326558
自己	7201	0.000882181970092059	0.31858774929665
产品	7172	0.000878629230593007	0.319466378527243
全省	7148	0.000875689032386896	0.320342067559629
种	7133	0.000873851408508076	0.321215918968138
单位	7101	0.000869931144233261	0.322085850112371
农业	7070	0.000866133388217033	0.322951983500588
我国	6984	0.000855597677978467	0.323807581178566
科技	6972	0.000854127578875411	0.324661708757442
农村	6950	0.000851432397186475	0.325513141154628
学习	6942	0.000850452331117771	0.326363593485746
记者	6905	0.000845919525550016	0.327209513011296
文化	6884	0.000843346852119668	0.328052859863416
本报讯	6834	0.000837221439190269	0.328890081302606
社会主义	6812	0.000834526257501334	0.329724607560107
厂	6804	0.00083354619143263	0.33055815375154
内	6760	0.000828155828054759	0.331386309579595
情况	6701	0.000820927840798068	0.332207237420393
基础	6691	0.000819702758212188	0.333026940178605
思想	6689	0.000819457741695012	0.3338463979203
没有	6684	0.000818845200402072	0.334665243120702
电	6652	0.000814924936127257	0.335480168056829
投资	6620	0.000811004671852441	0.336291172728682
经营	6554	0.000802919126785634	0.337094091855468
开展	6548	0.000802184077234107	0.337896275932702
市	6513	0.000797896288183527	0.338694172220885
或	6495	0.000795691139528943	0.339489863360414
同时	6460	0.000791403350478364	0.340281266710892
能	6385	0.000782215231084266	0.341063481941977
建立	6341	0.000776824867706394	0.341840306809683
扶贫	6310	0.000773027111690167	0.342613333921373
方面	6287	0.000770209421742643	0.343383543343116
你	6284	0.000769841896966879	0.344153385240083
几	6212	0.000761021302348545	0.344914406542431
世界	6159	0.000754528364643382	0.345668934907075
今年	6158	0.000754405856384794	0.34642334076346
提出	6152	0.000753670806833266	0.347177011570293
得	6134	0.000751465658178682	0.347928477228472
规定	6112	0.000748770476489746	0.348677247704961
人员	6110	0.00074852545997257	0.349425773164934
一些	6105	0.000747912918679631	0.350173686083613
实施	6102	0.000747545393903867	0.350921231477517
坚持	6074	0.000744115162663403	0.351665346640181
目前	6012	0.000736519650630948	0.352401866290812
主要	5962	0.000730394237701549	0.353132260528513
进一步	5950	0.000728924138598493	0.353861184667112
第一	5903	0.000723166250444858	0.354584350917557
积极	5883	0.000720716085273099	0.35530506700283
作为	5812	0.000712017998913352	0.356017085001743
贵阳	5808	0.000711527965879	0.356728612967622
制度	5783	0.0007084652594143	0.357437078227036
生活	5781	0.000708220242897124	0.358145298469933
达	5753	0.000704790011656661	0.35885008848159
项	5727	0.000701604796933373	0.359551693278524
成为	5642	0.000691191594953395	0.360242884873477
小	5611	0.000687393838937167	0.360930278712414
政策	5610	0.000687271330678579	0.361617550043093
增长	5590	0.00068482116550682	0.3623023712086
国际	5489	0.000672447831389433	0.362974819039989
参加	5436	0.000665954893684271	0.363640773933673
比	5380	0.000659094431203343	0.364299868364877
她	5344	0.000654684133894176	0.364954552498771
贫困	5336	0.000653704067825472	0.365608256566596
更	5336	0.000653704067825472	0.366261960634422
天	5336	0.000653704067825472	0.366915664702247
质量	5309	0.000650396344843597	0.367566061047091
新华社	5302	0.000649538787033481	0.368215599834124
这个	5279	0.000646721097085957	0.36886232093121
这些	5237	0.000641575750225262	0.369503896681435
历史	5228	0.00064047317589797	0.370144369857333
关系	5205	0.000637655485950447	0.370782025343284
办	5197	0.000636675419881743	0.371418700763166
过	5179	0.000634470271227159	0.372053171034393
去	5160	0.000632142614313987	0.372685313648707
重点	5141	0.000629814957400816	0.373315128606108
代表	5133	0.000628834891332112	0.37394396349744
可以	5128	0.000628222350039172	0.374572185847479
前	5118	0.000626997267453292	0.375199183114932
各级	5105	0.000625404660091648	0.375824587775024
必须	5104	0.00062528215183306	0.376449869926857
新闻	5085	0.000622954494919889	0.377072824421777
亩	5067	0.000620749346265305	0.377693573768042
高	5055	0.000619279247162249	0.378312853015204
区	5045	0.00061805416457637	0.378930907179781
邓小平	5042	0.000617686639800606	0.379548593819581
以上	5033	0.000616584065473314	0.380165177885055
户	4985	0.000610703669061091	0.380775881554116
贵阳市	4965	0.000608253503889331	0.381384135058005
完成	4930	0.000603965714838752	0.381988100772844
努力	4920	0.000602740632252872	0.382590841405097
条件	4918	0.000602495615735696	0.383193337020832
美国	4898	0.000600045450563936	0.383793382471396
任务	4896	0.00059980043404676	0.384393182905443
以来	4886	0.00059857535146088	0.384991758256904
就是	4853	0.000594532578927477	0.385586290835831
再	4842	0.000593184988083009	0.386179475823914
基本	4803	0.000588407165998078	0.386767882989912
促进	4777	0.00058522195127479	0.387353104941187
政治	4775	0.000584976934757614	0.387938081875945
城市	4773	0.000584731918240438	0.388522813794185
产业	4772	0.00058460940998185	0.389107423204167
届	4749	0.000581791720034327	0.389689214924202
省委	4733	0.000579831587896919	0.390269046512098
合作	4727	0.000579096538345391	0.390848143050444
实行	4714	0.000577503930983747	0.391425646981428
日	4702	0.000576033831880692	0.392001680813308
环境	4688	0.00057431871626046	0.392575999529569
去年	4687	0.000574196208001872	0.393150195737571
形成	4678	0.00057309363367458	0.393723289371245
增加	4676	0.000572848617157404	0.394296137988403
水平	4671	0.000572236075864464	0.394868374064267
取得	4655	0.000570275943727057	0.395438650007994
目标	4649	0.000569540894175529	0.39600819090217
至	4648	0.000569418385916941	0.396577609288087
作用	4629	0.000567090729003769	0.39714470001709
应	4622	0.000566233171193653	0.397710933188284
同	4612	0.000565008088607773	0.398275941276892
学生	4607	0.000564395547314833	0.398840336824207
文明	4588	0.000562067890401662	0.399402404714608
部	4564	0.00055912769219555	0.399961532406804
民族	4557	0.000558270134385434	0.400519802541189
研究	4544	0.00055667752702379	0.401076480068213
万	4525	0.000554349870110619	0.401630829938324
外	4479	0.000548714490215572	0.402179544428539
需要	4472	0.000547856932405456	0.402727401360945
决定	4456	0.000545896800268048	0.403273298161213
近	4434	0.000543201618579113	0.403816499779792
由于	4419	0.000541363994700293	0.404357863774492
事业	4408	0.000540016403855825	0.404897880178348
自	4407	0.000539893895597237	0.405437774073945
最	4405	0.000539648879080061	0.405977422953025
乡	4401	0.000539158846045709	0.406516581799071
公路	4384	0.000537076205649713	0.407053658004721
资源	4382	0.000536831189132537	0.407590489193853
占	4377	0.000536218647839597	0.408126707841693
理论	4357	0.000533768482667838	0.408660476324361
江泽民	4341	0.00053180835053043	0.409192284674891
认为	4338	0.000531440825754666	0.409723725500646
举行	4298	0.000526540495411147	0.410250265996057
支持	4294	0.000526050462376795	0.410776316458434
时间	4261	0.000522007689843392	0.411298324148277
措施	4254	0.000521150132033276	0.41181947428031
认真	4246	0.000520170065964572	0.412339644346275
提供	4244	0.000519925049447396	0.412859569395722
抓	4229	0.000518087425568576	0.413377656821291
开始	4209	0.000515637260396817	0.413893294081688
中央	4202	0.000514779702586701	0.414408073784274
继续	4192	0.000513554620000821	0.414921628404275
全面	4187	0.000512942078707881	0.415434570482983
学校	4159	0.000509511847467417	0.41594408233045
结合	4144	0.000507674223588598	0.416451756554039
北京	4141	0.000507306698812834	0.416959063252852
让	4130	0.000505959107968366	0.41746502236082
中心	4092	0.000501303794142023	0.417966326154962
落实	4088	0.000500813761107671	0.41846713991607
地方	4084	0.000500323728073319	0.418967463644143
机关	4063	0.000497751054642971	0.419465214698786
不断	4056	0.000496893496832855	0.419962108195619
这样	4054	0.000496648480315679	0.420458756675935
投入	4054	0.000496648480315679	0.42095540515625
实际	4046	0.000495668414246975	0.421451073570497
它	4045	0.000495545905988387	0.421946619476486
具有	4044	0.000495423397729799	0.422442042874216
部分	4041	0.000495055872954036	0.42293709874717
以及	4022	0.000492728216040864	0.42342982696321
号	4018	0.000492238183006512	0.423922065146217
统一	4016	0.000491993166489336	0.424414058312706
水	4011	0.000491380625196396	0.424905438937903
却	3998	0.000489788017834752	0.425395226955737
其中	3998	0.000489788017834752	0.425885014973572
回归	3984	0.000488072902214521	0.426373087875787
走	3979	0.000487460360921581	0.426860548236708
宣传	3977	0.000487215344404405	0.427347763581113
稳定	3969	0.000486235278335701	0.427833998859448
利用	3968	0.000486112770077113	0.428320111629525
一定	3958	0.000484887687491233	0.428804999317017
工业	3957	0.000484765179232645	0.429289764496249
看	3956	0.000484642670974057	0.429774407167223
今天	3945	0.000483295080129589	0.430257702247353
加快	3942	0.000482927555353825	0.430740629802707
人们	3934	0.000481947489285121	0.431222577291992
表示	3925	0.00048084491495783	0.43170342220695
很	3906	0.000478517258044658	0.432181939464994
局	3885	0.00047594458461431	0.432657884049609
得到	3876	0.000474842010287018	0.433132726059896
书记	3859	0.000472759369891023	0.433605485429787
发挥	3858	0.000472636861632435	0.434078122291419
点	3838	0.000470186696460675	0.43454830898788
计划	3828	0.000468961613874795	0.435017270601754
余	3818	0.000467736531288916	0.435485007133043
共	3807	0.000466388940444448	0.435951396073488
成	3806	0.00046626643218586	0.436417662505674
根据	3789	0.000464183791789864	0.436881846297463
报	3762	0.000460876068807989	0.437342722366271
国有企业	3739	0.000458058378860465	0.437800780745132
优势	3723	0.000456098246723057	0.438256878991855
广大	3714	0.000454995672395765	0.438711874664251
按	3714	0.000454995672395765	0.439166870336647
结构	3709	0.000454383131102825	0.439621253467749
米	3707	0.000454138114585649	0.440075391582335
路	3707	0.000454138114585649	0.440529529696921
先进	3706	0.000454015606327062	0.440983545303248
因	3698	0.000453035540258358	0.441436580843506
报告	3687	0.00045168794941389	0.44188826879292
困难	3651	0.000447277652104723	0.442335546445025
充分	3645	0.000446542602553195	0.442782089047578
采取	3644	0.000446420094294607	0.443228509141873
如	3641	0.000446052569518843	0.443674561711391
严重	3637	0.000445562536484491	0.444120124247876
祖国	3614	0.000442744846536967	0.444562869094413
收入	3609	0.000442132305244027	0.445005001399657
公告	3607	0.000441887288726851	0.445446888688384
吨	3579	0.000438457057486388	0.44588534574587
贵州省	3544	0.000434169268435808	0.446319515014306
许多	3541	0.000433801743660045	0.446753316757966
这种	3540	0.000433679235401456	0.447186995993367
不能	3538	0.000433434218884281	0.447620430212252
现在	3537	0.000433311710625693	0.448053741922877
机构	3526	0.000431964119781225	0.448485706042659
为了	3490	0.000427553822472057	0.448913259865131
岁	3482	0.000426573756403354	0.449339833621534
法律	3478	0.000426083723369002	0.449765917344903
各种	3477	0.000425961215110414	0.450191878560013
行政	3448	0.000422408475611362	0.450614287035625
经	3434	0.00042069335999113	0.451034980395616
监督	3431	0.000420325835215366	0.451455306230831
使用	3428	0.000419958310439603	0.451875264541271
发生	3428	0.000419958310439603	0.452295222851711
起来	3413	0.000418120686560783	0.452713343538271
召开	3407	0.000417385637009255	0.453130729175281
素质	3353	0.000410770191045504	0.453541499366326
关于	3350	0.00041040266626974	0.453951902032596
共同	3349	0.000410280158011152	0.454362182190607
当	3340	0.00040917758368386	0.454771359774291
交通	3335	0.00040856504239092	0.455179924816682
贯彻	3332	0.000408197517615156	0.455588122334297
院	3322	0.000406972435029276	0.455995094769326
影响	3318	0.000406482401994924	0.456401577171321
帮助	3301	0.000404399761598929	0.45680597693292
批	3294	0.000403542203788813	0.457209519136709
达到	3287	0.000402684645978697	0.457612203782688
仅	3285	0.000402439629461521	0.458014643412149
个人	3283	0.000402194612944345	0.458416838025093
处	3263	0.000399744447772585	0.458816582472866
依法	3259	0.000399254414738234	0.459215836887604
能力	3250	0.000398151840410942	0.459613988728015
长	3248	0.000397906823893766	0.460011895551909
希望	3246	0.00039766180737659	0.460409557359286
则	3245	0.000397539299118002	0.460807096658404
那	3241	0.00039704926608365	0.461204145924487
经过	3206	0.00039276147703307	0.46159690740152
只	3196	0.000391536394447191	0.461988443795967
各地	3189	0.000390678836637075	0.462379122632605
青年	3171	0.000388473687982491	0.462767596320587
指出	3163	0.000387493621913787	0.463155089942501
全	3146	0.000385410981517792	0.463540500924019
精神文明	3143	0.000385043456742028	0.463925544380761
保证	3143	0.000385043456742028	0.464310587837503
指导	3115	0.000381613225501564	0.464692201063004
镇	3101	0.000379898109881332	0.465072099172886
党委	3098	0.000379530585105568	0.465451629757991
保护	3097	0.00037940807684698	0.465831037834838
按照	3070	0.000376100353865105	0.466207138188703
无	3069	0.000375977845606517	0.46658311603431
科学	3069	0.000375977845606517	0.466959093879916
不仅	3059	0.000374752763020637	0.467333846642937
重大	3048	0.000373405172176169	0.467707251815113
方式	3045	0.000373037647400405	0.468080289462513
正	3033	0.00037156754829735	0.468451857010811
出现	3026	0.000370709990487234	0.468822567001298
改革开放	3022	0.000370219957452882	0.469192786958751
国务院	3018	0.00036972992441853	0.469562516883169
件	3018	0.00036972992441853	0.469932246807588
效益	3015	0.000369362399642766	0.470301609207231
集体	3015	0.000369362399642766	0.470670971606873
场	3003	0.00036789230053971	0.471038863907413
推进	2999	0.000367402267505358	0.471406266174918
现代化	2990	0.000366299693178066	0.471772565868097
各项	2985	0.000365687151885126	0.472138253019982
带	2978	0.000364829594075011	0.472503082614057
第二	2977	0.000364707085816423	0.472867789699873
进入	2970	0.000363849528006307	0.473231639227879
山	2967	0.000363482003230543	0.47359512123111
分	2962	0.000362869461937603	0.473957990693048
成立	2957	0.000362256920644663	0.474320247613692
粮食	2951	0.000361521871093135	0.474681769484785
经验	2949	0.000361276854575959	0.475043046339361
非	2946	0.000360909329800195	0.475403955669162
其他	2942	0.000360419296765843	0.475764374965927
良好	2935	0.000359561738955727	0.476123936704883
即	2930	0.000358949197662787	0.476482885902546
已经	2930	0.000358949197662787	0.476841835100209
介绍	2912	0.000356744049008204	0.477198579149217
形式	2909	0.00035637652423244	0.477554955673449
百	2903	0.000355641474680912	0.47791059714813
调整	2903	0.000355641474680912	0.478266238622811
党员	2891	0.000354171375577856	0.478620409998389
便	2877	0.000352456259957624	0.478972866258347
深入	2876	0.000352333751699036	0.479325200010046
培训	2862	0.000350618636078805	0.479675818646124
打	2855	0.000349761078268689	0.480025579724393
委	2846	0.000348658503941397	0.480374238228335
基地	2845	0.000348535995682809	0.480722774224017
抓好	2843	0.000348290979165633	0.481071065203183
增强	2841	0.000348045962648457	0.481419111165831
公里	2839	0.000347800946131281	0.481766912111963
给予	2829	0.000346575863545401	0.482113487975508
销售	2828	0.000346453355286813	0.482459941330795
安全	2827	0.000346330847028225	0.482806272177823
人才	2823	0.000345840813993873	0.483152112991817
处理	2810	0.00034424820663223	0.483496361198449
分别	2805	0.00034363566533929	0.483839996863789
行业	2796	0.000342533091011998	0.484182529954801
人口	2796	0.000342533091011998	0.484525063045813
委员会	2781	0.000340695467133178	0.484865758512946
市场经济	2768	0.000339102859771534	0.485204861372717
规模	2766	0.000338857843254358	0.485543719215972
办法	2759	0.000338000285444242	0.485881719501416
系统	2756	0.000337632760668479	0.486219352262084
省政府	2755	0.000337510252409891	0.486556862514494
价格	2755	0.000337510252409891	0.486894372766904
成功	2753	0.000337265235892715	0.487231638002797
设施	2748	0.000336652694599775	0.487568290697397
学	2745	0.000336285169824011	0.487904575867221
总	2735	0.000335060087238131	0.488239635954459
制定	2725	0.000333835004652251	0.488573470959111
台	2720	0.000333222463359311	0.48890669342247
正在	2716	0.000332732430324959	0.489239425852795
建	2713	0.000332364905549195	0.489571790758345
就业	2702	0.000331017314704728	0.489902808073049
扩大	2686	0.00032905718256732	0.490231865255617
这里	2681	0.00032844464127438	0.490560309896891
重视	2678	0.000328077116498616	0.49088838701339
级	2669	0.000326974542171324	0.491215361555561
竞争	2668	0.000326852033912736	0.491542213589474
认识	2666	0.00032660701739556	0.491868820606869
旅游	2660	0.000325871967844032	0.492194692574713
检查	2659	0.000325749459585444	0.492520442034299
行	2659	0.000325749459585444	0.492846191493884
搞	2653	0.000325014410033916	0.493171205903918
才	2652	0.000324891901775328	0.493496097805693
数	2651	0.00032476939351674	0.49382086719921
金融	2648	0.000324401868740976	0.494145269067951
土地	2645	0.000324034343965213	0.494469303411916
商品	2645	0.000324034343965213	0.494793337755882
联合	2644	0.000323911835706625	0.495117249591588
讲	2637	0.000323054277896509	0.495440303869485
资产	2636	0.000322931769637921	0.495763235639123
加大	2633	0.000322564244862157	0.496085799883985
曾	2632	0.000322441736603569	0.496408241620588
标准	2628	0.000321951703569217	0.496730193324158
月	2628	0.000321951703569217	0.497052145027727
组	2625	0.000321584178793453	0.49737372920652
联系	2624	0.000321461670534865	0.497695190877055
公斤	2618	0.000320726620983337	0.498015917498038
专家	2616	0.000320481604466161	0.498336399102505
体制	2616	0.000320481604466161	0.498656880706971
钱	2612	0.000319991571431809	0.498976872278403
而且	2611	0.000319869063173221	0.499296741341576
随	2610	0.000319746554914633	0.49961648789649
执行	2607	0.000319379030138869	0.499935866926629
实践	2599	0.000318398964070165	0.500254265890699
专业	2594	0.000317786422777225	0.500572052313477
贷款	2591	0.000317418898001462	0.500889471211478
财政	2587	0.00031692886496711	0.501206400076445
获得	2576	0.000315581274122642	0.501521981350568
受到	2576	0.000315581274122642	0.501837562624691
全县	2575	0.000315458765864054	0.502153021390555
电话	2574	0.000315336257605466	0.50246835764816
教师	2572	0.00031509124108829	0.502783448889248
卫生	2556	0.000313131108950882	0.503096579998199
老	2555	0.000313008600692294	0.503409588598892
业务	2552	0.00031264107591653	0.503722229674808
大力	2540	0.000311170976813474	0.504033400651622
十分	2540	0.000311170976813474	0.504344571628435
责任	2539	0.000311048468554886	0.50465562009699
战略	2535	0.000310558435520535	0.50496617853251
原则	2532	0.000310190910744771	0.505276369443255
过去	2526	0.000309455861193243	0.505585825304449
八	2526	0.000309455861193243	0.505895281165642
这次	2524	0.000309210844676067	0.506204492010318
国	2506	0.000307005696021483	0.506511497706339
了解	2491	0.000305168072142663	0.506816665778482
每年	2489	0.000304923055625487	0.507121588834107
每	2477	0.000303452956522432	0.50742504179063
只有	2475	0.000303207940005256	0.507728249730635
保持	2473	0.00030296292348808	0.508031212654123
家庭	2466	0.000302105365677964	0.508333318019801
强调	2458	0.00030112529960926	0.50863444331941
传统	2457	0.000301002791350672	0.508935446110761
规划	2454	0.000300635266574908	0.509236081377336
站	2450	0.000300145233540556	0.509536226610877
力度	2445	0.000299532692247616	0.509835759303124
改善	2445	0.000299532692247616	0.510135291995372
队伍	2441	0.000299042659213264	0.510434334654585
开	2435	0.000298307609661736	0.510732642264247
未	2432	0.000297940084885972	0.511030582349133
均	2432	0.000297940084885972	0.511328522434019
完善	2432	0.000297940084885972	0.511626462518905
发现	2431	0.000297817576627384	0.511924280095532
伟大	2430	0.000297695068368796	0.512221975163901
劳动	2430	0.000297695068368796	0.512519670232269
车	2429	0.000297572560110208	0.51281724279238
行为	2423	0.000296837510558681	0.513114080302938
贡献	2421	0.000296592494041505	0.51341067279698
电视	2418	0.000296224969265741	0.513706897766245
内容	2413	0.000295612427972801	0.514002510194218
因此	2412	0.000295489919714213	0.514298000113932
还有	2411	0.000295367411455625	0.514593367525388
有的	2403	0.000294387345386921	0.514887754870775
成绩	2402	0.000294264837128333	0.515182019707903
长期	2401	0.000294142328869745	0.515476162036773
信息	2393	0.000293162262801041	0.515769324299574
创造	2393	0.000293162262801041	0.516062486562375
和平	2388	0.000292549721508101	0.516355036283883
或者	2383	0.000291937180215161	0.516646973464098
特别是	2377	0.000291202130663633	0.516938175594762
切实	2373	0.000290712097629281	0.517228887692391
改造	2371	0.000290467081112105	0.517519354773503
图	2364	0.00028960952330199	0.517808964296805
设备	2358	0.000288874473750462	0.518097838770556
安排	2344	0.00028715935813023	0.518384998128686
事	2329	0.00028532173425141	0.518670319862938
主席	2323	0.000284586684699882	0.518954906547638
先后	2317	0.000283851635148354	0.519238758182786
综合	2317	0.000283851635148354	0.519522609817934
线	2316	0.000283729126889766	0.519806338944824
利益	2314	0.00028348411037259	0.520089823055197
负责	2313	0.000283361602114003	0.520373184657311
花	2307	0.000282626552562475	0.520655811209873
看到	2306	0.000282504044303887	0.520938315254177
严格	2306	0.000282504044303887	0.521220819298481
建成	2305	0.000282381536045299	0.521503200834526
校	2303	0.000282136519528123	0.521785337354054
机制	2296	0.000281278961718007	0.522066616315772
集中	2290	0.000280543912166479	0.522347160227939
乡镇企业	2287	0.000280176387390715	0.522627336615329
日本	2284	0.000279808862614951	0.522907145477944
维护	2283	0.000279686354356363	0.523186831832301
推动	2280	0.000279318829580599	0.523466150661881
高度	2279	0.000279196321322011	0.523745346983203
观念	2272	0.000278338763511895	0.524023685746715
健康	2264	0.000277358697443191	0.524301044444158
逐步	2263	0.000277236189184603	0.524578280633343
力量	2258	0.000276623647891663	0.524854904281235
进	2258	0.000276623647891663	0.525131527929126
片	2257	0.000276501139633076	0.52540802906876
造成	2257	0.000276501139633076	0.525684530208393
包括	2252	0.000275888598340136	0.525960418806733
不同	2249	0.000275521073564372	0.526235939880297
全部	2247	0.000275276057047196	0.526511215937344
台湾	2237	0.000274050974461316	0.526785266911806
不少	2232	0.000273438433168376	0.527058705344974
团结	2231	0.000273315924909788	0.527332021269884
成果	2229	0.000273070908392612	0.527605092178276
铁路	2228	0.000272948400134024	0.52787804057841
行动	2226	0.000272703383616848	0.528150743962027
培养	2209	0.000270620743220852	0.528421364705248
国有	2204	0.000270008201927912	0.528691372907176
搞好	2195	0.000268905627600621	0.528960278534777
乡镇	2182	0.000267313020238977	0.529227591555016
意义	2179	0.000266945495463213	0.529494537050479
大会	2175	0.000266455462428861	0.529760992512908
意见	2174	0.000266332954170273	0.530027325467078
第三	2172	0.000266087937653097	0.530293413404731
有效	2171	0.000265965429394509	0.530559378834126
如果	2167	0.000265475396360157	0.530824854230486
六	2163	0.000264985363325805	0.531089839593811
开放	2162	0.000264862855067217	0.531354702448879
存在	2157	0.000264250313774277	0.531618952762653
找	2150	0.000263392755964161	0.531882345518617
受	2146	0.00026290272292981	0.532145248241547
面积	2144	0.000262657706412634	0.53240790594796
突出	2144	0.000262657706412634	0.532670563654372
批准	2134	0.000261432623826754	0.532931996278199
产生	2133	0.000261310115568166	0.533193306393767
州	2130	0.000260942590792402	0.53345424898456
上海	2123	0.000260085032982286	0.533714334017542
方针	2117	0.000259349983430758	0.533973684000973
明确	2112	0.000258737442137818	0.53423242144311
教学	2110	0.000258492425620642	0.534490913868731
当地	2108	0.000258247409103466	0.534749161277835
负责人	2108	0.000258247409103466	0.535007408686938
优秀	2108	0.000258247409103466	0.535265656096042
村民	2105	0.000257879884327702	0.535523535980369
方	2101	0.00025738985129335	0.535780925831663
之一	2098	0.000257022326517586	0.53603794815818
具体	2096	0.00025677731000041	0.536294725468181
人均	2096	0.00025677731000041	0.536551502778181
机	2085	0.000255429719155943	0.536806932497337
此	2082	0.000255062194380179	0.537061994691717
转变	2077	0.000254449653087239	0.537316444344804
大关	2076	0.000254327144828651	0.537570771489633
仍	2071	0.000253714603535711	0.537824486093169
知识	2070	0.000253592095277123	0.538078078188446
国内	2065	0.000252979553984183	0.53833105774243
既	2061	0.000252489520949831	0.53858354726338
重	2060	0.000252367012691243	0.538835914276071
银行	2060	0.000252367012691243	0.539088281288762
靠	2058	0.000252121996174067	0.539340403284936
队	2051	0.000251264438363951	0.5395916677233
如何	2050	0.000251141930105363	0.539842809653406
写	2049	0.000251019421846775	0.540093829075253
解放	2044	0.000250406880553835	0.540344235955806
入	2040	0.000249916847519483	0.540594152803326
什么	2029	0.000248569256675016	0.540842722060001
因为	2029	0.000248569256675016	0.541091291316676
特色	2027	0.00024832424015784	0.541339615556834
推广	2024	0.000247956715382076	0.541587572272216
想	2024	0.000247956715382076	0.541835528987598
现象	2020	0.000247466682347724	0.542082995669946
直接	2017	0.00024709915757196	0.542330094827518
关键	2017	0.00024709915757196	0.54257719398509
最大	2015	0.000246854141054784	0.542824048126144
下岗	2004	0.000245506550210316	0.543069554676355
比赛	1997	0.0002446489924002	0.543314203668755
举办	1991	0.000243913942848672	0.543558117611603
还是	1989	0.000243668926331496	0.543801786537935
较	1981	0.000242688860262792	0.544044475398198
原	1980	0.000242566352004204	0.544287041750202
部队	1978	0.000242321335487029	0.544529363085689
讲话	1977	0.000242198827228441	0.544771561912917
过程	1976	0.000242076318969853	0.545013638231887
最近	1976	0.000242076318969853	0.545255714550857
放	1972	0.000241586285935501	0.545497300836793
请	1971	0.000241463777676913	0.54573876461447
及时	1964	0.000240606219866797	0.545979370834336
手	1957	0.000239748662056681	0.546219119496393
正确	1954	0.000239381137280917	0.546458500633674
干	1951	0.000239013612505153	0.546697514246179
委员	1950	0.000238891104246565	0.546936405350426
头	1949	0.000238768595987977	0.547175173946414
黔	1947	0.000238523579470801	0.547413697525884
都是	1945	0.000238278562953625	0.547651976088838
广泛	1941	0.000237788529919273	0.547889764618757
农户	1936	0.000237175988626333	0.548126940607384
建设有中国特色社会主义	1935	0.000237053480367745	0.548363994087751
现代	1931	0.000236563447333393	0.548600557535085
组成	1927	0.000236073414299041	0.548836630949384
原因	1918	0.00023497083997175	0.549071601789356
案	1917	0.000234848331713162	0.549306450121069
调查	1914	0.000234480806937398	0.549540930928006
不是	1912	0.000234235790420222	0.549775166718426
版	1906	0.000233500740868694	0.550008667459295
买	1905	0.000233378232610106	0.550242045691905
消费者	1904	0.000233255724351518	0.550475301416257
双方	1901	0.000232888199575754	0.550708189615833
孩子	1897	0.000232398166541402	0.550940587782374
城	1896	0.000232275658282814	0.551172863440657
民主	1896	0.000232275658282814	0.55140513909894
明显	1888	0.00023129559221411	0.551636434691154
一起	1884	0.000230805559179758	0.551867240250333
主任	1882	0.000230560542662582	0.552097800792996
革命	1881	0.000230438034403994	0.5523282388274
参与	1878	0.00023007050962823	0.552558309337028
形象	1874	0.000229580476593878	0.552787889813622
书	1870	0.000229090443559526	0.553016980257182
改变	1866	0.000228600410525175	0.553245580667707
接受	1857	0.000227497836197883	0.553473078503905
贵	1855	0.000227252819680707	0.553700331323585
变化	1852	0.000226885294904943	0.55392721661849
双	1851	0.000226762786646355	0.554153979405137
之间	1849	0.000226517770129179	0.554380497175266
大量	1846	0.000226150245353415	0.554606647420619
座	1845	0.000226027737094827	0.554832675157714
接	1837	0.000225047671026123	0.55505772282874
广告	1834	0.000224680146250359	0.555282402974991
更加	1829	0.000224067604957419	0.555506470579948
意识	1828	0.000223945096698831	0.555730415676647
现	1819	0.000222842522371539	0.555953258199018
树立	1818	0.000222720014112951	0.556175978213131
美元	1817	0.000222597505854363	0.556398575718986
考察	1817	0.000222597505854363	0.55662117322484
建议	1817	0.000222597505854363	0.556843770730695
道德	1817	0.000222597505854363	0.557066368236549
像	1816	0.000222474997595775	0.557288843234145
保障	1816	0.000222474997595775	0.55751131823174
关心	1813	0.000222107472820011	0.557733425704561
两国	1811	0.000221862456302836	0.557955288160863
才能	1811	0.000221862456302836	0.558177150617166
获	1810	0.000221739948044248	0.55839889056521
强	1808	0.000221494931527072	0.558620385496738
居民	1802	0.000220759881975544	0.558841145378713
大家	1802	0.000220759881975544	0.559061905260689
自然	1802	0.000220759881975544	0.559282665142664
带来	1801	0.000220637373716956	0.559503302516381
犯罪	1797	0.000220147340682604	0.559723449857064
汽车	1796	0.000220024832424016	0.559943474689488
真正	1795	0.000219902324165428	0.560163377013653
吃	1788	0.000219044766355312	0.560382421780009
设计	1787	0.000218922258096724	0.560601344038105
转	1785	0.000218677241579548	0.560820021279685
机遇	1785	0.000218677241579548	0.561038698521264
改	1784	0.00021855473332096	0.561257253254585
确保	1784	0.00021855473332096	0.561475807987906
海	1778	0.000217819683769432	0.561693627671676
形势	1776	0.000217574667252256	0.561911202338928
突破	1776	0.000217574667252256	0.56212877700618
规范	1774	0.00021732965073508	0.562346106656915
首先	1773	0.000217207142476492	0.562563313799392
结束	1770	0.000216839617700728	0.562780153417093
统计	1770	0.000216839617700728	0.562996993034793
来自	1766	0.000216349584666376	0.56321334261946
支	1765	0.000216227076407788	0.563429569695867
丰富	1764	0.0002161045681492	0.563645674264017
烤烟	1762	0.000215859551632024	0.563861533815649
见	1761	0.000215737043373436	0.564077270859022
相	1752	0.000214634469046145	0.564291905328068
结果	1745	0.000213776911236029	0.564505682239304
一切	1744	0.000213654402977441	0.564719336642282
对于	1738	0.000212919353425913	0.564932255995708
段	1737	0.000212796845167325	0.565145052840875
反映	1735	0.000212551828650149	0.565357604669525
艺术	1735	0.000212551828650149	0.565570156498175
党中央	1734	0.000212429320391561	0.565782585818567
职业	1731	0.000212061795615797	0.565994647614183
当前	1729	0.000211816779098621	0.566206464393281
条例	1724	0.000211204237805681	0.566417668631087
比较	1724	0.000211204237805681	0.566628872868893
儿童	1722	0.000210959221288505	0.566839832090181
合理	1721	0.000210836713029917	0.567050668803211
酒	1721	0.000210836713029917	0.567261505516241
加工	1718	0.000210469188254153	0.567471974704495
集团	1713	0.000209856646961213	0.567681831351456
期间	1712	0.000209734138702625	0.567891565490159
送	1711	0.000209611630444037	0.568101177120603
确定	1711	0.000209611630444037	0.568310788751047
应当	1710	0.000209489122185449	0.568520277873232
作品	1708	0.000209244105668273	0.568729521978901
范围	1705	0.000208876580892509	0.568938398559793
体系	1702	0.000208509056116745	0.56914690761591
低	1698	0.000208019023082394	0.569354926638992
任何	1696	0.000207774006565218	0.569562700645558
通知	1694	0.000207528990048042	0.569770229635606
进步	1687	0.000206671432237926	0.569976901067844
份	1687	0.000206671432237926	0.570183572500082
面	1686	0.000206548923979338	0.570390121424061
除	1681	0.000205936382686398	0.570596057806747
道	1678	0.000205568857910634	0.570801626664658
心	1676	0.000205323841393458	0.571006950506051
体育	1674	0.000205078824876282	0.571212029330928
代	1674	0.000205078824876282	0.571417108155804
多种	1673	0.000204956316617694	0.571622064472422
字	1673	0.000204956316617694	0.571827020789039
美	1672	0.000204833808359106	0.572031854597398
金	1671	0.000204711300100518	0.572236565897499
准备	1670	0.00020458879184193	0.572441154689341
正式	1668	0.000204343775324754	0.572645498464666
抓住	1668	0.000204343775324754	0.57284984223999
最后	1668	0.000204343775324754	0.573054186015315
欢迎	1663	0.000203731234031814	0.573257917249347
多个	1662	0.000203608725773226	0.57346152597512
引进	1661	0.000203486217514638	0.573665012192635
间	1656	0.000202873676221698	0.573867885868857
控制	1655	0.00020275116796311	0.57407063703682
少	1646	0.000201648593635818	0.574272285630455
选择	1641	0.000201036052342879	0.574473321682798
巨大	1640	0.000200913544084291	0.574674235226883
攻坚	1636	0.000200423511049939	0.574874658737933
所有	1633	0.000200055986274175	0.575074714724207
制	1631	0.000199810969756999	0.575274525693964
核心	1630	0.000199688461498411	0.575474214155462
处分	1630	0.000199688461498411	0.575673902616961
住	1629	0.000199565953239823	0.5758734685702
带动	1626	0.000199198428464059	0.576072666998664
登记	1626	0.000199198428464059	0.576271865427128
根本	1625	0.000199075920205471	0.576470941347334
筑	1621	0.000198585887171119	0.576669527234505
减少	1619	0.000198340870653943	0.576867868105159
总统	1618	0.000198218362395355	0.577066086467554
小组	1618	0.000198218362395355	0.57726430482995
如今	1616	0.000197973345878179	0.577462278175828
领域	1614	0.000197728329361003	0.577660006505189
厅	1613	0.000197605821102415	0.577857612326291
报道	1610	0.000197238296326651	0.578054850622618
发表	1609	0.000197115788068063	0.578251966410686
道路	1607	0.000196870771550887	0.578448837182237
持续	1606	0.000196748263292299	0.578645585445529
但是	1605	0.000196625755033711	0.578842211200563
施工	1601	0.000196135721999359	0.579038346922562
沿	1597	0.000195645688965007	0.579233992611527
住房	1596	0.000195523180706419	0.579429515792234
适应	1596	0.000195523180706419	0.57962503897294
各族	1592	0.000195033147672067	0.579820072120612
超过	1591	0.000194910639413479	0.580014982760026
医院	1586	0.00019429809812054	0.580209280858146
今后	1585	0.000194175589861952	0.580403456448008
自身	1584	0.000194053081603364	0.580597509529611
左右	1584	0.000194053081603364	0.580791562611215
老人	1584	0.000194053081603364	0.580985615692818
地位	1583	0.000193930573344776	0.581179546266163
阶段	1576	0.00019307301553466	0.581372619281698
状况	1576	0.00019307301553466	0.581565692297232
邓小平理论	1575	0.000192950507276072	0.581758642804508
可能	1574	0.000192827999017484	0.581951470803526
快	1573	0.000192705490758896	0.582144176294285
用户	1573	0.000192705490758896	0.582336881785044
深化	1572	0.000192582982500308	0.582529464767544
来到	1568	0.000192092949465956	0.58272155771701
一直	1565	0.000191725424690192	0.5829132831417
基层	1565	0.000191725424690192	0.58310500856639
顺利	1562	0.000191357899914428	0.583296366466305
班	1562	0.000191357899914428	0.583487724366219
出席	1558	0.000190867866880076	0.583678592233099
没	1557	0.000190745358621488	0.583869337591721
交	1543	0.000189030243001256	0.584058367834722
总结	1542	0.000188907734742668	0.584247275569464
话	1542	0.000188907734742668	0.584436183304207
有利于	1541	0.00018878522648408	0.584624968530691
协调	1535	0.000188050176932552	0.584813018707624
张	1534	0.000187927668673964	0.585000946376298
难	1531	0.000187560143898201	0.585188506520196
爱	1524	0.000186702586088085	0.585375209106284
块	1523	0.000186580077829497	0.585561789184114
坚决	1519	0.000186090044795145	0.585747879228909
治疗	1517	0.000185845028277969	0.585933724257187
创	1515	0.000185600011760793	0.586119324268948
建筑	1514	0.000185477503502205	0.58630480177245
近年来	1513	0.000185354995243617	0.586490156767693
发	1513	0.000185354995243617	0.586675511762937
中国共产党	1510	0.000184987470467853	0.586860499233405
几个	1506	0.000184497437433501	0.587044996670838
任	1506	0.000184497437433501	0.587229494108272
烟	1506	0.000184497437433501	0.587413991545705
方法	1504	0.000184252420916325	0.587598243966622
以下	1501	0.000183884896140561	0.587782128862762
价值	1500	0.000183762387881973	0.587965891250644
收购	1496	0.000183272354847621	0.588149163605492
女	1494	0.000183027338330445	0.588332190943822
示范	1492	0.000182782321813269	0.588514973265636
成员	1490	0.000182537305296093	0.588697510570932
联合国	1489	0.000182414797037505	0.588879925367969
管	1489	0.000182414797037505	0.589062340165007
体现	1487	0.000182169780520329	0.589244509945527
引起	1487	0.000182169780520329	0.589426679726047
特点	1486	0.000182047272261741	0.589608726998309
为主	1482	0.000181557239227389	0.589790284237536
对外	1479	0.000181189714451625	0.589971473951988
合同	1479	0.000181189714451625	0.59015266366644
平方米	1479	0.000181189714451625	0.590333853380891
生	1478	0.000181067206193037	0.590514920587084
围绕	1477	0.00018094469793445	0.590695865285019
之后	1474	0.000180577173158686	0.590876442458177
驻	1474	0.000180577173158686	0.591057019631336
甚至	1472	0.00018033215664151	0.591237351787978
送达	1472	0.00018033215664151	0.591417683944619
李鹏	1470	0.000180087140124334	0.591597771084743
领导班子	1468	0.000179842123607158	0.59177761320835
约	1468	0.000179842123607158	0.591957455331958
大型	1467	0.00017971961534857	0.592137174947306
应该	1465	0.000179474598831394	0.592316649546138
套	1463	0.000179229582314218	0.592495879128452
类	1463	0.000179229582314218	0.592675108710766
公有制	1462	0.00017910707405563	0.592854215784822
斗争	1461	0.000178984565797042	0.593033200350619
种植	1460	0.000178862057538454	0.593212062408157
办理	1458	0.000178617041021278	0.593390679449178
迅速	1456	0.000178372024504102	0.593569051473682
交流	1455	0.000178249516245514	0.593747300989928
已有	1453	0.000178004499728338	0.593925305489656
加	1447	0.00017726945017681	0.594102574939833
连	1447	0.00017726945017681	0.59427984439001
发行	1446	0.000177146941918222	0.594456991331928
时期	1445	0.000177024433659634	0.594634015765588
采用	1444	0.000176901925401046	0.594810917690989
鼓励	1439	0.000176289384108106	0.594987207075097
风	1437	0.00017604436759093	0.595163251442688
能够	1436	0.000175921859332342	0.59533917330202
科研	1436	0.000175921859332342	0.595515095161353
中华人民共和国	1435	0.000175799351073754	0.595690894512426
树	1433	0.000175554334556578	0.595866448846983
开拓	1431	0.000175309318039402	0.596041758165022
表现	1429	0.000175064301522226	0.596216822466545
近日	1428	0.000174941793263638	0.596391764259808
程度	1428	0.000174941793263638	0.596566706053072
各类	1422	0.000174206743712111	0.596740912796784
特别	1421	0.000174084235453523	0.596914997032237
声明	1421	0.000174084235453523	0.597089081267691
探索	1420	0.000173961727194935	0.597263042994886
然而	1417	0.000173594202419171	0.597436637197305
门	1417	0.000173594202419171	0.597610231399724
香港特别行政区	1416	0.000173471694160583	0.597783703093885
谁	1414	0.000173226677643407	0.597956929771528
妇女	1413	0.000173104169384819	0.598130033940913
政协	1411	0.000172859152867643	0.598302893093781
连续	1409	0.000172614136350467	0.598475507230131
先	1408	0.000172491628091879	0.598647998858223
期	1405	0.000172124103316115	0.598820122961539
全体	1402	0.000171756578540351	0.59899187954008
运	1400	0.000171511562023175	0.599163391102103
平均	1396	0.000171021528988823	0.599334412631092
旗帜	1393	0.000170654004213059	0.599505066635305
引导	1392	0.000170531495954471	0.599675598131259
小时	1392	0.000170531495954471	0.599846129627214
符合	1391	0.000170408987695883	0.60001653861491
私营	1391	0.000170408987695883	0.600186947602605
红	1384	0.000169551429885767	0.600356499032491
只要	1383	0.000169428921627179	0.600525927954118
军	1381	0.000169183905110003	0.600695111859228
常委	1379	0.000168938888592827	0.600864050747821
脱贫	1377	0.000168693872075651	0.601032744619897
面对	1375	0.000168448855558475	0.601201193475455
兼并	1372	0.000168081330782711	0.601369274806238
繁荣	1369	0.000167713806006947	0.601536988612245
经济效益	1366	0.000167346281231183	0.601704334893476
多年	1365	0.000167223772972596	0.601871558666449
强化	1365	0.000167223772972596	0.602038782439421
采访	1364	0.000167101264714008	0.602205883704135
多次	1364	0.000167101264714008	0.602372984968849
文艺	1364	0.000167101264714008	0.602540086233563
人士	1363	0.00016697875645542	0.602707064990019
配套	1363	0.00016697875645542	0.602874043746474
楼	1361	0.000166733739938244	0.603040777486412
告诉	1360	0.000166611231679656	0.603207388718092
试点	1359	0.000166488723421068	0.603373877441513
个体	1358	0.00016636621516248	0.603540243656676
很大	1358	0.00016636621516248	0.603706609871838
绿色	1356	0.000166121198645304	0.603872731070484
讨论	1356	0.000166121198645304	0.604038852269129
一系列	1353	0.00016575367386954	0.604204605942998
到了	1353	0.00016575367386954	0.604370359616868
从而	1352	0.000165631165610952	0.604535990782479
用于	1351	0.000165508657352364	0.604701499439831
耕地	1348	0.0001651411325766	0.604866640572408
石	1346	0.000164896116059424	0.605031536688467
分析	1346	0.000164896116059424	0.605196432804527
                                                                                                                                                                                                                                                                                                                                                                                                                                                                                                                                                                                                                                                                                                                                                                                                                                                                                                                                                                                                                                                                                                                                                                                                                                                                                                                                                                                                                                                                                                                                                                                                                                                                                                                                                                                                                                                                                                                                                                                                                                                                                                                                                                                                                                                                             