的	466418	0.0561747236265696	0.0561747236265696
和	104228	0.0125530727676678	0.0687277963942374
在	99328	0.0119629237044452	0.0806907200986826
了	94685	0.0114037273573956	0.0920944474560782
是	63613	0.00766145966505789	0.0997559071211361
为	45591	0.00549091549824178	0.105246822619378
个	38167	0.00459677944816727	0.109843602067545
发展	36149	0.00435373438498699	0.114197336452532
对	34510	0.00415633554526823	0.1183536719978
有	34228	0.00412237186448684	0.122476043862287
中	32806	0.00395110819756794	0.126427152059855
上	32687	0.00393677600603253	0.130363928065888
要	32370	0.00389859697479955	0.134262525040687
工作	31964	0.0038496989095611	0.138112223950248
等	28512	0.00343394491644995	0.141546168866698
省	28258	0.00340335351602983	0.144949522382728
到	27118	0.00326605352989231	0.14821557591262
这	26618	0.00320583423772674	0.151421410150347
元	26500	0.00319162248477566	0.154613032635123
经济	26281	0.00316524643480714	0.15777827906993
与	24526	0.00295387671930596	0.160732155789236
企业	23987	0.00288896032235146	0.163621116111587
建设	23538	0.00283488339798677	0.166455999509574
他	23102	0.00278237217521839	0.169238371684793
我	22722	0.00273660551317255	0.171974977197965
人	22487	0.00270830244585473	0.17468327964382
以	22084	0.00265976569636927	0.177343045340189
地	21642	0.0026065318420949	0.179949577182284
多	20201	0.0024329798420737	0.182382557024358
将	19802	0.00238492484692557	0.184767481871283
年	19607	0.00236143932298099	0.187128921194264
也	19558	0.00235553783234877	0.189484459026613
不	19515	0.00235035897322253	0.191834817999836
大	17790	0.00214260241525128	0.193977420415087
从	17780	0.00214139802940797	0.196118818444495
新	17676	0.00212887241663753	0.198247690861132
说	16377	0.00197242269559136	0.200220113556724
就	16328	0.00196652120495913	0.202186634761683
已	16121	0.00194159041800258	0.204128225179685
把	15180	0.00182825771014696	0.205956482889832
后	14994	0.00180585613346137	0.207762339023294
国家	14887	0.00179296920493793	0.209555308228232
市场	14760	0.00177767350472788	0.21133298173296
两	14617	0.00176045078716852	0.213093432520128
并	14601	0.00175852376981922	0.214851956289947
进行	14542	0.00175141789334368	0.216603374183291
向	14379	0.00173178640409771	0.218335160587389
我们	14080	0.00169577526738269	0.220030935854771
管理	14006	0.00168686281214218	0.221717798666914
着	13886	0.00167241018202245	0.223390208848936
问题	13529	0.00162941360741622	0.225019622456352
下	13258	0.00159677475106248	0.226616397207415
来	13199	0.00158966887458694	0.228206066082002
还	12802	0.00154185475660747	0.229747920838609
出	12498	0.0015052414269708	0.23125316226558
都	12445	0.00149885818200125	0.232752020447581
贵州	12300	0.00148139458727323	0.234233415034854
生产	12187	0.00146778502724381	0.235701200062098
社会	12123	0.00146007695784662	0.237161277019945
而	11968	0.00144140897727529	0.23860268599722
好	11930	0.0014368323110707	0.240039518308291
领导	11907	0.00143406222363109	0.241473580531922
政府	11834	0.00142527020697491	0.242898850738897
使	11833	0.00142514976839058	0.244324000507287
名	11688	0.00140768617366256	0.24573168668095
中国	11531	0.00138877731592257	0.247120463996873
部门	11366	0.00136890494950793	0.24848936894638
改革	11115	0.00133867486484081	0.249828043811221
之	11096	0.00133638653173852	0.25116443034296
提高	11038	0.00132940109384731	0.252493831436807
他们	10964	0.0013204886386068	0.253814320075414
职工	10887	0.00131121486761331	0.255125534943027
由	10867	0.00130880609592668	0.256434341038954
又	10853	0.00130711995574605	0.2577414609947
干部	10781	0.0012984483776742	0.259039909372374
该	10740	0.00129351039571663	0.260333419768091
被	10497	0.00126424381972415	0.261597663587815
县	10474	0.00126147373228454	0.2628591373201
次	10353	0.00124690066358047	0.26410603798368
人民	10218	0.00123064145469576	0.265336679438376
加强	10139	0.0012211268065336	0.266557806244909
教育	10079	0.00121390049147373	0.267771706736383
工程	10061	0.00121173259695577	0.268983439333339
技术	10043	0.00120956470243781	0.270193004035777
全国	9937	0.00119679821249871	0.271389802248275
于	9907	0.00119318505496877	0.272582987303244
但	9787	0.00117873242484903	0.273761719728093
农村	9614	0.00115789654975974	0.274919616277853
图片	9549	0.00115006804177822	0.276069684319631
本	9538	0.00114874321735058	0.277218427536982
时	9527	0.00114741839292293	0.278365845929905
组织	9518	0.00114633444566395	0.279512180375569
群众	9477	0.00114139646370637	0.280653576839275
及	9440	0.00113694023608612	0.281790517075361
农业	9355	0.00112670295641797	0.282917220031779
有关	9235	0.00111225032629823	0.284029470358077
活动	9192	0.00110707146717199	0.285136541825249
会	9157	0.0011028561167204	0.28623939794197
项目	9119	0.00109827945051582	0.287337677392486
服务	8993	0.00108310418889009	0.288420781581376
公司	8798	0.00105961866494552	0.289480400246321
党	8651	0.00104191419304884	0.29052231443937
农民	8598	0.00103553094807929	0.291557845387449
所	8586	0.00103408568506731	0.292591931072517
做	8567	0.00103179735196502	0.293623728424482
全省	8526	0.00102685937000744	0.294650587794489
各	8497	0.00102336665106184	0.295673954445551
重要	8451	0.00101782647618261	0.296691780921733
科技	8421	0.00101421331865267	0.297705994240386
开发	8379	0.00100915489811076	0.298715149138497
作	8376	0.00100879358235777	0.299723942720855
起	8364	0.0010073483193458	0.3007312910402
要求	8356	0.00100638481067115	0.301737675850872
家	8212	0.000989041654527461	0.302726717505399
通过	8200	0.000987596391515487	0.303714313896915
会议	8197	0.000987235075762494	0.304701548972677
实现	7991	0.000962424727390275	0.305663973700067
其	7986	0.00096182253446862	0.306625796234536
基础	7918	0.000953632710734101	0.30757942894527
学习	7707	0.000928220169440227	0.30850764911471
资金	7585	0.000913526662151826	0.309421175776862
投资	7568	0.000911479206218196	0.31033265498308
村	7530	0.000906902540013612	0.311239557523094
用	7503	0.000903650698236671	0.312143208221331
增长	7467	0.000899314909200749	0.313042523130531
人员	7460	0.000898471839110431	0.313940994969642
精神	7454	0.000897749207604444	0.314838744177246
给	7446	0.000896785698929795	0.315735529876176
本报讯	7380	0.000888836752363938	0.31662436662854
据	7363	0.000886789296430309	0.31751115592497
可	7308	0.000880165174292095	0.318391321099262
单位	7254	0.000873661490738213	0.319264982590001
内	7240	0.000871975350557576	0.320136957940558
产品	7228	0.000870530087545603	0.321007488028104
文化	7221	0.000869687017455284	0.321877175045559
自己	7187	0.000865592105588025	0.322742767151147
解决	7179	0.000864628596913376	0.32360739574806
同时	7176	0.000864267281160382	0.324471663029221
情况	7152	0.000861376755136435	0.325333039784357
实施	7138	0.000859690614955798	0.326192730399313
建立	7109	0.000856197896010195	0.327048928295323
里	7021	0.000845599300589053	0.327894527595912
思想	6998	0.000842829213149436	0.328737356809062
同志	6987	0.000841504388721794	0.329578861197783
市	6944	0.000836325529595554	0.330415186727379
积极	6817	0.000821029829385497	0.331236216556765
今年	6805	0.000819584566373523	0.332055801123138
再	6790	0.000817777987608556	0.332873579110747
种	6785	0.0008171757946869	0.333690754905433
没有	6708	0.000807902023693401	0.334498656929127
位	6653	0.000801277901555187	0.335299934830682
经营	6593	0.000794051586495318	0.336093986417177
开展	6551	0.000788993165953409	0.336882979583131
进一步	6550	0.000788872727369078	0.3376718523105
亩	6512	0.000784296061164494	0.338456148371664
条	6491	0.00078176685089354	0.339237915222558
目前	6442	0.000775865360261313	0.340013780582819
届	6429	0.000774299658665008	0.340788080241484
提出	6370	0.00076719378218947	0.341555274023674
电	6325	0.000761774045894568	0.342317048069568
方面	6317	0.000760810537219919	0.343077858606788
生活	6311	0.000760087905713932	0.343837946512502
主要	6309	0.000759847028545269	0.344597793541047
我国	6292	0.00075779957261164	0.345355593113659
产业	6251	0.000752861590654062	0.346108454704313
坚持	6244	0.000752018520563744	0.346860473224877
能	6238	0.000751295889057757	0.347611769113935
政策	6228	0.000750091503214446	0.348361860617149
制度	6220	0.000749127994539796	0.349110988611689
小	6188	0.000745273959841199	0.34985626257153
地区	6180	0.00074431045116655	0.350600573022697
或	6132	0.000738529399118655	0.351339102421815
规定	6090	0.000733470978576746	0.352072573400392
记者	6086	0.000732989224239421	0.352805562624631
成为	6063	0.000730219136799805	0.353535781761431
达	6061	0.000729978259631142	0.354265760021062
比	5971	0.000719138787041338	0.354984898808104
重点	5967	0.000718657032704014	0.355703555840808
至	5927	0.000713839489330767	0.356417395330139
一些	5892	0.000709624138879177	0.357127019469018
必须	5871	0.000707094928608223	0.357834114397626
项	5864	0.000706251858517904	0.358540366256144
得	5847	0.000704204402584275	0.359244570658728
户	5813	0.000700109490717016	0.359944680149445
第一	5768	0.000694689754422113	0.360639369903867
下岗	5759	0.000693605807163133	0.36133297571103
完成	5728	0.000689872211048867	0.362022847922079
作为	5657	0.000681321071561355	0.362704168993641
学生	5630	0.000678069229784414	0.363382238223425
各级	5627	0.00067770791403142	0.364059946137457
你	5590	0.000673251686411167	0.364733197823868
贵阳	5584	0.000672529054905181	0.365405726878773
美国	5576	0.000671565546230531	0.366077292425003
高	5575	0.0006714451076462	0.36674873753265
国际	5537	0.000666868441441616	0.367415605974091
基本	5530	0.000666025371351298	0.368081631345443
资源	5516	0.000664339231170662	0.368745970576613
几	5505	0.000663014406743019	0.369408984983356
区	5468	0.000658558179122766	0.370067543162479
以上	5445	0.00065578809168315	0.370723331254162
增加	5431	0.000654101951502514	0.371377433205665
环境	5394	0.000649645723882261	0.372027078929547
厂	5375	0.000647357390779969	0.372674436320327
努力	5359	0.00064543037343067	0.373319866693758
全面	5357	0.000645189496262008	0.37396505619002
目标	5303	0.000638685812708125	0.374603742002728
参加	5301	0.000638444935539463	0.375242186938267
扶贫	5284	0.000636397479605833	0.375878584417873
前	5265	0.000634109146503541	0.376512693564377
她	5193	0.000625437568431698	0.377138131132808
天	5193	0.000625437568431698	0.37776356870124
以来	5171	0.000622787919576413	0.378386356620816
实行	5161	0.000621583533733101	0.379007940154549
新华社	5159	0.000621342656564439	0.379629282811114
研究	5150	0.000620258709305458	0.380249541520419
办	5138	0.000618813446293485	0.380868354966713
贵阳市	5126	0.000617368183281511	0.381485723149994
世界	5124	0.000617127306112848	0.382102850456107
任务	5112	0.000615682043100874	0.382718532499208
质量	5109	0.000615320727347881	0.383333853226556
取得	5097	0.000613875464335907	0.383947728690892
形成	5059	0.000609298798131323	0.384557027489023
水平	5059	0.000609298798131323	0.385166326287154
条件	5044	0.000607492219366356	0.385773818506521
可以	4984	0.000600265904306486	0.386374084410827
这个	4960	0.000597375378282539	0.38697145978911
更	4953	0.00059653230819222	0.387567992097302
决定	4944	0.00059544836093324	0.388163440458235
就业	4943	0.000595327922348909	0.388758768380584
去	4922	0.000592798712077955	0.389351567092662
机构	4906	0.000590871694728656	0.389942438787391
过	4899	0.000590028624638338	0.390532467412029
作用	4870	0.000586535905692734	0.391119003317722
社会主义	4848	0.000583886256837449	0.391702889574559
这些	4846	0.000583645379668787	0.392286534954228
日	4810	0.000579309590632865	0.392865844544861
占	4790	0.000576900818946242	0.393442745363807
加快	4780	0.00057569643310293	0.39401844179691
省委	4740	0.000570878889729684	0.39458932068664
促进	4733	0.000570035819639366	0.395159356506279
机关	4733	0.000570035819639366	0.395729392325919
代表	4731	0.000569794942470704	0.396299187268389
提供	4722	0.000568710995211723	0.396867898263601
结合	4705	0.000566663539278094	0.397434561802879
政治	4682	0.000563893451838477	0.397998455254718
认为	4662	0.000561484680151854	0.398559939934869
投入	4622	0.000556667136778607	0.399116607071648
由于	4610	0.000555221873766634	0.399671828945415
万	4579	0.000551488277652368	0.400223317223067
城市	4577	0.000551247400483705	0.400774564623551
措施	4558	0.000548959067381414	0.401323523690932
支持	4557	0.000548838628797082	0.401872362319729
需要	4540	0.000546791172863453	0.402419153492593
计划	4540	0.000546791172863453	0.402965944665456
金融	4533	0.000545948102773135	0.403511892768229
关系	4530	0.000545586787020141	0.404057479555249
依法	4530	0.000545586787020141	0.40460306634227
自	4528	0.000545345909851479	0.405148412252121
落实	4527	0.000545225471267148	0.405693637723388
不断	4509	0.000543057576749187	0.406236695300137
认真	4505	0.000542575822411862	0.406779271122549
民族	4494	0.000541250997984219	0.407320522120533
就是	4488	0.000540528366478233	0.407861050487012
局	4482	0.000539805734972246	0.408400856221984
学校	4473	0.000538721787713265	0.408939578009697
外	4462	0.000537396963285622	0.409476974972983
中央	4457	0.000536794770363967	0.410013769743347
应	4435	0.000534145121508681	0.410547914864855
利用	4433	0.000533904244340019	0.411081819109196
部	4415	0.000531736349822058	0.411613555459018
其中	4413	0.000531495472653396	0.412145050931671
水	4411	0.000531254595484733	0.412676305527156
结构	4389	0.000528604946629448	0.413204910473785
近	4382	0.00052776187653913	0.413732672350324
粮食	4375	0.000526918806448812	0.414259591156773
中心	4367	0.000525955297774162	0.414785546454547
采取	4356	0.00052463047334652	0.415310176927894
开始	4356	0.00052463047334652	0.41583480740124
继续	4346	0.000523426087503208	0.416358233488744
同	4339	0.00052258301741289	0.416880816506156
余	4339	0.00052258301741289	0.417403399523569
贵州省	4335	0.000522101263075565	0.417925500786645
时间	4330	0.00052149907015391	0.418446999856799
去年	4330	0.00052149907015391	0.418968498926953
最	4305	0.000518488105545631	0.419486987032498
地方	4276	0.000514995386600027	0.420001982419098
历史	4271	0.000514393193678371	0.420516375612777
公告	4237	0.000510298281811112	0.421026673894588
公路	4237	0.000510298281811112	0.421536972176399
以及	4233	0.000509816527473787	0.422046788703873
乡	4232	0.000509696088889456	0.422556484792762
院	4200	0.000505842054190859	0.423062326846953
让	4163	0.000501385826570606	0.423563712673524
发挥	4140	0.00049861573913099	0.424062328412655
事业	4118	0.000495966090275704	0.42455829450293
人才	4115	0.000495604774522711	0.425053899277453
举行	4105	0.000494400388679399	0.425548299666132
实际	4101	0.000493918634342075	0.426042218300474
抓	4090	0.000492593809914432	0.426534812110389
调整	4066	0.000489703283890484	0.427024515394279
点	4059	0.000488860213800166	0.42751337560808
共	4055	0.000488378459462842	0.428001754067542
发生	4042	0.000486812757866536	0.428488566825409
得到	4033	0.000485728810607556	0.428974295636016
吨	4018	0.000483922231842589	0.429458217867859
充分	3978	0.000479104688469342	0.429937322556328
按	3972	0.000478382056963355	0.430415704613292
贫困	3969	0.000478020741210362	0.430893725354502
场	3954	0.000476214162445395	0.431369939516948
监督	3949	0.000475611969523739	0.431845551486471
因	3944	0.000475009776602083	0.432320561263073
稳定	3939	0.000474407583680427	0.432794968846754
根据	3938	0.000474287145096096	0.43326925599185
工业	3909	0.000470794426150493	0.433740050418
优势	3897	0.000469349163138519	0.434209399581139
宣传	3894	0.000468987847385525	0.434678387428524
能力	3892	0.000468746970216863	0.435147134398741
北京	3875	0.000466699514283233	0.435613833913025
部分	3873	0.000466458637114571	0.436080292550139
设施	3856	0.000464411181180941	0.43654470373132
具有	3853	0.000464049865427948	0.437008753596748
合作	3849	0.000463568111090623	0.437472321707839
今天	3832	0.000461520655156993	0.437933842362996
素质	3831	0.000461400216572662	0.438395242579568
一定	3817	0.000459714076392026	0.43885495665596
统一	3810	0.000458871006301708	0.439313827662262
影响	3794	0.00045694398895241	0.439770771651214
收入	3789	0.000456341796030754	0.440227113447245
它	3788	0.000456221357446423	0.440683334804692
看	3781	0.000455378287356105	0.441138713092048
书记	3761	0.000452969515669481	0.441591682607717
很	3759	0.000452728638500819	0.442044411246218
困难	3753	0.000452006006994832	0.442496417253213
表示	3734	0.00044971767389254	0.442946134927105
号	3730	0.000449235919555215	0.443395370846661
经	3728	0.000448995042386553	0.443844365889047
成	3695	0.000445020569103625	0.444289386458151
广大	3670	0.000442009604495346	0.444731396062646
却	3661	0.000440925657236366	0.445172321719882
先进	3657	0.000440443902899041	0.445612765622782
走	3655	0.000440203025730379	0.446052968648512
贯彻	3624	0.000436469429616113	0.446489438078128
路	3609	0.000434662850851146	0.446924100928979
非	3591	0.000432494956333185	0.447356595885312
批	3590	0.000432374517748854	0.447788970403061
米	3586	0.000431892763411529	0.448220863166473
经过	3585	0.000431772324827198	0.4486526354913
土地	3582	0.000431411009074204	0.449084046500374
不能	3579	0.000431049693321211	0.449515096193695
各种	3569	0.000429845307477899	0.449944941501173
岁	3557	0.000428400044465925	0.450373341545639
这样	3545	0.000426954781453951	0.450800296327093
基地	3540	0.000426352588532296	0.451226648915625
镇	3532	0.000425389079857646	0.451652037995483
关于	3529	0.000425027764104653	0.452077065759588
国务院	3519	0.000423823378261341	0.452500889137849
报	3506	0.000422257676665036	0.452923146814514
已经	3499	0.000421414606574718	0.453344561421089
个人	3496	0.000421053290821725	0.453765614711911
知识	3494	0.000420812413653062	0.454186427125564
贷款	3478	0.000418885396303764	0.454605312521867
如	3476	0.000418644519135102	0.455023957041002
达到	3473	0.000418283203382108	0.455442240244385
信息	3461	0.000416837940370134	0.455859078184755
安全	3455	0.000416115308864147	0.456275193493619
仅	3446	0.000415031361605167	0.456690224855224
现在	3438	0.000414067852930518	0.457104292708154
江泽民	3426	0.000412622589918544	0.457516915298073
法律	3424	0.000412381712749881	0.457929297010823
培训	3422	0.000412140835581219	0.458341437846404
推进	3419	0.000411779519828226	0.458753217366232
希望	3417	0.000411538642659563	0.459164756008892
山	3397	0.00040912987097294	0.459573885879865
严重	3396	0.000409009432388609	0.459982895312253
旅游	3384	0.000407564169376635	0.46039045948163
深入	3381	0.000407202853623642	0.460797662335254
委	3369	0.000405757590611668	0.461203419925865
加大	3339	0.000402144433081733	0.461605564358947
按照	3326	0.000400578731485428	0.462006143090433
为了	3324	0.000400337854316766	0.462406480944749
这种	3317	0.000399494784226448	0.462805975728976
第二	3306	0.000398169959798805	0.463204145688775
召开	3295	0.000396845135371162	0.463600990824146
处	3293	0.0003966042582025	0.463997595082348
体制	3287	0.000395881626696513	0.464393476709045
保证	3271	0.000393954609347214	0.464787431318392
执行	3269	0.000393713732178552	0.46518114505057
财政	3261	0.000392750223503903	0.465573895274074
人们	3256	0.000392148030582247	0.465966043304657
起来	3254	0.000391907153413585	0.46635795045807
重大	3252	0.000391666276244922	0.466749616734315
分	3235	0.000389618820311293	0.467139235554626
邓小平理论	3212	0.000386848732871676	0.467526084287498
理论	3210	0.000386607855703014	0.467912692143201
进入	3199	0.000385283031275371	0.468297975174476
青年	3194	0.000384680838353715	0.46868265601283
系统	3192	0.000384439961185053	0.469067095974015
方式	3186	0.000383717329679066	0.469450813303694
交通	3177	0.000382633382420086	0.469833446686114
使用	3175	0.000382392505251423	0.470215839191366
只	3175	0.000382392505251423	0.470598231696617
专家	3173	0.000382151628082761	0.4709803833247
指导	3173	0.000382151628082761	0.471362534952783
报告	3165	0.000381188119408112	0.471743723072191
扩大	3162	0.000380826803655118	0.472124549875846
则	3149	0.000379261102058813	0.472503810977905
出现	3147	0.000379020224890151	0.472882831202795
保护	3145	0.000378779347721489	0.473261610550516
行政	3144	0.000378658909137158	0.473640269459654
增强	3137	0.000377815839046839	0.4740180852987
当	3125	0.000376370576034866	0.474394455874735
帮助	3122	0.000376009260281872	0.474770465135017
指出	3114	0.000375045751607223	0.475145510886624
文明	3100	0.000373359611426587	0.475518870498051
长	3100	0.000373359611426587	0.475892230109478
科学	3091	0.000372275664167606	0.476264505773645
正	3075	0.000370348646818308	0.476634854420463
党委	3071	0.000369866892480983	0.477004721312944
各地	3045	0.000366735489288373	0.477371456802233
经验	3034	0.00036541066486073	0.477736867467093
许多	3033	0.000365290226276399	0.47810215769337
效益	3031	0.000365049349107737	0.478467207042478
各项	3027	0.000364567594770412	0.478831774637248
无	3017	0.000363363208927101	0.479195137846175
战略	3010	0.000362520138836782	0.479557657985012
建	3009	0.000362399700252451	0.479920057685264
良好	2993	0.000360472682903153	0.480280530368168
竞争	2992	0.000360352244318822	0.480640882612486
即	2988	0.000359870489981497	0.481000753102468
业务	2987	0.000359750051397166	0.481360503153865
省政府	2984	0.000359388735644172	0.481719891889509
总	2975	0.000358304788385192	0.482078196677894
公里	2963	0.000356859525373218	0.482435056203268
确保	2956	0.0003560164552829	0.48279107265855
销售	2955	0.000355896016698569	0.483146968675249
人口	2954	0.000355775578114238	0.483502744253363
认识	2948	0.000355052946608251	0.483857797199972
全	2946	0.000354812069439588	0.484212609269411
正在	2945	0.000354691630855257	0.484567300900266
国有企业	2941	0.000354209876517933	0.484921510776784
委员会	2940	0.000354089437933601	0.485275600214718
其他	2936	0.000353607683596277	0.485629207898314
改革开放	2927	0.000352523736337296	0.485981731634651
大力	2917	0.000351319350493985	0.486333050985145
行	2917	0.000351319350493985	0.486684370335639
力度	2914	0.000350958034740991	0.48703532837038
改造	2914	0.000350958034740991	0.487386286405121
重视	2899	0.000349151455976024	0.487735437861097
制定	2894	0.000348549263054368	0.488083987124152
办法	2873	0.000346020052783414	0.488430007176935
实践	2866	0.000345176982693096	0.488775184159628
共同	2865	0.000345056544108765	0.489120240703737
标准	2861	0.00034457478977144	0.489464815493509
比赛	2858	0.000344213474018447	0.489809028967527
组	2858	0.000344213474018447	0.490153242441546
资产	2852	0.00034349084251246	0.490496733284058
检查	2849	0.000343129526759466	0.490839862810817
规划	2849	0.000343129526759466	0.491182992337577
处理	2843	0.000342406895253479	0.49152539923283
改善	2841	0.000342166018084817	0.491867565250915
级	2828	0.000340600316488512	0.492208165567404
完善	2827	0.000340479877904181	0.492548645445308
香港	2823	0.000339998123566856	0.492888643568875
介绍	2823	0.000339998123566856	0.493228641692442
发现	2820	0.000339636807813863	0.493568278500255
规模	2812	0.000338673299139213	0.493906951799395
成立	2811	0.000338552860554882	0.49424550465995
那	2809	0.00033831198338622	0.494583816643336
打	2807	0.000338071106217558	0.494921887749553
全县	2793	0.000336384966036921	0.49525827271559
不仅	2791	0.000336144088868259	0.495594416804459
电话	2781	0.000334939703024948	0.495929356507484
队伍	2771	0.000333735317181636	0.496263091824665
带	2769	0.000333494440012974	0.496596586264678
面积	2767	0.000333253562844311	0.496929839827522
队	2758	0.000332169615585331	0.497262009443108
月	2758	0.000332169615585331	0.497594179058693
专业	2746	0.000330724352573357	0.497924903411267
负责	2739	0.000329881282483039	0.49825478469375
行业	2733	0.000329158650977052	0.498583943344727
抓好	2723	0.00032795426513374	0.49891189760986
切实	2706	0.000325906809200111	0.49923780441906
成功	2698	0.000324943300525462	0.499562747719586
新闻	2687	0.000323618476097819	0.499886366195684
分别	2681	0.000322895844591832	0.500209262040276
这次	2680	0.000322775406007501	0.500532037446283
数	2674	0.000322052774501514	0.500854090220785
联合	2668	0.000321330142995527	0.50117542036378
集体	2668	0.000321330142995527	0.501496750506776
公斤	2663	0.000320727950073871	0.501817478456849
形式	2647	0.000318800932724572	0.502136279389574
随	2644	0.000318439616971579	0.502454719006546
严格	2644	0.000318439616971579	0.502773158623517
调查	2634	0.000317235231128267	0.503090393854645
建成	2630	0.000316753476790943	0.503407147331436
责任	2621	0.000315669529531962	0.503722816860968
了解	2610	0.00031434470510432	0.504037161566073
铁路	2610	0.00031434470510432	0.504351506271177
村民	2607	0.000313983389351326	0.504665489660528
获得	2606	0.000313862950766995	0.504979352611295
十分	2606	0.000313862950766995	0.505293215562062
线	2601	0.000313260757845339	0.505606476319907
观念	2594	0.000312417687755021	0.505918894007662
行为	2592	0.000312176810586359	0.506231070818249
教学	2592	0.000312176810586359	0.506543247628835
创造	2587	0.000311574617664703	0.5068548222465
全部	2586	0.000311454179080372	0.50716627642558
钱	2577	0.000310370231821391	0.507476646657402
均	2574	0.000310008916068398	0.50778665557347
受到	2563	0.000308684091640755	0.508095339665111
集中	2552	0.000307359267213113	0.508402698932324
保持	2551	0.000307238828628781	0.508709937760953
便	2547	0.000306757074291457	0.509016694835244
每	2542	0.000306154881369801	0.509322849716614
推动	2542	0.000306154881369801	0.509629004597984
特别是	2542	0.000306154881369801	0.509935159479354
国	2539	0.000305793565616808	0.51024095304497
现代化	2536	0.000305432249863814	0.510546385294834
利益	2526	0.000304227864020503	0.510850613158855
搞	2519	0.000303384793930184	0.511153997952785
件	2519	0.000303384793930184	0.511457382746715
只有	2516	0.000303023478177191	0.511760406224892
百	2511	0.000302421285255535	0.512062827510148
教师	2506	0.000301819092333879	0.512364646602482
过去	2505	0.000301698653749548	0.512666345256231
联系	2495	0.000300494267906237	0.512966839524137
内容	2493	0.000300253390737574	0.513267092914875
曾	2470	0.000297483303297958	0.513564576218173
任	2468	0.000297242426129295	0.513861818644302
才	2464	0.000296760671791971	0.514158579316094
综合	2462	0.000296519794623308	0.514455099110717
方	2457	0.000295917601701653	0.514751016712419
强调	2457	0.000295917601701653	0.515046934314121
机制	2457	0.000295917601701653	0.515342851915822
进	2457	0.000295917601701653	0.515638769517524
有的	2450	0.000295074531611335	0.515933844049135
因此	2446	0.00029459277727401	0.51622843682641
未	2444	0.000294351900105348	0.516522788726515
有效	2437	0.00029350883001503	0.51681629755653
每年	2434	0.000293147514262036	0.517109445070792
而且	2431	0.000292786198509043	0.517402231269301
安排	2425	0.000292063567003056	0.517694294836304
先后	2424	0.000291943128418725	0.517986237964723
委员	2422	0.000291702251250062	0.518277940215973
如果	2412	0.000290497865406751	0.51856843808138
逐步	2401	0.000289173040979108	0.518857611122359
培养	2400	0.000289052602394777	0.519146663724753
市场经济	2390	0.000287848216551465	0.519434511941305
推广	2389	0.000287727777967134	0.519722239719272
传统	2384	0.000287125585045478	0.520009365304318
商品	2382	0.000286884707876816	0.520296250012194
车	2380	0.000286643830708154	0.520582893842903
原则	2377	0.00028628251495516	0.520869176357858
高度	2376	0.000286162076370829	0.521155338434228
国内	2370	0.000285439444864842	0.521440777879093
成果	2354	0.000283512427515544	0.521724290306609
乡镇	2347	0.000282669357425225	0.522006959664034
成绩	2337	0.000281464971581914	0.522288424635616
劳动	2335	0.000281224094413252	0.522569648730029
力量	2323	0.000279778831401278	0.52284942756143
不同	2323	0.000279778831401278	0.523129206392832
种植	2321	0.000279537954232615	0.523408744347064
当地	2320	0.000279417515648284	0.523688161862713
案	2320	0.000279417515648284	0.523967579378361
此	2308	0.00027797225263631	0.524245551630997
意见	2305	0.000277610936883317	0.524523162567881
学	2305	0.000277610936883317	0.524800773504764
体系	2303	0.000277370059714654	0.525078143564478
负责人	2302	0.000277249621130323	0.525355393185609
这里	2301	0.000277129182545992	0.525632522368155
设备	2298	0.000276767866792999	0.525909290234948
过程	2296	0.000276526989624336	0.526185817224572
第三	2288	0.000275563480949687	0.526461380705522
及时	2284	0.000275081726612363	0.526736462432134
州	2283	0.000274961288028031	0.527011423720162
突出	2283	0.000274961288028031	0.52728638500819
站	2279	0.000274479533690707	0.527560864541881
台	2277	0.000274238656522044	0.527835103198403
保障	2275	0.000273997779353382	0.528109100977756
大会	2273	0.00027375690218472	0.528382857879941
长期	2267	0.000273034270678733	0.52865589215062
行动	2265	0.000272793393510071	0.52892868554413
价格	2265	0.000272793393510071	0.52920147893764
存在	2257	0.000271829884835421	0.529473308822475
受	2257	0.000271829884835421	0.529745138707311
伊拉克	2251	0.000271107253329434	0.53001624596064
民主	2251	0.000271107253329434	0.53028735321397
包括	2240	0.000269782428901792	0.530557135642871
贡献	2237	0.000269421113148798	0.53082655675602
主席	2231	0.000268698481642811	0.531095255237663
找	2228	0.000268337165889818	0.531363592403553
明显	2228	0.000268337165889818	0.531631929569443
生态	2228	0.000268337165889818	0.531900266735332
开放	2221	0.0002674940957995	0.532167760831132
乡镇企业	2221	0.0002674940957995	0.532435254926931
直接	2221	0.0002674940957995	0.532702749022731
强	2210	0.000266169271371857	0.532968918294103
造成	2210	0.000266169271371857	0.533235087565475
机遇	2210	0.000266169271371857	0.533501256836847
伟大	2208	0.000265928394203195	0.53376718523105
片	2207	0.000265807955618863	0.534032993186669
酒	2206	0.000265687517034532	0.534298680703703
现	2200	0.000264964885528545	0.534563645589232
入	2192	0.000264001376853896	0.534827646966086
形势	2191	0.000263880938269565	0.535091527904355
图	2190	0.000263760499685234	0.53535528840404
老	2183	0.000262917429594916	0.535618205833635
事	2179	0.000262435675257591	0.535880641508893
之一	2179	0.000262435675257591	0.536143077184151
头	2165	0.000260749535076955	0.536403826719227
自然	2165	0.000260749535076955	0.536664576254304
农户	2165	0.000260749535076955	0.536925325789381
日本	2164	0.000260629096492624	0.537185954885874
国有	2163	0.000260508657908293	0.537446463543782
校	2141	0.000257859009053007	0.537704322552835
通知	2137	0.000257377254715682	0.537961699807551
接受	2137	0.000257377254715682	0.538219077062266
意识	2136	0.000257256816131351	0.538476333878398
原	2133	0.000256895500378358	0.538733229378776
批准	2132	0.000256775061794027	0.53899000444057
明确	2125	0.000255931991703709	0.539245936432274
看到	2113	0.000254486728691735	0.539500423160966
当前	2109	0.00025400497435441	0.53975442813532
特色	2108	0.000253884535770079	0.54000831267109
贵	2108	0.000253884535770079	0.54026219720686
不少	2107	0.000253764097185748	0.540515961304046
住房	2105	0.000253523220017085	0.540769484524063
讲	2105	0.000253523220017085	0.54102300774408
讲话	2104	0.000253402781432754	0.541276410525513
仍	2104	0.000253402781432754	0.541529813306946
家庭	2103	0.000253282342848423	0.541783095649794
团结	2096	0.000252439272758105	0.542035534922552
解放	2096	0.000252439272758105	0.54228797419531
开	2094	0.000252198395589443	0.542540172590899
六	2087	0.000251355325499125	0.542791527916399
还有	2085	0.000251114448330462	0.543042642364729
持续	2080	0.000250512255408807	0.543293154620138
获	2076	0.000250030501071482	0.543543185121209
花	2072	0.000249548746734157	0.543792733867944
靠	2065	0.000248705676643839	0.544041439544587
集团	2059	0.000247983045137852	0.544289422589725
加工	2056	0.000247621729384859	0.54453704431911
健康	2051	0.000247019536463203	0.544784063855573
总统	2041	0.000245815150619891	0.545029879006193
结果	2037	0.000245333396282567	0.545275212402476
主任	2035	0.000245092519113904	0.54552030492159
因为	2034	0.000244972080529573	0.545765277002119
人均	2029	0.000244369887607917	0.546009646889727
犯罪	2028	0.000244249449023586	0.546253896338751
具体	2026	0.000244008571854924	0.546497904910606
如何	2021	0.000243406378933268	0.546741311289539
进步	2020	0.000243285940348937	0.546984597229888
银行	2020	0.000243285940348937	0.547227883170237
想	2015	0.000242683747427281	0.547470566917664
正确	2011	0.000242201993089957	0.547712768910754
联合国	2005	0.00024147936158397	0.547954248272338
丰富	2005	0.00024147936158397	0.548195727633922
交	2003	0.000241238484415307	0.548436966118337
带动	2002	0.000241118045830976	0.548678084164168
可能	1995	0.000240274975740658	0.548918359139909
转变	1993	0.000240034098571996	0.549158393238481
党员	1985	0.000239070589897347	0.549397463828378
什么	1983	0.000238829712728684	0.549636293541107
书	1980	0.000238468396975691	0.549874761938082
产生	1977	0.000238107081222697	0.550112869019305
收购	1974	0.000237745765469704	0.550350614784775
改	1973	0.000237625326885373	0.55058824011166
引进	1970	0.000237264011132379	0.550825504122793
孩子	1965	0.000236661818210723	0.551062165941003
写	1963	0.000236420941042061	0.551298586882045
关键	1962	0.00023630050245773	0.551534887384503
大量	1953	0.00023521655519875	0.551770103939702
支	1953	0.00023521655519875	0.552005320494901
优秀	1950	0.000234855239445756	0.552240175734346
维护	1946	0.000234373485108431	0.552474549219455
不是	1945	0.0002342530465241	0.552708802265979
接	1945	0.0002342530465241	0.552943055312503
既	1940	0.000233650853602445	0.553176706166106
现代	1936	0.00023316909926512	0.553409875265371
组成	1933	0.000232807783512126	0.553642683048883
美元	1932	0.000232687344927795	0.553875370393811
小组	1932	0.000232687344927795	0.554108057738738
意义	1930	0.000232446467759133	0.554340504206498
给予	1930	0.000232446467759133	0.554572950674257
控制	1927	0.000232085152006139	0.554805035826263
电视	1926	0.000231964713421808	0.555037000539685
城镇	1926	0.000231964713421808	0.555268965253106
原因	1925	0.000231844274837477	0.555500809527944
还是	1924	0.000231723836253146	0.555732533364197
确定	1921	0.000231362520500153	0.555963895884697
重	1919	0.00023112164333149	0.556195017528029
送达	1914	0.000230519450409834	0.556425536978438
最大	1911	0.000230158134656841	0.556655695113095
转	1908	0.000229796818903848	0.556885491931999
放	1907	0.000229676380319516	0.557115168312319
低	1904	0.000229315064566523	0.557344483376885
一起	1897	0.000228471994476205	0.557572955371361
变化	1897	0.000228471994476205	0.557801427365838
送	1895	0.000228231117307542	0.558029658483145
参与	1893	0.00022799024013888	0.558257648723284
期间	1882	0.000226665415711237	0.558484314138995
美	1881	0.000226544977126906	0.558710859116122
相	1871	0.000225340591283595	0.558936199707406
现象	1867	0.00022485883694627	0.559161058544352
规范	1859	0.000223895328271621	0.559384953872624
举办	1858	0.00022377488968729	0.559608728762311
范围	1856	0.000223534012518627	0.559832262774829
都是	1853	0.000223172696765634	0.560055435471595
才能	1851	0.000222931819596972	0.560278367291192
最后	1851	0.000222931819596972	0.560501299110789
搞好	1850	0.00022281138101264	0.560724110491802
协调	1850	0.00022281138101264	0.560946921872814
首先	1849	0.000222690942428309	0.561169612815243
部队	1843	0.000221968310922322	0.561391581126165
改变	1839	0.000221486556584998	0.56161306768275
深化	1831	0.000220523047910348	0.56183359073066
精神文明	1830	0.000220402609326017	0.562053993339986
八	1826	0.000219920854988693	0.562273914194975
广泛	1819	0.000219077784898375	0.562492991979873
双方	1818	0.000218957346314043	0.562711949326188
医院	1816	0.000218716469145381	0.562930665795333
所有	1815	0.00021859603056105	0.563149261825894
来自	1813	0.000218355153392388	0.563367616979286
居民	1812	0.000218234714808056	0.563585851694094
干	1806	0.000217512083302069	0.563803363777397
上海	1805	0.000217391644717738	0.564020755422114
适应	1804	0.000217271206133407	0.564238026628248
任何	1802	0.000217030328964745	0.564455056957213
政协	1800	0.000216789451796083	0.564671846409009
统计	1799	0.000216669013211751	0.56488851542222
手	1798	0.00021654857462742	0.565105063996848
示范	1794	0.000216066820290096	0.565321130817138
买	1789	0.00021546462736844	0.565536595444506
办理	1787	0.000215223750199778	0.565751819194706
领域	1781	0.000214501118693791	0.5659663203134
带来	1781	0.000214501118693791	0.566180821432094
张	1775	0.000213778487187804	0.566394599919281
住	1774	0.000213658048603472	0.566608257967885
结束	1771	0.000213296732850479	0.566821554700735
合理	1765	0.000212574101344492	0.56703412880208
公有制	1763	0.00021233322417583	0.567246462026256
准备	1762	0.000212212785591499	0.567458674811847
建议	1761	0.000212092347007167	0.567670767158854
党中央	1756	0.000211490154085512	0.56788225731294
烤烟	1755	0.00021136971550118	0.568093627028441
黔	1755	0.00021136971550118	0.568304996743942
最近	1755	0.00021136971550118	0.568516366459443
对于	1754	0.000211249276916849	0.56872761573636
迅速	1748	0.000210526645410862	0.568938142381771
方针	1746	0.0002102857682422	0.569148428150013
价值	1743	0.000209924452489207	0.569358352602503
真正	1737	0.00020920182098322	0.569567554423486
考察	1733	0.000208720066645895	0.569776274490132
请	1731	0.000208479189477233	0.569984753679609
广告	1730	0.000208358750892902	0.570193112430502
快	1730	0.000208358750892902	0.570401471181395
一切	1728	0.000208117873724239	0.570609589055119
时代	1721	0.000207274803633921	0.570816863858753
卫生	1720	0.00020715436504959	0.571024018223802
坚决	1718	0.000206913487880928	0.571230931711683
段	1711	0.00020607041779061	0.571437002129474
见	1710	0.000205949979206278	0.57164295210868
吃	1709	0.000205829540621947	0.571848781649302
合同	1707	0.000205588663453285	0.572054370312756
减少	1703	0.00020510690911596	0.572259477221872
像	1703	0.00020510690911596	0.572464584130988
和平	1702	0.000204986470531629	0.572669570601519
但是	1699	0.000204625154778636	0.572874195756298
公开	1698	0.000204504716194305	0.573078700472492
革命	1697	0.000204384277609973	0.573283084750102
基层	1695	0.000204143400441311	0.573487228150543
面	1691	0.000203661646103986	0.573690889796647
金	1690	0.000203541207519655	0.573894431004167
除	1686	0.000203059453182331	0.574097490457349
抓住	1685	0.000202939014598	0.574300429471947
登记	1685	0.000202939014598	0.574503368486545
汽车	1684	0.000202818576013668	0.574706187062559
阶段	1684	0.000202818576013668	0.574909005638573
危机	1681	0.000202457260260675	0.575111462898833
形象	1680	0.000202336821676344	0.57531379972051
厅	1679	0.000202216383092013	0.575516016103602
今后	1679	0.000202216383092013	0.575718232486694
报道	1676	0.000201855067339019	0.575920087554033
反映	1672	0.000201373313001694	0.576121460867034
状况	1664	0.000200409804327045	0.576321870671361
城	1661	0.000200048488574052	0.576521919159935
突破	1659	0.000199807611405389	0.576721726771341
案件	1657	0.000199566734236727	0.576921293505578
左右	1657	0.000199566734236727	0.577120860239814
较	1656	0.000199446295652396	0.577320306535467
发表	1655	0.000199325857068065	0.577519632392535
需求	1654	0.000199205418483734	0.577718837811018
艺术	1651	0.00019884410273074	0.577917681913749
比较	1643	0.000197880594056091	0.578115562507805
正式	1642	0.00019776015547176	0.578313322663277
关心	1640	0.000197519278303097	0.57851084194158
份	1640	0.000197519278303097	0.578708361219883
祖国	1639	0.000197398839718766	0.578905760059602
难	1636	0.000197037523965773	0.579102797583568
座	1634	0.00019679664679711	0.579299594230365
超过	1632	0.000196555769628448	0.579496149999993
少	1631	0.000196435331044117	0.579692585331038
出口	1628	0.000196074015291124	0.579888659346329
邓小平	1626	0.000195833138122461	0.580084492484451
之间	1625	0.00019571269953813	0.580280205183989
强化	1625	0.00019571269953813	0.580475917883527
根本	1623	0.000195471822369468	0.580671389705897
方法	1619	0.000194990068032143	0.580866379773929
出席	1616	0.00019462875227915	0.581061008526208
鼓励	1616	0.00019462875227915	0.581255637278487
收	1613	0.000194267436526156	0.581449904715013
版	1604	0.000193183489267176	0.581643088204281
为主	1602	0.000192942612098513	0.581836030816379
多个	1601	0.000192822173514182	0.582028852989893
多种	1601	0.000192822173514182	0.582221675163407
顺利	1600	0.000192701734929851	0.582414376898337
之后	1600	0.000192701734929851	0.582607078633267
承包	1594	0.000191979103423864	0.582799057736691
自身	1589	0.000191376910502208	0.582990434647193
施工	1589	0.000191376910502208	0.583181811557695
总结	1587	0.000191136033333546	0.583372947591029
科研	1586	0.000191015594749215	0.583563963185778
围绕	1583	0.000190654278996221	0.583754617464774
作品	1582	0.00019053384041189	0.583945151305186
产业化	1581	0.000190413401827559	0.584135564707014
应该	1580	0.000190292963243228	0.584325857670257
表现	1580	0.000190292963243228	0.5845161506335
设计	1575	0.000189690770321572	0.584705841403822
交流	1575	0.000189690770321572	0.584895532174143
树立	1574	0.000189570331737241	0.585085102505881
沿	1574	0.000189570331737241	0.585274672837618
选择	1572	0.000189329454568579	0.585464002292187
双	1570	0.000189088577399916	0.585653090869587
没	1569	0.000188968138815585	0.585842059008402
应当	1568	0.000188847700231254	0.586030906708633
网络	1567	0.000188727261646923	0.58621963397028
总理	1564	0.00018836594589393	0.586407999916174
部署	1564	0.00018836594589393	0.586596365862068
引起	1563	0.000188245507309598	0.586784611369378
能够	1559	0.000187763752972274	0.58697237512235
分析	1559	0.000187763752972274	0.587160138875322
创	1558	0.000187643314387943	0.58734778218971
管	1557	0.000187522875803611	0.587535305065514
生	1554	0.000187161560050618	0.587722466625564
开拓	1553	0.000187041121466287	0.587909507747031
各类	1550	0.000186679805713293	0.588096187552744
或者	1550	0.000186679805713293	0.588282867358457
儿童	1546	0.000186198051375969	0.588469065409833
间	1546	0.000186198051375969	0.588655263461209
更加	1545	0.000186077612791638	0.588841341074001
大家	1545	0.000186077612791638	0.589027418686792
台湾	1544	0.000185957174207306	0.589213375861
以下	1542	0.000185716297038644	0.589399092158038
制	1538	0.000185234542701319	0.58958432670074
面对	1535	0.000184873226948326	0.589769199927688
巨大	1532	0.000184511911195332	0.589953711838883
块	1529	0.000184150595442339	0.590137862434326
方案	1528	0.000184030156858008	0.590321892591184
道路	1523	0.000183427963936352	0.59050532055512
遵义	1520	0.000183066648183359	0.590688387203303
期	1519	0.000182946209599027	0.590871333412902
全市	1516	0.000182584893846034	0.591053918306748
一直	1515	0.000182464455261703	0.59123638276201
斗争	1515	0.000182464455261703	0.591418847217272
连续	1513	0.000182223578093041	0.591601070795365
平方米	1512	0.000182103139508709	0.591783173934874
平均	1511	0.000181982700924378	0.591965156635798
欢迎	1508	0.000181621385171385	0.592146778020969
机	1504	0.00018113963083406	0.592327917651804
门	1504	0.00018113963083406	0.592509057282638
增	1501	0.000180778315081067	0.592689835597719
发	1500	0.000180657876496735	0.592870493474216
执法	1499	0.000180537437912404	0.593051030912128
近日	1497	0.000180296560743742	0.593231327472872
职业	1493	0.000179814806406417	0.593411142279278
甚至	1493	0.000179814806406417	0.593590957085684
加	1493	0.000179814806406417	0.593770771892091
税收	1492	0.000179694367822086	0.593950466259913
来到	1490	0.000179453490653424	0.594129919750566
筑	1490	0.000179453490653424	0.59430937324122
约	1489	0.000179333052069093	0.594488706293289
程度	1489	0.000179333052069093	0.594668039345358
绿色	1488	0.000179212613484762	0.594847251958842
主动	1484	0.000178730859147437	0.59502598281799
配套	1484	0.000178730859147437	0.595204713677137
几个	1483	0.000178610420563106	0.5953833240977
税	1483	0.000178610420563106	0.595561934518264
上年	1482	0.000178489981978775	0.595740424500242
探索	1477	0.000177887789057119	0.595918312289299
特点	1475	0.000177646911888457	0.596095959201188
治理	1474	0.000177526473304125	0.596273485674492
配合	1468	0.000176803841798138	0.59645028951629
成员	1465	0.000176442526045145	0.596626732042335
黄	1460	0.000175840333123489	0.596802572375459
水利	1459	0.000175719894539158	0.596978292269998
引导	1456	0.000175358578786165	0.597153650848784
谁	1455	0.000175238140201833	0.597328888988986
从事	1451	0.000174756385864509	0.59750364537485
官兵	1447	0.000174274631527184	0.597677920006378
亚洲	1445	0.000174033754358522	0.597851953760736
决策	1445	0.000174033754358522	0.598025987515095
对外	1444	0.000173913315774191	0.598199900830869
特别	1442	0.000173672438605528	0.598373573269474
多次	1442	0.000173672438605528	0.59854724570808
心	1442	0.000173672438605528	0.598720918146686
岗位	1441	0.000173552000021197	0.598894470146707
讨论	1440	0.000173431561436866	0.599067901708144
老人	1440	0.000173431561436866	0.599241333269581
消费者	1439	0.000173311122852535	0.599414644392433
打击	1438	0.000173190684268204	0.599587835076701
私营	1437	0.000173070245683873	0.599760905322385
时期	1431	0.000172347614177886	0.599933252936563
近年来	1431	0.000172347614177886	0.600105600550741
符合	1429	0.000172106737009223	0.60027770728775
妇女	1427	0.000171865859840561	0.600449573147591
优质	1424	0.000171504544087568	0.600621077691678
两国	1423	0.000171384105503236	0.600792461797181
字	1423	0.000171384105503236	0.600963845902685
国民经济	1422	0.000171263666918905	0.601135109569604
面临	1421	0.000171143228334574	0.601306252797938
代	1418	0.000170781912581581	0.60147703471052
工商	1415	0.000170420596828587	0.601647455307348
地位	1409	0.0001696979653226	0.601817153272671
保险	1407	0.000169457088153938	0.601986610360825
班	1401	0.000168734456647951	0.602155344817473
系	1400	0.00016861401806362	0.602323958835537
核心	1397	0.000168252702310626	0.602492211537847
下降	1396	0.000168132263726295	0.602660343801573
恢复	1395	0.000168011825141964	0.602828355626715
帐	1393	0.000167770947973302	0.602996126574689
世纪	1392	0.00016765050938897	0.603163777084078
已有	1387	0.000167048316467315	0.603330825400545
海	1382	0.000166446123545659	0.603497271524091
现场	1381	0.000166325684961328	0.603663597209052
品种	1381	0.000166325684961328	0.603829922894013
建筑	1381	0.000166325684961328	0.603996248578974
整体	1380	0.000166205246376997	0.604162453825352
常委	1378	0.000165964369208334	0.60432841819456
专门	1375	0.000165603053455341	0.604494021248015
副书记	1375	0.000165603053455341	0.604659624301471
风险	1374	0.00016548261487101	0.604825106916342
到了	1371	0.000165121299118016	0.60499022821546
推	1370	0.000165000860533685	0.605155229075993
虽然	1370	0.000165000860533685	0.605320229936527
如今	1370	0.000165000860533685	0.605485230797061
运行	1368	0.000164759983365023	0.605649990780426
有利于	1368	0.000164759983365023	0.605814750763791
速度	1367	0.000164639544780692	0.605979390308572
医疗	1367	0.000164639544780692	0.606144029853352
话	1367	0.000164639544780692	0.606308669398133
从而	1367	0.000164639544780692	0.606473308942914
                                                                                                                                                                                                                                                                                                                                                                                                                                                                                                                                                                                                                                                                                                                                                                                                                                                                                                                                                                                                                                                                                                                                                                                                                                                                                                                                                                                                                                                                                                                                                                                                                                                                                                                                                                                                                                                                                                                                                                                                                                                                                                                                                                                                                                                                                                                                                                                                                                              