的	445867	0.0564591860664776	0.0564591860664776
和	99058	0.0125435030028532	0.0690026890693308
在	96442	0.0122122445092892	0.0812149335786199
了	89827	0.0113746011855407	0.0925895347641607
是	61136	0.00774152112482013	0.100331055888981
为	40633	0.00514527001872573	0.105476325907707
个	34841	0.00441184142747085	0.109888167335177
对	34139	0.00432294866658326	0.114211116001761
上	31277	0.00396053971834924	0.11817165572011
中	31125	0.00394129228294338	0.122112948003053
有	30664	0.00388291683740324	0.125995864840456
要	30585	0.00387291323610677	0.129868778076563
发展	29412	0.00372437875103392	0.133593156827597
工作	28482	0.00360661483703754	0.137199771664635
等	26632	0.0033723532876899	0.140572124952325
这	26153	0.00331169854058854	0.143883823492913
省	24881	0.00315062789692897	0.147034451389842
到	24397	0.00308934001050505	0.150123791400347
与	24068	0.00304767944308052	0.153171470843428
元	23521	0.00297841400119233	0.15614988484462
人	23142	0.00293042204054219	0.159080306885162
我	23049	0.00291864564914255	0.161998952534305
他	22785	0.00288521589291132	0.164884168427216
以	20897	0.00264614248471222	0.167530310911928
经济	20681	0.00261879086597757	0.170149101777906
地	20300	0.00257054564959841	0.172719647427504
将	20055	0.00253952182279291	0.175259169250297
建设	19910	0.00252116078243864	0.177780330032736
也	19723	0.00249748137177485	0.180277811404511
不	19271	0.00244024557701532	0.182718056981526
多	18590	0.00235401200128249	0.185072068982808
企业	18334	0.00232159526796735	0.187393664250776
说	17016	0.00215469974254023	0.189548363993316
从	16800	0.00212734812380558	0.191675712117122
就	16638	0.0021068344097546	0.193782546526876
年	16505	0.00208999290377447	0.195872539430651
新	15319	0.00193981225646296	0.197812351687114
后	15197	0.00192436365699247	0.199736715344106
进行	14807	0.00187497878983269	0.201611694133939
大	14703	0.00186180949192342	0.203473503625862
问题	14565	0.00184433484662073	0.205317838472483
国家	14326	0.00181407078700231	0.207131909259485
已	13928	0.00176367289692644	0.208895582156412
并	13840	0.00175252964484936	0.210648111801261
把	13694	0.00173404197663057	0.212382153777892
两	13665	0.00173036976855972	0.214112523546451
着	13651	0.00172859697845655	0.215841120524908
中国	13469	0.00170555070711532	0.217546671232023
我们	13390	0.00169554710581885	0.219242218337842
向	13386	0.00169504059436081	0.220937258932203
还	12515	0.00158474772437065	0.222522006656574
市场	12490	0.00158158202775784	0.224103588684331
下	12413	0.0015718316821904	0.225675420366522
教育	12254	0.00155169785173295	0.227227118218255
来	12150	0.00153852855382368	0.228765646772078
图片	12125	0.00153536285721087	0.230301009629289
都	11940	0.00151193670227611	0.231812946331565
而	11837	0.00149889403223135	0.233311840363797
管理	11775	0.00149104310463159	0.234802883468428
出	11750	0.00148787740801879	0.236290760876447
贵州	11697	0.00148116613119964	0.237771927007647
社会	11566	0.00146457788094853	0.239236504888595
政府	11417	0.00144571032913621	0.240682215217732
好	11370	0.00143975881950414	0.242121974037236
名	11197	0.00141785219894352	0.243539826236179
领导	10764	0.00136302233360972	0.244902848569789
使	10600	0.00134225536382971	0.246245103933619
被	10543	0.00133503757555252	0.247580141509171
之	10208	0.00129261724094092	0.248872758750112
该	10196	0.00129109770656677	0.250163856456679
由	10147	0.00128489294120567	0.251448749397884
又	10137	0.00128362666256055	0.252732376060445
干部	10061	0.00127400294485762	0.254006379005303
他们	10057	0.00127349643339957	0.255279875438702
部门	9891	0.00125247620789054	0.256532351646593
于	9815	0.00124285249018761	0.25777520413678
技术	9718	0.00123056958732992	0.25900577372411
时	9645	0.00122132575322053	0.260227099477331
记者	9622	0.00121841331233675	0.261445512789668
生产	9565	0.00121119552405955	0.262656708313727
但	9528	0.00120651029307259	0.2638632186068
人民	9460	0.00119789959828576	0.265061118205085
工程	9451	0.00119675994750515	0.266257878152591
会	9426	0.00119359425089235	0.267451472403483
组织	9320	0.00118017169725405	0.268631644100737
次	9245	0.00117067460741563	0.269802318708153
提高	9185	0.0011630769355449	0.270965395643698
活动	9131	0.00115623903086124	0.272121634674559
本	9117	0.00115446624075807	0.273276100915317
加强	9010	0.00114091705925526	0.274417017974572
全国	8997	0.0011392708970166	0.275556288871589
群众	8981	0.0011372448511844	0.276693533722773
有关	8863	0.00112230276317196	0.277815836485945
及	8851	0.00112078322879781	0.278936619714743
改革	8383	0.00106152138820608	0.279998141102949
科技	8370	0.00105987522596742	0.281058016328916
据	8270	0.0010472124395162	0.282105228768433
做	8176	0.00103530942025205	0.283140538188685
县	8170	0.00103454965306498	0.28417508784175
各	8095	0.00102505256322656	0.285200140404976
公司	8057	0.00102024070437509	0.286220381109351
要求	8041	0.0010182146585429	0.287238595767894
重要	7850	0.000994028736421061	0.288232624504315
所	7792	0.000986684320279351	0.289219308824595
作	7783	0.000985544669498741	0.290204853494093
内	7782	0.000985418041634229	0.291190271535728
农民	7776	0.000984658274447155	0.292174929810175
通过	7763	0.000983012112208496	0.293157941922383
其	7746	0.000980859438511788	0.294138801360895
项目	7736	0.000979593159866666	0.295118394520762
用	7636	0.000966930373415442	0.296085324894177
会议	7604	0.000962878281751051	0.297048203175928
家	7559	0.000957180027848	0.298005383203776
本报讯	7503	0.000950088867435315	0.298955472071211
条	7495	0.000949075844519217	0.299904547915731
起	7492	0.00094869596092568	0.300853243876656
美国	7438	0.000941858056242019	0.301795101932898
开发	7325	0.000927549107552137	0.302722651040451
解决	7230	0.000915519460423474	0.303638170500874
单位	7204	0.000912227135946156	0.30455039763682
全省	7204	0.000912227135946156	0.305462624772766
没有	7173	0.000908301672146276	0.306370926444913
自己	7092	0.000898044815120785	0.307268971260033
给	7078	0.000896272025017614	0.308165243285051
职工	7074	0.000895765513559565	0.309061008798611
服务	7032	0.000890447143250051	0.309951455941861
可	6977	0.000883482610701878	0.310834938552562
里	6878	0.000870946452115167	0.311705885004678
村	6844	0.000866641104721751	0.312572526109399
实现	6835	0.00086550145394114	0.31343802756334
电	6802	0.000861322734412237	0.314299350297753
农村	6763	0.000856384247696259	0.315155734545449
情况	6744	0.000853978318270527	0.31600971286372
人员	6657	0.000842961694057962	0.316852674557777
位	6647	0.00084169541541284	0.31769436997319
基础	6613	0.000837390068019424	0.31853176004121
种	6406	0.000811178100065391	0.319342938141275
党	6393	0.000809531937826732	0.320152470079102
投资	6373	0.000806999380536487	0.320959469459638
实施	6336	0.000802314149549534	0.321761783609188
同时	6333	0.000801934265955997	0.322563717875144
开展	6331	0.000801681010226973	0.323365398885371
小	6250	0.000791424153201482	0.324156823038572
文化	6162	0.000780280901124405	0.324937103939697
今年	6154	0.000779267878208307	0.325716371817905
市	6146	0.000778254855292209	0.326494626673197
农业	6138	0.000777241832376111	0.327271868505573
我国	6131	0.000776355437324525	0.328048223942898
政治	6128	0.000775975553730989	0.328824199496629
增长	6119	0.000774835902950379	0.329599035399579
学习	6058	0.000767111603215132	0.330366147002794
第一	6030	0.000763566023008789	0.331129713025803
生活	6012	0.000761286721447569	0.331890999747251
产品	5990	0.0007585009084283	0.332649500655679
目前	5964	0.000755208583950982	0.33340470923963
世界	5950	0.000753435793847811	0.334158145033478
国际	5942	0.000752422770931713	0.33491056780441
规定	5925	0.000750270097235005	0.335660837901645
质量	5916	0.000749130446454394	0.336409968348099
新华社	5898	0.000746851144893174	0.337156819492992
积极	5883	0.000744951726925491	0.337901771219918
精神	5836	0.000739000217293416	0.338640771437211
地区	5811	0.00073583452068061	0.339376605957892
天	5795	0.000733808474848414	0.34011041443274
资金	5783	0.000732288940474267	0.340842703373214
提出	5781	0.000732035684745243	0.34157473905796
方面	5754	0.000728616732403412	0.342303355790363
你	5748	0.000727856965216339	0.343031212755579
建立	5733	0.000725957547248655	0.343757170302828
能	5714	0.000723551617822923	0.344480721920651
可以	5668	0.00071772673605536	0.345198448656706
项	5666	0.000717473480326335	0.345915922137033
必须	5661	0.000716840341003774	0.346632762478036
进一步	5659	0.00071658708527475	0.347349349563311
或	5654	0.000715953945952188	0.348065303509263
同志	5648	0.000715194178765115	0.348780497688028
讲	5623	0.000712028482152309	0.349492526170181
主要	5607	0.000710002436320113	0.350202528606501
思想	5573	0.000705697088926697	0.350908225695428
政策	5561	0.00070417755455255	0.35161240324998
贵阳	5540	0.000701518369397793	0.352313921619378
成为	5518	0.000698732556378524	0.353012654175756
制度	5450	0.000690121861591692	0.353702776037348
重点	5430	0.000687589304301447	0.35439036534165
几	5427	0.000687209420707911	0.355077574762358
得	5409	0.00068493011914669	0.355762504881504
一些	5404	0.000684296979824129	0.356446801861328
参加	5401	0.000683917096230592	0.357130718957559
亩	5294	0.000670367914727783	0.357801086872287
比	5292	0.000670114658998759	0.358471201531285
完成	5273	0.000667708729573026	0.359138910260858
经营	5270	0.000667328845979489	0.359806239106838
坚持	5237	0.000663150126450586	0.360469389233289
高	5210	0.000659731174108755	0.361129120407397
前	5204	0.000658971406921682	0.361788091814319
她	5197	0.000658085011870096	0.362446176826189
研究	5169	0.000654539431663753	0.363100716257853
作为	5129	0.000649474317083264	0.363750190574936
环境	5047	0.00063909083219326	0.364389281407129
达	5023	0.000636051763444967	0.365025333170574
区	4943	0.000625921534283988	0.365651254704858
举行	4936	0.000625035139232402	0.366276289844091
贵阳市	4909	0.000621616186890572	0.366897906030981
去	4869	0.000616551072310082	0.367514457103291
省委	4852	0.000614398398613374	0.368128855501905
关系	4849	0.000614018515019838	0.368742874016925
过	4840	0.000612878864239227	0.369355752881164
增加	4837	0.000612498980645691	0.369968251861809
以上	4790	0.000606547471013616	0.370574799332823
决定	4772	0.000604268169452395	0.371179067502276
民族	4748	0.000601229100704102	0.37178029660298
日	4708	0.000596163986123612	0.372376460589103
开始	4704	0.000595657474665563	0.372972118063769
基本	4700	0.000595150963207514	0.373567269026976
户	4685	0.000593251545239831	0.374160520572216
继续	4644	0.000588059802794829	0.374748580375011
更	4631	0.00058641364055617	0.375334994015567
依法	4626	0.000585780501233609	0.375920774516801
认真	4618	0.000584767478317511	0.376505541995118
北约	4617	0.000584640850452998	0.377090182845571
努力	4605	0.000583121316078852	0.37767330416165
表示	4587	0.000580842014517631	0.378254146176168
这些	4580	0.000579955619466046	0.378834101795634
措施	4538	0.000574637249156532	0.37940873904479
条件	4531	0.000573750854104946	0.379982489898895
再	4528	0.000573370970511409	0.380555860869407
届	4523	0.000572737831188848	0.381128598700595
让	4485	0.000567925972337383	0.381696524672933
以来	4468	0.000565773298640675	0.382262297971574
各级	4467	0.000565646670776163	0.38282794464235
代表	4458	0.000564507019995553	0.383392451662345
至	4452	0.000563747252808479	0.383956198915154
学生	4449	0.000563367369214943	0.384519566284369
去年	4432	0.000561214695518235	0.385080780979887
这个	4430	0.00056096143978921	0.385641742419676
北京	4421	0.0005598217890086	0.386201564208685
时间	4415	0.000559062021821527	0.386760626230506
认为	4411	0.000558555510363478	0.38731918174087
厂	4387	0.000555516441615184	0.387874698182485
提供	4361	0.000552224117137866	0.388426922299623
中央	4357	0.000551717605679817	0.388978639905303
目标	4355	0.000551464349950792	0.389530104255253
全面	4348	0.000550577954899207	0.390080682210153
产业	4335	0.000548931792660548	0.390629614002813
任务	4335	0.000548931792660548	0.391178545795474
最	4310	0.000545766096047742	0.391724311891521
局	4299	0.000544373189538107	0.392268685081059
水平	4271	0.000540827609331765	0.392809512690391
取得	4256	0.000538928191364081	0.393348440881755
城市	4256	0.000538928191364081	0.393887369073119
就是	4250	0.000538168424177008	0.394425537497296
历史	4227	0.000535255983293226	0.39496079348059
稳定	4203	0.000532216914544932	0.395493010395135
实行	4202	0.00053209028668042	0.396025100681815
办	4193	0.00053095063589981	0.396556051317715
万	4166	0.00052753168355798	0.397083583001273
今天	4132	0.000523226336164564	0.397606809337437
促进	4129	0.000522846452571027	0.398129655790008
发生	4122	0.000521960057519441	0.398651615847528
由于	4121	0.000521833429654929	0.399173449277183
落实	4088	0.000517654710126025	0.399691103987309
旅游	4086	0.000517401454397001	0.400208505441706
自	4084	0.000517148198667976	0.400725653640374
同	4084	0.000517148198667976	0.401242801839042
采取	4079	0.000516515059345415	0.401759316898387
学校	4072	0.000515628664293829	0.402274945562681
报	4048	0.000512589595545536	0.402787535158227
作用	4030	0.000510310293984315	0.403297845452211
其中	4029	0.000510183666119803	0.403808029118331
扶贫	3995	0.000505878318726387	0.404313907437057
资源	3994	0.000505751690861875	0.404819659127919
需要	3981	0.000504105528623216	0.405323764656542
结合	3980	0.000503978900758704	0.405827743557301
外	3978	0.000503725645029679	0.406331469202331
因	3961	0.000501572971332971	0.406833042173664
余	3959	0.000501319715603947	0.407334361889267
以及	3947	0.0004998001812298	0.407834162070497
号	3934	0.000498154018991141	0.408332316089488
中心	3934	0.000498154018991141	0.40883047010848
应	3919	0.000496254601023457	0.409326724709503
不断	3910	0.000495114950242847	0.409821839659746
责任	3909	0.000494988322378335	0.410316827982124
支持	3900	0.000493848671597725	0.410810676653722
监督	3897	0.000493468788004188	0.411304145441726
成	3888	0.000492329137223578	0.41179647457895
科学	3883	0.000491695997901016	0.412288170576851
院	3876	0.000490809602849431	0.4127789801797
投入	3850	0.000487517278372113	0.413266497458072
近	3841	0.000486377627591503	0.413752875085664
人才	3816	0.000483211930978697	0.414236087016642
计划	3812	0.000482705419520648	0.414718792436163
形成	3794	0.000480426117959427	0.415199218554123
行政	3786	0.00047941309504333	0.415678631649166
收入	3782	0.000478906583585281	0.416157538232751
机关	3757	0.000475740886972475	0.416633279119724
地方	3743	0.000473968096869303	0.417107247216593
加快	3740	0.000473588213275767	0.417580835429869
水	3730	0.000472321934630644	0.418053157364499
部分	3730	0.000472321934630644	0.41852547929913
公告	3721	0.000471182283850034	0.41899666158298
利用	3714	0.000470295888798448	0.419466957471778
根据	3711	0.000469916005204912	0.419936873476983
法律	3709	0.000469662749475887	0.420406536226459
看	3702	0.000468776354424302	0.420875312580884
宣传	3699	0.000468396470830765	0.421343709051714
机构	3692	0.000467510075779179	0.421811219127494
充分	3690	0.000467256820050155	0.422278475947544
点	3680	0.000465990541405032	0.422744466488949
它	3669	0.000464597634895398	0.423209064123844
米	3664	0.000463964495572837	0.423673028619417
共	3663	0.000463837867708324	0.424136866487125
不能	3662	0.000463711239843812	0.424600577726969
却	3648	0.000461938449740641	0.42506251617671
占	3642	0.000461178682553567	0.425523694859263
乡	3635	0.000460292287501982	0.425983987146765
合作	3623	0.000458772753127835	0.426442759899893
社会主义	3618	0.000458139613805274	0.426900899513698
部	3603	0.00045624019583759	0.427357139709536
专家	3595	0.000455227172921492	0.427812366882458
严重	3593	0.000454973917192468	0.42826734079965
统一	3588	0.000454340777869907	0.42872168157752
澳门	3571	0.000452188104173199	0.429173869681693
按	3570	0.000452061476308686	0.429625931158002
保护	3568	0.000451808220579662	0.430077739378581
公路	3566	0.000451554964850637	0.430529294343432
具有	3560	0.000450795197663564	0.430980089541096
这样	3552	0.000449782174747466	0.431429871715843
很	3534	0.000447502873186246	0.431877374589029
贵州省	3522	0.000445983338812099	0.432323357927841
结构	3505	0.000443830665115391	0.432767188592957
按照	3491	0.00044205787501222	0.433209246467969
发挥	3479	0.000440538340638073	0.433649784808607
调整	3476	0.000440158457044536	0.434089943265652
指出	3474	0.000439905201315512	0.434529848466967
影响	3473	0.000439778573450999	0.434969627040418
场	3465	0.000438765550534901	0.435408392590953
岁	3463	0.000438512294805877	0.435846904885759
经	3461	0.000438259039076852	0.436285163924836
实际	3453	0.000437246016160755	0.436722409940997
人们	3452	0.000437119388296242	0.437159529329293
已经	3446	0.000436359621109169	0.437595888950402
安全	3430	0.000434333575276973	0.438030222525679
走	3426	0.000433827063818924	0.438464049589498
第二	3424	0.0004335738080899	0.438897623397588
一定	3421	0.000433193924496363	0.439330817322084
素质	3415	0.00043243415730929	0.439763251479393
得到	3411	0.000431927645851241	0.440195179125245
分	3383	0.000428382065644898	0.44062356119089
关于	3365	0.000426102764083678	0.441049663954973
贫困	3355	0.000424836485438555	0.441474500440412
批	3354	0.000424709857574043	0.441899210297986
重大	3323	0.000420784393774164	0.44231999469176
处	3316	0.000419897998722578	0.442739892690483
国	3312	0.000419391487264529	0.443159284177747
那	3309	0.000419011603670992	0.443578295781418
能力	3292	0.000416858929974284	0.443995154711392
江泽民	3286	0.000416099162787211	0.44441125387418
镇	3284	0.000415845907058187	0.444827099781238
国有企业	3283	0.000415719279193674	0.445242819060431
使用	3275	0.000414706256277576	0.445657525316709
为了	3249	0.000411413931800258	0.446068939248509
仅	3236	0.000409767769561599	0.446478707018071
推进	3232	0.00040926125810355	0.446887968276174
抓	3225	0.000408374863051965	0.447296343139226
设施	3219	0.000407615095864891	0.447703958235091
只	3213	0.000406855328677818	0.448110813563769
扩大	3205	0.00040584230576172	0.448516655869531
经过	3202	0.000405462422168183	0.448922118291699
现在	3196	0.00040470265498111	0.44932682094668
各种	3193	0.000404322771387573	0.449731143718068
处理	3192	0.000404196143523061	0.450135339861591
广大	3186	0.000403436376335987	0.450538776237927
个人	3161	0.000400270679723181	0.45093904691765
如	3158	0.000399890796129645	0.45133893771378
进入	3136	0.000397104983110375	0.45173604269689
执行	3132	0.000396598471652326	0.452132641168542
无	3131	0.000396471843787814	0.45252911301233
这种	3129	0.00039621858805879	0.452925331600389
当	3122	0.000395332193007204	0.453320663793396
事业	3113	0.000394192542226594	0.453714856335623
成立	3112	0.000394065914362082	0.454108922249985
路	3098	0.00039229312425891	0.454501215374244
加大	3097	0.000392166496394398	0.454893381870638
信息	3090	0.000391280101342813	0.455284661971981
知识	3078	0.000389760566968666	0.45567442253895
吨	3066	0.000388241032594519	0.456062663571544
土地	3061	0.000387607893271958	0.456450271464816
困难	3059	0.000387354637542933	0.456837626102359
长	3050	0.000386214986762323	0.457223841089121
系统	3034	0.000384188940930127	0.457608030030051
青年	3024	0.000382922662285005	0.457990952692336
优势	3021	0.000382542778691468	0.458373495471028
先进	3021	0.000382542778691468	0.458756038249719
深入	3008	0.000380896616452809	0.459136934866172
战略	2999	0.000379756965672199	0.459516691831844
工业	2993	0.000378997198485126	0.459895689030329
各地	2988	0.000378364059162564	0.460274053089492
比赛	2986	0.00037811080343354	0.460652163892926
科索沃	2977	0.00037697115265293	0.461029135045579
意见	2964	0.000375324990414271	0.461404460035993
许多	2963	0.000375198362549758	0.461779658398543
共同	2963	0.000375198362549758	0.462154856761092
发现	2952	0.000373805456040124	0.462528662217132
贷款	2943	0.000372665805259514	0.462901328022392
召开	2933	0.000371399526614391	0.463272727549006
组	2925	0.000370386503698293	0.463643114052705
则	2923	0.000370133247969269	0.464013247300674
达到	2920	0.000369753364375732	0.46438300066505
造成	2899	0.000367094179220975	0.464750094844271
希望	2894	0.000366461039898414	0.465116555884169
检查	2882	0.000364941505524267	0.465481497389693
其他	2878	0.000364434994066218	0.465845932383759
省政府	2872	0.000363675226879145	0.466209607610639
贯彻	2868	0.000363168715421096	0.46657277632606
法轮功	2864	0.000362662203963047	0.466935438530023
出现	2853	0.000361269297453412	0.467296707827476
起来	2848	0.000360636158130851	0.467657343985607
方式	2848	0.000360636158130851	0.468017980143738
交通	2839	0.000359496507350241	0.468377476651088
介绍	2834	0.00035886336802768	0.468736340019116
力度	2831	0.000358483484434143	0.46909482350355
南联盟	2816	0.00035658406646646	0.469451407570016
财政	2810	0.000355824299279386	0.469807231869296
确保	2803	0.0003549379042278	0.470162169773523
新闻	2800	0.000354558020634264	0.470516727794158
书记	2794	0.00035379825344719	0.470870526047605
建	2791	0.000353418369853654	0.471223944417459
正	2790	0.000353291741989141	0.471577236159448
增强	2789	0.000353165114124629	0.471930401273572
保证	2785	0.00035265860266658	0.472283059876239
报告	2783	0.000352405346937556	0.472635465223176
正在	2779	0.000351898835479507	0.472987364058656
未	2777	0.000351645579750482	0.473339009638406
即	2776	0.00035151895188597	0.473690528590292
获得	2775	0.000351392324021458	0.474041920914314
和平	2771	0.000350885812563409	0.474392806726877
办法	2758	0.00034923965032475	0.474742046377202
电话	2757	0.000349113022460238	0.475091159399662
打	2746	0.000347720115950603	0.475438879515613
山	2741	0.000347086976628042	0.475785966492241
不仅	2737	0.000346580465169993	0.476132546957411
村民	2722	0.000344681047202309	0.476477228004613
级	2720	0.000344427791473285	0.476821655796086
内容	2707	0.000342781629234626	0.477164437425321
消费	2705	0.000342528373505601	0.477506965798827
祖国	2697	0.000341515350589503	0.477848481149416
销售	2691	0.00034075558340243	0.478189236732819
重视	2683	0.000339742560486332	0.478528979293305
月	2674	0.000338602909705722	0.478867582203011
成功	2665	0.000337463258925112	0.479205045461936
分别	2660	0.000336830119602551	0.479541875581538
认识	2657	0.000336450236009014	0.479878325817547
抓好	2650	0.000335563840957428	0.480213889658505
全	2649	0.000335437213092916	0.480549326871598
行为	2646	0.000335057329499379	0.480884384201097
各项	2644	0.000334804073770355	0.481219188274868
党委	2630	0.000333031283667183	0.481552219558535
国务院	2627	0.000332651400073647	0.481884870958608
成果	2624	0.00033227151648011	0.482217142475089
标准	2623	0.000332144888615598	0.482549287363704
基地	2622	0.000332018260751086	0.482881305624455
方	2617	0.000331385121428524	0.483212690745884
图	2616	0.000331258493564012	0.483543949239448
切实	2608	0.000330245470647914	0.483874194710096
了解	2601	0.000329359075596329	0.484203553785692
培训	2601	0.000329359075596329	0.484532912861288
数	2599	0.000329105819867304	0.484862018681156
行动	2596	0.000328725936273767	0.485190744617429
负责	2593	0.000328346052680231	0.48551909067011
委	2593	0.000328346052680231	0.48584743672279
存在	2588	0.00032771291335767	0.486175149636148
金融	2584	0.000327206401899621	0.486502356038047
受	2581	0.000326826518306084	0.486829182556353
帮助	2573	0.000325813495389986	0.487154996051743
件	2573	0.000325813495389986	0.487480809547133
带	2570	0.000325433611796449	0.48780624315893
只有	2569	0.000325306983931937	0.488131550142861
改造	2565	0.000324800472473888	0.488456350615335
人口	2562	0.000324420588880351	0.488780771204216
强调	2561	0.000324293961015839	0.489105065165232
才	2559	0.000324040705286815	0.489429105870518
非	2558	0.000323914077422302	0.489753019947941
严格	2552	0.000323154310235229	0.490076174258176
经验	2551	0.000323027682370717	0.490399201940547
每	2544	0.000322141287319131	0.490721343227866
公斤	2531	0.000320495125080472	0.491041838352946
粮食	2531	0.000320495125080472	0.491362333478027
百	2529	0.000320241869351448	0.491682575347378
总	2520	0.000319102218570837	0.492001677565949
队	2514	0.000318342451383764	0.492320020017333
维护	2513	0.000318215823519252	0.492638235840852
原则	2510	0.000317835939925715	0.492956071780778
受到	2505	0.000317202800603154	0.493273274581381
如果	2503	0.000316949544874129	0.493590224126255
价格	2501	0.000316696289145105	0.4939069204154
竞争	2492	0.000315556638364495	0.494222477053765
行	2484	0.000314543615448397	0.494537020669213
随	2484	0.000314543615448397	0.494851564284661
大力	2483	0.000314416987583885	0.495165981272245
第三	2478	0.000313783848261323	0.495479765120507
良好	2477	0.000313657220396811	0.495793422340904
住房	2476	0.000313530592532299	0.496106952933436
十分	2472	0.00031302408107425	0.49641997701451
台	2464	0.000312011058158152	0.496731988072668
或者	2458	0.000311251290971079	0.497043239363639
指导	2454	0.00031074477951303	0.497353984143152
业务	2448	0.000309985012325956	0.497663969155478
车	2445	0.00030960512873242	0.497973574284211
制定	2443	0.000309351873003395	0.498282926157214
全部	2435	0.000308338850087297	0.498591265007301
应当	2431	0.000307832338629248	0.498899097345931
队伍	2430	0.000307705710764736	0.499206803056695
钱	2427	0.000307325827171199	0.499514128883867
特别是	2424	0.000306945943577663	0.499821074827444
合同	2421	0.000306566059984126	0.500127640887428
高度	2420	0.000306439432119614	0.500434080319548
台湾	2417	0.000306059548526077	0.500740139868074
规模	2411	0.000305299781339004	0.501045439649413
规划	2406	0.000304666642016442	0.501350106291429
负责人	2402	0.000304160130558393	0.501654266421988
保持	2402	0.000304160130558393	0.501958426552546
包括	2401	0.000304033502693881	0.50226246005524
这次	2395	0.000303273735506808	0.502565733790747
而且	2394	0.000303147107642296	0.502868880898389
调查	2392	0.000302893851913271	0.503171774750302
曾	2388	0.000302387340455222	0.503474162090758
形式	2388	0.000302387340455222	0.503776549431213
站	2387	0.00030226071259071	0.504078810143804
因此	2385	0.000302007456861685	0.504380817600665
有效	2380	0.000301374317539124	0.504682191918204
公里	2377	0.000300994433945587	0.50498318635215
集中	2374	0.000300614550352051	0.505283800902502
传统	2355	0.000298208620926318	0.505582009523428
专业	2354	0.000298081993061806	0.50588009151649
突出	2354	0.000298081993061806	0.506178173509552
案	2339	0.000296182575094122	0.506474356084646
老	2332	0.000295296180042537	0.506769652264689
公开	2322	0.000294029901397414	0.507063682166086
效益	2317	0.000293396762074853	0.507357078928161
便	2305	0.000291877227700706	0.507648956155861
完善	2298	0.000290990832649121	0.507939946988511
接受	2293	0.00029035769332656	0.508230304681837
联合	2288	0.000289724554003998	0.508520029235841
此	2288	0.000289724554003998	0.508809753789845
进	2287	0.000289597926139486	0.509099351715985
不同	2276	0.000288205019629852	0.509387556735615
改善	2273	0.000287825136036315	0.509675381871651
过去	2269	0.000287318624578266	0.509962700496229
日本	2269	0.000287318624578266	0.510250019120807
利益	2268	0.000287191996713754	0.510537211117521
健康	2266	0.000286938740984729	0.510824149858506
创新	2264	0.000286685485255705	0.511110835343762
当地	2259	0.000286052345933144	0.511396887689695
文明	2259	0.000286052345933144	0.511682940035628
综合	2247	0.000284532811558997	0.511967472847187
均	2240	0.000283646416507411	0.512251119263694
学	2231	0.000282506765726801	0.512533626029421
民主	2229	0.000282253509997776	0.512815879539419
生态	2228	0.000282126882133264	0.513098006421552
开	2227	0.000282000254268752	0.513380006675821
成绩	2224	0.000281620370675215	0.513661627046496
面积	2222	0.000281367114946191	0.513942994161443
全县	2219	0.000280987231352654	0.514223981392795
强	2219	0.000280987231352654	0.514504968624148
每年	2217	0.00028073397562363	0.514785702599771
因为	2209	0.000279720952707532	0.515065423552479
力量	2206	0.000279341069113995	0.515344764621593
创造	2202	0.000278834557655946	0.515623599179249
推动	2201	0.000278707929791434	0.51590230710904
行业	2200	0.000278581301926922	0.516180888410967
体制	2197	0.000278201418333385	0.516459089829301
改革开放	2193	0.000277694906875336	0.516736784736176
事	2193	0.000277694906875336	0.517014479643051
推广	2192	0.000277568279010824	0.517292047922062
双方	2191	0.000277441651146311	0.517569489573208
转	2187	0.000276935139688262	0.517846424712897
花	2183	0.000276428628230214	0.518122853341127
这里	2183	0.000276428628230214	0.518399281969357
贵	2175	0.000275415605314116	0.518674697574671
就业	2171	0.000274909093856067	0.518949606668527
批准	2167	0.000274402582398018	0.519224009250925
商品	2164	0.000274022698804481	0.51949803194973
主席	2161	0.000273642815210944	0.519771674764941
教学	2161	0.000273642815210944	0.520045317580152
保障	2152	0.000272503164430334	0.520317820744582
国内	2151	0.000272376536565822	0.520590197281148
总统	2147	0.000271870025107773	0.520862067306256
搞	2147	0.000271870025107773	0.521133937331363
联系	2143	0.000271363513649724	0.521405300845013
自然	2139	0.000270857002191675	0.521676157847205
委员会	2138	0.000270730374327163	0.521946888221532
通知	2130	0.000269717351411065	0.522216605572943
还有	2128	0.00026946409568204	0.522486069668625
什么	2127	0.000269337467817528	0.522755407136442
明确	2125	0.000269084212088504	0.523024491348531
仍	2125	0.000269084212088504	0.523293575560619
美	2122	0.000268704328494967	0.523562279889114
下岗	2121	0.000268577700630455	0.523830857589745
线	2117	0.000268071189172406	0.524098928778917
实践	2114	0.000267691305578869	0.524366620084496
驻	2114	0.000267691305578869	0.524634311390075
部队	2113	0.000267564677714357	0.524901876067789
设备	2109	0.000267058166256308	0.525168934234046
培养	2109	0.000267058166256308	0.525435992400302
原	2105	0.000266551654798259	0.5257025440551
讲话	2103	0.000266298399069235	0.52596884245417
有的	2099	0.000265791887611186	0.526234634341781
及时	2092	0.0002649054925596	0.52649953983434
教师	2085	0.000264019097508014	0.526763558931848
居民	2083	0.00026376584177899	0.527027324773627
机制	2079	0.000263259330320941	0.527290584103948
具体	2071	0.000262246307404843	0.527552830411353
现代化	2071	0.000262246307404843	0.527815076718758
过程	2068	0.000261866423811306	0.528076943142569
厅	2062	0.000261106656624233	0.528338049799194
报道	2059	0.000260726773030696	0.528598776572224
团结	2056	0.000260346889437159	0.528859123461661
看到	2055	0.000260220261572647	0.529119343723234
安排	2052	0.00025984037797911	0.529379184101213
获	2047	0.000259207238656549	0.52963839133987
乡镇	2046	0.000259080610792037	0.529897471950662
建成	2044	0.000258827355063013	0.530156299305725
结束	2039	0.000258194215740451	0.530414493521465
想	2036	0.000257814332146915	0.530672307853612
头	2033	0.000257434448553378	0.530929742302166
找	2026	0.000256548053501792	0.531186290355667
贡献	2021	0.000255914914179231	0.531442205269847
孩子	2021	0.000255914914179231	0.531698120184026
书	2017	0.000255408402721182	0.531953528586747
现	2014	0.000255028519127645	0.532208557105875
先后	2013	0.000254901891263133	0.532463458997138
理论	2003	0.000253635612618011	0.532717094609756
长期	1999	0.000253129101159962	0.532970223710916
直接	1997	0.000252875845430937	0.533223099556347
种植	1995	0.000252622589701913	0.533475722146049
买	1995	0.000252622589701913	0.533728344735751
施工	1991	0.000252116078243864	0.533980460813994
医院	1988	0.000251736194650327	0.534232197008645
形势	1980	0.000250723171734229	0.534482920180379
不是	1978	0.000250469916005205	0.534733390096384
六	1974	0.000249963404547156	0.534983353500931
产生	1965	0.000248823753766546	0.535232177254698
可能	1962	0.000248443870173009	0.535480621124871
片	1960	0.000248190614443985	0.535728811739315
州	1954	0.000247430847256911	0.535976242586572
机遇	1952	0.000247177591527887	0.5362234201781
南	1950	0.000246924335798862	0.536470344513899
支	1948	0.000246671080069838	0.536717015593968
结果	1946	0.000246417824340813	0.536963433418309
搞好	1942	0.000245911312882764	0.537209344731192
所有	1941	0.000245784685018252	0.53745512941621
还是	1932	0.000244645034237642	0.537699774450448
香港	1928	0.000244138522779593	0.537943912973227
现代	1928	0.000244138522779593	0.538188051496007
铁路	1927	0.000244011894915081	0.538432063390922
进步	1922	0.00024337875559252	0.538675442146515
需求	1917	0.000242745616269958	0.538918187762785
持续	1916	0.000242618988405446	0.53916080675119
发表	1914	0.000242365732676422	0.539403172483866
城镇	1910	0.000241859221218373	0.539645031705085
入	1910	0.000241859221218373	0.539886890926303
任何	1908	0.000241605965489348	0.540128496891793
变化	1898	0.000240339686844226	0.540368836578637
准备	1893	0.000239706547521665	0.540608543126158
控制	1893	0.000239706547521665	0.54084824967368
委员	1892	0.000239579919657153	0.541087829593337
体系	1889	0.000239200036063616	0.541327029629401
重	1887	0.000238946780334591	0.541565976409735
版	1886	0.000238820152470079	0.541804796562206
最后	1884	0.000238566896741055	0.542043363458947
举办	1882	0.00023831364101203	0.542281677099959
原因	1878	0.000237807129553981	0.542519484229513
如何	1876	0.000237553873824957	0.542757038103338
周年	1876	0.000237553873824957	0.542994591977163
明显	1872	0.000237047362366908	0.54323163933953
观念	1871	0.000236920734502396	0.543468560074032
阶段	1869	0.000236667478773371	0.543705227552805
军事	1866	0.000236287595179834	0.543941515147985
设计	1865	0.000236160967315322	0.5441776761153
最大	1865	0.000236160967315322	0.544413837082616
大量	1864	0.00023603433945081	0.544649871422067
意识	1864	0.00023603433945081	0.544885905761517
大会	1863	0.000235907711586298	0.545121813473104
组成	1854	0.000234768060805688	0.545356581533909
电视	1849	0.000234134921483126	0.545590716455393
来自	1847	0.000233881665754102	0.545824598121147
城	1847	0.000233881665754102	0.546058479786901
一起	1846	0.00023375503788959	0.54629223482479
黔	1846	0.00023375503788959	0.54652598986268
之一	1846	0.00023375503788959	0.54675974490057
改	1845	0.000233628410025077	0.546993373310595
农户	1845	0.000233628410025077	0.54722700172062
当前	1843	0.000233375154296053	0.547460376874916
领导班子	1842	0.000233248526431541	0.547693625401347
犯罪	1841	0.000233121898567028	0.547926747299914
意义	1840	0.000232995270702516	0.548159742570617
对于	1839	0.000232868642838004	0.548392611213455
考察	1838	0.000232742014973492	0.548625353228428
都是	1836	0.000232488759244467	0.548857841987673
世纪	1826	0.000231222480599345	0.549089064468272
家庭	1826	0.000231222480599345	0.549320286948871
坚决	1823	0.000230842597005808	0.549551129545877
关键	1820	0.000230462713412271	0.54978159225929
正确	1819	0.000230336085547759	0.550011928344837
资产	1819	0.000230336085547759	0.550242264430385
逐步	1815	0.00022982957408971	0.550472094004475
规范	1814	0.000229702946225198	0.5507017969507
确定	1810	0.000229196434767149	0.550930993385467
写	1809	0.000229069806902637	0.55116006319237
交	1796	0.000227423644663978	0.551387486837034
不少	1794	0.000227170388934953	0.551614657225969
既	1784	0.000225904110289831	0.551840561336258
参与	1784	0.000225904110289831	0.552066465446548
俄罗斯	1782	0.000225650854560806	0.552292116301109
建议	1781	0.000225524226696294	0.552517640527805
小组	1777	0.000225017715238245	0.552742658243044
给予	1776	0.000224891087373733	0.552967549330417
才能	1770	0.00022413132018666	0.553191680650604
期间	1765	0.000223498180864098	0.553415178831468
接	1765	0.000223498180864098	0.553638677012332
反映	1760	0.000222865041541537	0.553861542053874
手	1758	0.000222611785812513	0.554084153839686
集体	1757	0.000222485157948001	0.554306638997634
市场经济	1756	0.000222358530083488	0.554528997527718
吃	1750	0.000221598762896415	0.554750596290614
但是	1745	0.000220965623573854	0.554971561914188
主任	1744	0.000220838995709341	0.555192400909897
网	1738	0.000220079228522268	0.55541248013842
声明	1731	0.000219192833470682	0.55563167297189
像	1725	0.000218433066283609	0.555850106038174
座	1723	0.000218179810554584	0.556068285848729
范围	1723	0.000218179810554584	0.556286465659283
特色	1722	0.000218053182690072	0.556504518841973
证	1718	0.000217546671232023	0.556722065513205
相	1715	0.000217166787638487	0.556939232300844
科研	1713	0.000216913531909462	0.557156145832753
广告	1708	0.000216280392586901	0.55737242622534
网络	1698	0.000215014113941779	0.557587440339282
送达	1697	0.000214887486077266	0.557802327825359
低	1692	0.000214254346754705	0.558016582172114
石	1692	0.000214254346754705	0.558230836518869
段	1690	0.000214001091025681	0.558444837609894
出席	1687	0.000213621207432144	0.558658458817326
优秀	1687	0.000213621207432144	0.558872080024759
住	1685	0.000213367951703119	0.559085447976462
协议	1684	0.000213241323838607	0.5592986893003
执法	1683	0.000213114695974095	0.559511803996274
真正	1683	0.000213114695974095	0.559724918692248
之间	1681	0.00021286144024507	0.559937780132493
国有	1671	0.000211595161599948	0.560149375294093
请	1669	0.000211341905870924	0.560360717199964
联合国	1668	0.000211215278006411	0.560571932477971
校	1668	0.000211215278006411	0.560783147755977
广泛	1667	0.000211088650141899	0.560994236406119
没	1662	0.000210455510819338	0.561204691916938
合理	1655	0.000209569115767752	0.561414261032706
俄	1655	0.000209569115767752	0.561623830148474
军	1654	0.00020944248790324	0.561833272636377
建筑	1649	0.000208809348580679	0.562042081984958
见	1648	0.000208682720716167	0.562250764705674
非法	1646	0.000208429464987142	0.562459194170661
两国	1644	0.000208176209258118	0.562667370379919
劳动	1642	0.000207922953529093	0.562875293333448
难	1642	0.000207922953529093	0.563083216286977
解放	1641	0.000207796325664581	0.563291012612642
酒	1640	0.000207669697800069	0.563498682310442
领域	1630	0.000206403419154946	0.563705085729597
需	1630	0.000206403419154946	0.563911489148752
方案	1629	0.000206276791290434	0.564117765940042
正式	1627	0.00020602353556141	0.564323789475604
管	1626	0.000205896907696897	0.564529686383301
字	1624	0.000205643651967873	0.564735330035268
首先	1622	0.000205390396238849	0.564940720431507
左右	1618	0.0002048838847808	0.565145604316288
成员	1616	0.000204630629051775	0.56535023494534
间	1616	0.000204630629051775	0.565554865574392
块	1613	0.000204250745458238	0.56575911631985
份	1608	0.000203617606135677	0.565962733925986
更加	1603	0.000202984466813116	0.566165718392799
最近	1602	0.000202857838948604	0.566368576231747
选择	1598	0.000202351327490555	0.566570927559238
比较	1596	0.00020209807176153	0.566773025630999
上海	1595	0.000201971443897018	0.566974997074896
带来	1595	0.000201971443897018	0.567176968518793
伟大	1591	0.000201464932438969	0.567378433451232
税收	1590	0.000201338304574457	0.567579771755807
编辑	1584	0.000200578537387384	0.567780350293194
根本	1584	0.000200578537387384	0.567980928830582
人均	1578	0.00019981877020031	0.568180747600782
金	1577	0.000199692142335798	0.568380439743118
消费者	1572	0.000199059003013237	0.568579498746131
筑	1571	0.000198932375148724	0.56877843112128
交流	1569	0.0001986791194197	0.568977110240699
现象	1569	0.0001986791194197	0.569175789360119
回归	1564	0.000198045980097139	0.569373835340216
符合	1562	0.000197792724368114	0.569571628064584
制	1560	0.00019753946863909	0.569769167533223
抓住	1559	0.000197412840774578	0.569966580373998
送	1556	0.000197032957181041	0.570163613331179
加工	1553	0.000196653073587504	0.570360266404766
机	1551	0.00019639981785848	0.570556666222625
方法	1550	0.000196273189993967	0.570752939412619
生	1550	0.000196273189993967	0.570949212602613
宣布	1548	0.000196019934264943	0.571145232536878
集团	1546	0.000195766678535919	0.571340999215414
中华人民共和国	1544	0.000195513422806894	0.571536512638221
一切	1544	0.000195513422806894	0.571732026061027
一直	1543	0.000195386794942382	0.57192741285597
双	1542	0.00019526016707787	0.572122673023048
约	1542	0.00019526016707787	0.572317933190125
人类	1541	0.000195133539213357	0.572513066729339
张	1537	0.000194627027755308	0.572707693757094
总理	1535	0.000194373772026284	0.57290206752912
美元	1533	0.000194120516297259	0.573096188045418
强烈	1532	0.000193993888432747	0.573290181933851
巨大	1531	0.000193867260568235	0.573484049194419
靠	1529	0.00019361400483921	0.573677663199258
损失	1529	0.00019361400483921	0.573871277204097
近日	1526	0.000193234121245674	0.574064511325343
儿童	1524	0.000192980865516649	0.57425749219086
医疗	1522	0.000192727609787625	0.574450219800647
甚至	1521	0.000192600981923113	0.57464282078257
谁	1520	0.0001924743540586	0.574835295136629
银行	1520	0.0001924743540586	0.575027769490687
能够	1517	0.000192094470465064	0.575219863961152
放	1517	0.000192094470465064	0.575411958431618
大家	1514	0.000191714586871527	0.575603673018489
拉	1513	0.000191587959007015	0.575795260977496
减少	1512	0.000191461331142502	0.575986722308638
引起	1511	0.00019133470327799	0.576178057011916
干	1509	0.000191081447548966	0.576369138459465
收费	1507	0.000190828191819941	0.576559966651285
汽车	1505	0.000190574936090917	0.576750541587376
发	1505	0.000190574936090917	0.576941116523467
除	1504	0.000190448308226405	0.577131564831694
部署	1503	0.000190321680361892	0.577321886512056
快	1501	0.000190068424632868	0.577511954936688
品种	1500	0.000189941796768356	0.577701896733457
心	1500	0.000189941796768356	0.577891838530225
带动	1497	0.000189561913174819	0.5780814004434
履行	1496	0.000189435285310307	0.57827083572871
小时	1492	0.000188928773852258	0.578459764502563
事件	1492	0.000188928773852258	0.578648693276415
基层	1491	0.000188802145987745	0.578837495422402
案件	1490	0.000188675518123233	0.579026170940526
话	1488	0.000188422262394209	0.57921459320292
统计	1488	0.000188422262394209	0.579403015465314
来到	1487	0.000188295634529697	0.579591311099844
斗争	1482	0.000187662495207135	0.579778973595051
价值	1481	0.000187535867342623	0.579966509462394
改变	1481	0.000187535867342623	0.580154045329736
之后	1478	0.000187155983749086	0.580341201313485
多个	1468	0.000185889705103964	0.580527091018589
党员	1466	0.00018563644937494	0.580712727467964
非常	1465	0.000185509821510427	0.580898237289475
完全	1465	0.000185509821510427	0.581083747110985
协调	1463	0.000185256565781403	0.581269003676767
引进	1459	0.000184750054323354	0.58145375373109
办理	1458	0.000184623426458842	0.581638377157549
超过	1456	0.000184370170729817	0.581822747328279
少	1456	0.000184370170729817	0.582007117499008
老人	1456	0.000184370170729817	0.582191487669738
时代	1455	0.000184243542865305	0.582375731212604
出口	1452	0.000183863659271768	0.582559594871875
邓小平理论	1447	0.000183230519949207	0.582742825391825
示范	1446	0.000183103892084695	0.582925929283909
承担	1442	0.000182597380626646	0.583108526664536
人士	1440	0.000182344124897621	0.583290870789433
关心	1438	0.000182090869168597	0.583472961658602
形象	1437	0.000181964241304085	0.583654925899906
党中央	1437	0.000181964241304085	0.58383689014121
到了	1436	0.000181837613439572	0.58401872775465
如今	1436	0.000181837613439572	0.58420056536809
套	1435	0.00018171098557506	0.584382276353665
现场	1432	0.000181331101981523	0.584563607455646
艺术	1430	0.000181077846252499	0.584744685301899
虽然	1425	0.000180444706929938	0.584925130008829
丰富	1424	0.000180318079065426	0.585105448087894
决策	1423	0.000180191451200913	0.585285639539095
八	1421	0.000179938195471889	0.585465577734567
应该	1420	0.000179811567607377	0.585645389302174
登记	1419	0.000179684939742864	0.585825074241917
税	1417	0.00017943168401384	0.586004505925931
生命	1417	0.00017943168401384	0.586183937609945
革命	1416	0.000179305056149328	0.586363242666094
分析	1412	0.000178798544691279	0.586542041210785
作品	1406	0.000178038777504205	0.586720079988289
日前	1405	0.000177912149639693	0.586897992137929
发行	1400	0.000177279010317132	0.587075271148246
产	1400	0.000177279010317132	0.587252550158563
面	1399	0.00017715238245262	0.587429702541016
打击	1398	0.000177025754588107	0.587606728295604
连	1397	0.000176899126723595	0.587783627422328
遵义	1396	0.000176772498859083	0.587960399921187
几个	1393	0.000176392615265546	0.588136792536452
治理	1392	0.000176265987401034	0.588313058523854
道路	1389	0.000175886103807497	0.588488944627661
适应	1384	0.000175252964484936	0.588664197592146
房	1384	0.000175252964484936	0.588839450556631
欢迎	1383	0.000175126336620424	0.589014576893251
出来	1381	0.000174873080891399	0.589189449974143
体现	1380	0.000174746453026887	0.58936419642717
法规	1378	0.000174493197297863	0.589538689624467
以下	1374	0.000173986685839814	0.589712676310307
迅速	1372	0.000173733430110789	0.589886409740418
收	1372	0.000173733430110789	0.590060143170529
代	1367	0.000173100290788228	0.590233243461317
开放	1363	0.000172593779330179	0.590405837240647
较	1362	0.000172467151465667	0.590578304392113
转变	1362	0.000172467151465667	0.590750771543578
黄	1360	0.000172213895736642	0.590922985439315
轰炸	1359	0.00017208726787213	0.591095072707187
物	1358	0.000171960640007618	0.591267033347195
多次	1357	0.000171834012143106	0.591438867359338
红	1356	0.000171707384278593	0.591610574743617
已有	1356	0.000171707384278593	0.591782282127895
西部	1355	0.000171580756414081	0.591953862884309
围绕	1355	0.000171580756414081	0.592125443640723
军队	1352	0.000171200872820545	0.592296644513544
优质	1350	0.00017094761709152	0.592467592130635
加	1346	0.000170441105633471	0.592638033236269
多种	1344	0.000170187849904447	0.592808221086173
连续	1343	0.000170061222039934	0.592978282308213
电脑	1343	0.000170061222039934	0.593148343530253
顺利	1341	0.00016980796631091	0.593318151496564
采用	1341	0.00016980796631091	0.593487959462875
程度	1341	0.00016980796631091	0.593657767429186
下降	1340	0.000169681338446398	0.593827448767632
林	1338	0.000169428082717373	0.59399687685035
上年	1337	0.000169301454852861	0.594166178305202
平方米	1336	0.000169174826988349	0.594335353132191
从而	1335	0.000169048199123836	0.594504401331315
立即	1333	0.000168794943394812	0.594673196274709
方针	1333	0.000168794943394812	0.594841991218104
表现	1333	0.000168794943394812	0.595010786161499
事故	1332	0.0001686683155303	0.595179454477029
总结	1332	0.0001686683155303	0.59534812279256
状况	1330	0.000168415059801275	0.595516537852361
两岸	1328	0.000168161804072251	0.595684699656433
特别	1327	0.000168035176207739	0.595852734832641
面对	1326	0.000167908548343226	0.596020643380984
鼓励	1325	0.000167781920478714	0.596188425301463
门	1324	0.000167655292614202	0.596356080594077
平均	1324	0.000167655292614202	0.596523735886691
期	1321	0.000167275409020665	0.596691011295712
称	1317	0.000166768897562616	0.596857780193275
海	1315	0.000166515641833592	0.597024295835108
各类	1311	0.000166009130375543	0.597190304965484
针对	1311	0.000166009130375543	0.597356314095859
款	1311	0.000166009130375543	0.597522323226235
及其	1310	0.000165882502511031	0.597688205728746
手段	1307	0.000165502618917494	0.597853708347663
                                                                                                                                                                                                                                                                                                                                                                                                                                                                                                                                                                                                                                                                                                                                                                                                                                                                                                                                                                                                                                                                                                                                                                                                                                                                                                                                                                                                                                                                                                                                                                                                                                                                                                                                                                                                                                                                                                                                                                                                                                                                                                                                                                                                                                                                                                                                                                                          