的	431026	0.0564988280805045	0.0564988280805045
和	100026	0.0131113941562239	0.0696102222367284
在	94020	0.0123241285122685	0.0819343507489969
了	82976	0.0108764825296106	0.0928108332786075
是	59387	0.00778443969323642	0.100595272971844
为	41239	0.0054056023794665	0.10600087535131
个	35849	0.00469908192976295	0.110699957281073
要	34964	0.00458307625295634	0.11528303353403
发展	33602	0.00440454548254888	0.119687579016579
中	32569	0.0042691399863441	0.123956719002923
对	31183	0.00408746329927747	0.1280441823022
工作	30984	0.00406137840697859	0.132105560709179
上	30757	0.00403162327857734	0.136137183987756
有	29441	0.00385912218176661	0.139996306169523
等	26703	0.0035002255229005	0.143496531692423
省	26628	0.00349039453334062	0.146986926225764
与	24840	0.00325602374223303	0.150242949967997
大	24252	0.00317894878408355	0.15342189875208
建设	23967	0.003141591023756	0.156563489775836
这	23841	0.00312507496129539	0.159688564737132
到	22945	0.00300762740602	0.162696192143152
经济	22020	0.00288637853478145	0.165582570677933
我	21929	0.00287445026744879	0.168457020945382
以	21788	0.00285596800707622	0.171312988952458
元	20509	0.00268831686511502	0.174001305817573
将	20130	0.00263863759787242	0.176639943415446
人	19572	0.00256549503554689	0.179205438450993
地	19378	0.002540065542552	0.181745503993545
他	19100	0.00250362534125003	0.184249129334795
开发	18540	0.00243022061920291	0.186679349953998
也	18461	0.00241986531019984	0.189099215264197
新	17845	0.002339120115948	0.191438335380145
不	16935	0.00221983744262143	0.193658172822767
多	16473	0.00215927854693255	0.195817451369699
企业	15993	0.00209636021374931	0.197913811583449
就	15483	0.00202950948474211	0.199943321068191
从	15343	0.00201115830423033	0.201954479372421
年	15127	0.00198284505429787	0.203937324426719
说	14806	0.00194076841898157	0.205878092845701
中国	14453	0.00189449722811972	0.20777259007382
进行	14084	0.0018461287594851	0.209618718833305
还	13816	0.00181099935679112	0.211429718190097
并	13770	0.0018049696831944	0.213234687873291
后	13721	0.00179854677001527	0.215033234643306
贵州	13692	0.00179474545405212	0.216827980097358
问题	13586	0.00178085098880748	0.218608831086166
把	13580	0.00178006450964269	0.220388895595808
西部	13432	0.00176066469024453	0.222149560286053
我们	13317	0.00174559050625271	0.223895150792306
教育	13207	0.00173117172156488	0.225626322513871
国家	12914	0.00169276532235094	0.227319087836222
两	12774	0.00167441414183916	0.228993501978061
已	12539	0.00164361037455153	0.230637112352612
好	12159	0.00159380002744812	0.23223091238006
干部	12142	0.00159157166981455	0.233822484049875
着	12128	0.00158973655176337	0.235412220601638
都	11952	0.00156666649626285	0.236978887097901
向	11922	0.00156273410043889	0.23854162119834
管理	11861	0.00155473822893019	0.24009635942727
图片	11818	0.00154910179491586	0.241645461222186
社会	11764	0.00154202348243274	0.243187484704619
市场	11716	0.00153573164911442	0.244723216353733
而	11627	0.00152406554150336	0.246247281895237
下	11346	0.001487232100619	0.247734513995856
领导	11234	0.00147255115620957	0.249207065152065
来	11019	0.00144436898613791	0.250651434138203
名	10932	0.00143296503824845	0.252084399176451
出	10799	0.00141553141676226	0.253499930593214
加强	10771	0.0014118611806599	0.254911791773874
政府	10318	0.00135248200371821	0.256264273777592
被	10217	0.00133924293777757	0.257603516715369
之	10007	0.0013117161670099	0.258915232882379
使	10006	0.0013115850871491	0.260226817969529
部门	9999	0.00131066752812351	0.261537485497652
群众	9858	0.00129218526775093	0.262829670765403
该	9601	0.00125849774352574	0.264088168508929
提高	9505	0.00124591407688909	0.265334082585818
本	9438	0.00123713172621559	0.266571214312033
重要	9360	0.00122690749707331	0.267798121809107
于	9353	0.00122598993804773	0.269024111747154
实施	9348	0.00122533453874373	0.270249446285898
工程	9344	0.00122481021930054	0.271474256505199
会	9268	0.00121484814987986	0.272689104655079
他们	9183	0.00120370636171199	0.273892811016791
又	9158	0.00120042936519203	0.275093240381983
技术	9127	0.00119636588950728	0.27628960627149
人民	9063	0.00118797677841618	0.277477583049906
及	8995	0.00117906334788189	0.278656646397788
全国	8941	0.00117198503539877	0.279828631433187
由	8937	0.00117146071595558	0.281000092149142
思想	8882	0.00116425132361166	0.282164343472754
次	8741	0.00114576906323909	0.283310112535993
项目	8706	0.00114118126811114	0.284451293804104
但	8692	0.00113934615005996	0.285590639954164
县	8670	0.0011364623931224	0.286727102347286
要求	8670	0.0011364623931224	0.287863564740409
做	8571	0.00112348548690335	0.288987050227312
时	8567	0.00112296116746016	0.290110011394772
组织	8532	0.00111837337233221	0.291228384767105
记者	8441	0.00110644510499956	0.292334829872104
有关	8273	0.00108442368838542	0.29341925356049
据	8257	0.00108232641061265	0.294501579971102
活动	8154	0.00106882518495041	0.295570405156053
党	8111	0.00106318875093607	0.296633593906989
文化	7815	0.00102438911213974	0.297657983019128
服务	7700	0.00100931492814792	0.298667297947276
电	7685	0.00100734873023594	0.299674646677512
生产	7623	0.00099922177886644	0.300673868456379
改革	7617	0.000998435299701649	0.30167230375608
通过	7601	0.000996338021928874	0.302668641778009
各	7569	0.000992143466383324	0.303660785244393
科技	7540	0.00098834215042017	0.304649127394813
会议	7525	0.000986375952508193	0.305635503347321
基础	7419	0.00097248148726356	0.306607984834584
全省	7316	0.000958980261601321	0.307566965096186
地区	7254	0.000950853310231819	0.308517818406418
实现	7253	0.00095072223037102	0.309468540636789
本报讯	7252	0.000950591150510222	0.310419131787299
作	7236	0.000948493872737447	0.311367625660036
用	7228	0.000947445233851059	0.312315070893887
农民	7210	0.000945085796356688	0.313260156690244
其	7194	0.000942988518583913	0.314203145208828
所	7180	0.000941153400532735	0.315144298609361
家	7159	0.000938400723455968	0.316082699332817
内	7144	0.000936434525543991	0.317019133858361
投资	7034	0.000922015740856164	0.317941149599217
起	7018	0.000919918463083389	0.3188610680623
公司	6941	0.00090982531380191	0.319770893376102
市	6924	0.000907596956168336	0.32067849033227
重点	6819	0.000893833570784501	0.321572323903055
环境	6700	0.000878235067349488	0.322450558970404
可	6697	0.000877841827767093	0.323328400798171
自己	6683	0.000876006709715915	0.324204407507887
同时	6571	0.00086132576530649	0.325065733273194
代表	6569	0.000861063605584893	0.325926796878779
积极	6550	0.000858573088229723	0.326785369967008
进一步	6533	0.00085634473059615	0.327641714697605
农业	6514	0.00085385421324098	0.328495568910846
产业	6413	0.000840615147300338	0.329336184058146
给	6377	0.000835896272311595	0.330172080330458
情况	6356	0.000833143595234828	0.331005223925692
人才	6345	0.000831701716766045	0.331836925642458
位	6256	0.000820035609154984	0.332656961251613
没有	6243	0.000818331570964605	0.333475292822578
解决	6208	0.00081374377583666	0.334289036598415
政策	6208	0.00081374377583666	0.335102780374251
资源	6206	0.000813481616115063	0.335916261990366
方面	6178	0.000809811380012707	0.336726073370379
农村	6030	0.000790411560614539	0.337516484930994
新华社	6020	0.000789100762006555	0.338305585693
政治	6008	0.000787527803676974	0.339093113496677
小	6003	0.000786872404372981	0.33987998590105
村	5997	0.000786085925208191	0.340666071826258
区	5903	0.000773764418293138	0.341439836244551
里	5883	0.00077114282107717	0.342210979065629
开展	5879	0.000770618501633976	0.342981597567263
种	5874	0.000769963102329984	0.343751560669593
提出	5870	0.00076943878288679	0.344520999452479
建立	5833	0.000764588828037248	0.345285588280517
单位	5788	0.000758690234301319	0.346044278514818
战略	5756	0.000754495678755769	0.346798774193574
贵阳	5752	0.000753971359312575	0.347552745552886
能	5741	0.000752529480843793	0.34830527503373
目前	5708	0.000748203845437444	0.349053478879167
成为	5665	0.000742567411423112	0.349796046290591
结构	5655	0.000741256612815127	0.350537302903406
精神	5633	0.000738372855877562	0.351275675759283
生活	5615	0.00073601341838319	0.352011689177666
旅游	5615	0.00073601341838319	0.35274770259605
我国	5589	0.000732605342002431	0.353480307938052
必须	5534	0.000725395949658517	0.354205703887711
你	5513	0.00072264327258175	0.354928347160292
人员	5511	0.000722381112860153	0.355650728273153
坚持	5503	0.000721332473973766	0.356372060747126
制度	5497	0.000720545994808975	0.357092606741935
加快	5482	0.000718579796896999	0.357811186538832
国际	5464	0.000716220359402627	0.358527406898235
作为	5460	0.000715696039959433	0.359243102938194
她	5406	0.000708617727476318	0.359951720665671
调整	5389	0.000706389369842745	0.360658110035513
条	5385	0.000705865050399551	0.361363975085913
增长	5374	0.000704423171930768	0.362068398257844
主要	5370	0.000703898852487575	0.362772297110331
第一	5368	0.000703636692765978	0.363475933803097
世界	5332	0.000698917817777234	0.364174851620874
今年	5329	0.000698524578194839	0.364873376199069
天	5328	0.000698393498334041	0.365571769697403
贵阳市	5326	0.000698131338612444	0.366269901036016
资金	5313	0.000696427300422064	0.366966328336438
高	5302	0.000694985421953281	0.367661313758391
一些	5301	0.000694854342092483	0.368356168100484
学习	5291	0.000693543543484499	0.369049711643968
讲	5264	0.000690004387242941	0.369739716031211
产品	5259	0.000689348987938949	0.37042906501915
或	5213	0.000683319314342221	0.371112384333492
努力	5183	0.000679386918518268	0.371791771252011
省委	5156	0.00067584776227671	0.372467619014287
美国	5140	0.000673750484503935	0.373141369498791
项	5092	0.000667458651185611	0.373808828149977
更	5064	0.000663788415083255	0.37447261656506
举行	5014	0.000657234422043333	0.375129850987103
得	4992	0.000654350665105768	0.375784201652209
研究	4984	0.00065330202621938	0.376437503678428
规定	4943	0.000647927751926645	0.377085431430355
城市	4920	0.000644912915128281	0.377730344345483
学生	4896	0.000641766998469118	0.378372111343953
去	4854	0.000636261644315584	0.379008372988268
参加	4840	0.000634426526264406	0.379642799514533
促进	4831	0.00063324680751722	0.38027604632205
可以	4821	0.000631936008909236	0.380907982330959
同志	4808	0.000630231970718856	0.381538214301678
前	4720	0.000618696942968594	0.382156911244646
完成	4704	0.00061659966519582	0.382773510909842
认真	4702	0.000616337505474223	0.383389848415317
亩	4691	0.00061489562700544	0.384004744042322
关系	4689	0.000614633467283843	0.384619377509606
提供	4650	0.000609521352712704	0.385228898862319
至	4625	0.000606244356192744	0.385835143218511
几	4603	0.000603360599255178	0.386438503817766
中心	4598	0.000602705199951186	0.387041209017718
优势	4598	0.000602705199951186	0.387643914217669
生态	4587	0.000601263321482403	0.388245177539151
各级	4574	0.000599559283292023	0.388844736822443
水平	4565	0.000598379564544838	0.389443116386988
让	4561	0.000597855245101644	0.39004097163209
达	4549	0.000596282286772063	0.390637253918862
比	4548	0.000596151206911264	0.391233405125773
条件	4543	0.000595495807607272	0.39182890093338
质量	4539	0.000594971488164078	0.392423872421544
日	4532	0.000594053929138489	0.393017926350683
作用	4526	0.000593267449973699	0.393611193800657
全面	4517	0.000592087731226513	0.394203281531883
历史	4516	0.000591956651365715	0.394795238183249
民族	4511	0.000591301252061722	0.39538653943531
经营	4486	0.000588024255541762	0.395974563690852
最	4474	0.00058645129721218	0.396561014988064
过	4454	0.000583829699996212	0.397144844688061
这些	4437	0.000581601342362639	0.397726446030423
结合	4435	0.000581339182641042	0.398307785213064
就是	4421	0.000579504064589864	0.398887289277654
中央	4407	0.000577668946538686	0.399464958224193
目标	4404	0.00057727570695629	0.400042233931149
支持	4376	0.000573605470853934	0.400615839402003
职工	4330	0.000567575797257206	0.40118341519926
任务	4327	0.000567182557674811	0.401750597756935
增加	4316	0.000565740679206028	0.402316338436141
取得	4311	0.000565085279902036	0.402881423716043
落实	4311	0.000565085279902036	0.403446508995945
这个	4285	0.000561677203521277	0.404008186199466
充分	4269	0.000559579925748502	0.404567766125215
形成	4264	0.00055892452644451	0.405126690651659
措施	4260	0.000558400207001316	0.405685090858661
合作	4212	0.000552108373682992	0.406237199232344
以上	4201	0.000550666495214209	0.406787865727558
需要	4193	0.000549617856327821	0.407337483583886
发挥	4185	0.000548569217441434	0.407886052801327
不断	4163	0.000545685460503868	0.408431738261831
责任	4123	0.000540442266071931	0.408972180527903
报	4123	0.000540442266071931	0.409512622793975
学校	4104	0.000537951748716761	0.410050574542692
届	4090	0.000536116630665583	0.410586691173357
认为	4063	0.000532577474424025	0.411119268647781
时间	4049	0.000530742356372847	0.411650011004154
米	4029	0.000528120759156879	0.412178131763311
利用	4000	0.000524319443193724	0.412702451206505
安全	3991	0.000523139724446538	0.413225590930951
以及	3987	0.000522615405003344	0.413748206335955
局	3987	0.000522615405003344	0.414270821740958
公告	3981	0.000521828925838554	0.414792650666797
外	3980	0.000521697845977756	0.415314348512774
基本	3975	0.000521042446673763	0.415835390959448
办	3970	0.000520387047369771	0.416355778006818
保护	3964	0.000519600568204981	0.416875378575023
地方	3937	0.000516061411963423	0.417391439986986
依法	3926	0.00051461953349464	0.417906059520481
设施	3916	0.000513308734886656	0.418419368255368
应	3916	0.000513308734886656	0.418932676990254
宣传	3912	0.000512784415443462	0.419445461405698
继续	3901	0.000511342536974679	0.419956803942672
户	3898	0.000510949297392284	0.420467753240065
北京	3897	0.000510818217531486	0.420978571457596
开始	3897	0.000510818217531486	0.421489389675128
今天	3885	0.000509245259201905	0.42199863493433
统一	3880	0.000508589859897912	0.422507224794227
公路	3867	0.000506885821707533	0.423014110615935
推进	3860	0.000505968262681944	0.423520078878617
决定	3845	0.000504002064769967	0.424024080943387
余	3844	0.000503870984909169	0.424527951928296
表示	3834	0.000502560186301185	0.425030512114597
监督	3834	0.000502560186301185	0.425533072300898
自	3826	0.000501511547414797	0.426034583848313
具有	3797	0.000497710231451643	0.426532294079765
看	3794	0.000497316991869247	0.427029611071634
以来	3782	0.000495744033539666	0.427525355105174
近	3763	0.000493253516184496	0.428018608621358
比赛	3760	0.000492860276602101	0.42851146889796
万	3748	0.00049128731827252	0.429002756216233
发生	3748	0.00049128731827252	0.429494043534505
已经	3746	0.000491025158550923	0.429985068693056
院	3734	0.000489452200221341	0.430474520893278
重大	3715	0.000486961682866171	0.430961482576144
信息	3710	0.000486306283562179	0.431447788859706
同	3700	0.000484995484954195	0.43193278434466
再	3638	0.000476868533584692	0.432409652878245
由于	3636	0.000476606373863095	0.432886259252108
贵州省	3622	0.000474771255811917	0.43336103050792
其中	3609	0.000473067217621538	0.433834097725541
规划	3597	0.000471494259291956	0.434305591984833
部	3594	0.000471101019709561	0.434776693004543
抓	3581	0.000469396981519181	0.435246089986062
创新	3581	0.000469396981519181	0.435715486967581
号	3580	0.000469265901658383	0.43618475286924
投入	3567	0.000467561863468004	0.436652314732708
交通	3566	0.000467430783607205	0.437119745516315
实行	3549	0.000465202425973632	0.437584947942289
根据	3518	0.00046113895028888	0.438046086892577
很	3518	0.00046113895028888	0.438507225842866
水	3491	0.000457599794047323	0.438964825636914
得到	3477	0.000455764675996145	0.43942059031291
能力	3465	0.000454191717666563	0.439874782030576
点	3460	0.000453536318362571	0.440328318348939
这样	3460	0.000453536318362571	0.440781854667301
成	3452	0.000452487679476184	0.441234342346778
素质	3435	0.000450259321842611	0.44168460166862
收入	3431	0.000449735002399417	0.44213433667102
江泽民	3425	0.000448948523234626	0.442583285194254
不能	3423	0.000448686363513029	0.443031971557767
采取	3413	0.000447375564905045	0.443479347122672
部分	3405	0.000446326926018658	0.443925674048691
法律	3405	0.000446326926018658	0.44437200097471
厂	3402	0.000445933686436262	0.444817934661146
科学	3385	0.000443705328802689	0.445261639989949
机关	3384	0.000443574248941891	0.44570521423889
台湾	3378	0.0004427877697771	0.446148002008668
却	3377	0.000442656689916302	0.446590658698584
因	3359	0.00044029725242193	0.447030955951006
关于	3356	0.000439904012839535	0.447470859963845
按	3348	0.000438855373953147	0.447909715337799
共	3328	0.000436233776737178	0.448345949114536
机构	3322	0.000435447297572388	0.448781396412108
指出	3320	0.000435185137850791	0.449216581549959
加大	3314	0.000434398658686	0.449650980208645
计划	3313	0.000434267578825202	0.45008524778747
稳定	3292	0.000431514901748435	0.450516762689218
去年	3287	0.000430859502444443	0.450947622191663
广大	3285	0.000430597342722846	0.451378219534386
一定	3284	0.000430466262862048	0.451808685797248
它	3275	0.000429286544114862	0.452237972341363
场	3246	0.000425485228151707	0.452663457569514
实际	3239	0.000424567669126118	0.45308802523864
乡	3232	0.000423650110100529	0.453511675348741
占	3232	0.000423650110100529	0.453935325458842
机遇	3227	0.000422994710796537	0.454358320169638
影响	3221	0.000422208231631746	0.45478052840127
人口	3219	0.000421946071910149	0.45520247447318
专家	3205	0.000420110953858971	0.455622585427039
处	3193	0.00041853799552939	0.456041123422568
经	3190	0.000418144755946995	0.456459268178515
切实	3186	0.000417620436503801	0.456876888615019
抓好	3177	0.000416440717756615	0.457293329332776
第二	3174	0.00041604747817422	0.45770937681095
深入	3168	0.000415260999009429	0.458124637809959
按照	3157	0.000413819120540647	0.4585384569305
事业	3151	0.000413032641375856	0.458951489571876
如	3136	0.00041106644346388	0.45936255601534
镇	3128	0.000410017804577492	0.459772573819917
经过	3127	0.000409886724716694	0.460182460544634
严重	3119	0.000408838085830306	0.460591298630464
走	3080	0.000403725971259168	0.460995024601723
力度	3061	0.000401235453903997	0.461396260055627
分	3061	0.000401235453903997	0.461797495509531
社会主义	3060	0.000401104374043199	0.462198599883575
良好	3059	0.000400973294182401	0.462599573177757
人们	3057	0.000400711134460804	0.463000284312218
贯彻	3046	0.000399269255992021	0.46339955356821
扩大	3040	0.00039848277682723	0.463798036345037
大力	3035	0.000397827377523238	0.46419586372256
认识	3023	0.000396254419193657	0.464592118141754
起来	3020	0.000395861179611262	0.464987979321365
先进	3003	0.000393632821977688	0.465381612143343
增强	2980	0.000390617985179324	0.465772230128522
批	2977	0.000390224745596929	0.466162454874119
省政府	2971	0.000389438266432139	0.466551893140551
各种	2965	0.000388651787267348	0.466940544927819
系统	2964	0.00038852070740655	0.467329065635225
原则	2951	0.00038681666921617	0.467715882304441
书记	2940	0.000385374790747387	0.468101257095189
共同	2939	0.000385243710886589	0.468486500806075
现在	2938	0.00038511263102579	0.468871613437101
基地	2937	0.000384981551164992	0.469256594988266
岁	2936	0.000384850471304193	0.46964144545957
正在	2925	0.000383408592835411	0.470024854052406
使用	2921	0.000382884273392217	0.470407738325798
行政	2915	0.000382097794227426	0.470789836120025
处理	2912	0.000381704554645031	0.47117154067467
当	2901	0.000380262676176248	0.471551803350847
召开	2898	0.000379869436593853	0.471931672787441
为了	2897	0.000379738356733055	0.472311411144174
介绍	2897	0.000379738356733055	0.472691149500907
进入	2887	0.00037842755812507	0.473069577059032
检查	2886	0.000378296478264272	0.473447873537296
制定	2879	0.000377378919238683	0.473825252456535
获得	2875	0.000376854599795489	0.47420210705633
级	2865	0.000375543801187505	0.474577650857518
各项	2858	0.000374626242161916	0.47495227709968
扶贫	2858	0.000374626242161916	0.475326903341841
改造	2849	0.00037344652341473	0.475700349865256
打	2839	0.000372135724806746	0.476072485590063
希望	2834	0.000371480325502754	0.476443965915566
长	2831	0.000371087085920358	0.476815053001486
仅	2828	0.000370693846337963	0.477185746847824
培养	2824	0.000370169526894769	0.477555916374719
这种	2824	0.000370169526894769	0.477926085901614
达到	2822	0.000369907367173172	0.478295993268787
组	2820	0.000369645207451575	0.478665638476238
知识	2819	0.000369514127590777	0.479035152603829
各地	2811	0.00036846548870439	0.479403618092534
建	2802	0.000367285769957204	0.479770903862491
个人	2802	0.000367285769957204	0.480138189632448
正	2791	0.000365843891488421	0.480504033523936
路	2785	0.00036505741232363	0.48086909093626
指导	2783	0.000364795252602034	0.481233886188862
即	2782	0.000364664172741235	0.481598550361603
工业	2778	0.000364139853298041	0.481962690214901
世纪	2776	0.000363877693576445	0.482326567908478
城镇	2759	0.000361649335942871	0.482688217244421
竞争	2758	0.000361518256082073	0.483049735500503
党委	2757	0.000361387176221274	0.483411122676724
突出	2752	0.000360731776917282	0.483771854453641
完善	2747	0.00036007637761329	0.484131930831254
则	2745	0.000359814217891693	0.484491745049146
发现	2742	0.000359420978309298	0.484851166027455
国	2741	0.000359289898448499	0.485210455925904
意见	2736	0.000358634499144507	0.485569090425049
只	2730	0.000357848019979717	0.485926938445028
图	2720	0.000356537221371732	0.4862834756664
重视	2719	0.000356406141510934	0.486639881807911
许多	2715	0.00035588182206774	0.486995763629979
方式	2707	0.000354833183181353	0.48735059681316
特色	2674	0.000350507547775005	0.487701104360935
了解	2668	0.000349721068610214	0.488050825429545
强调	2664	0.00034919674916702	0.488400022178712
林	2654	0.000347885950559036	0.488747908129271
改善	2633	0.000345133273482269	0.489093041402754
出现	2628	0.000344477874178277	0.489437519276932
公里	2615	0.000342773835987897	0.48978029311292
特别是	2613	0.0003425116762663	0.490122804789186
那	2593	0.000339890079050332	0.490462694868236
贷款	2592	0.000339758999189533	0.490802453867426
推动	2591	0.000339627919328735	0.491142081786755
委	2589	0.000339365759607138	0.491481447546362
无	2587	0.000339103599885541	0.491820551146247
队伍	2583	0.000338579280442347	0.49215913042669
不仅	2575	0.00033753064155596	0.492496661068246
创造	2566	0.000336350922808774	0.492833011991054
成绩	2562	0.00033582660336558	0.49316883859442
车	2562	0.00033582660336558	0.493504665197786
山	2554	0.000334777964479193	0.493839443162265
执行	2548	0.000333991485314402	0.494173434647579
经验	2547	0.000333860405453604	0.494507295053033
台	2535	0.000332287447124023	0.494839582500157
财政	2534	0.000332156367263224	0.49517173886742
存在	2517	0.000329928009629651	0.49550166687705
高度	2517	0.000329928009629651	0.495831594886679
成功	2517	0.000329928009629651	0.496161522896309
传统	2508	0.000328748290882465	0.496490271187191
案	2504	0.000328223971439271	0.496818495158631
如果	2504	0.000328223971439271	0.49714671913007
保证	2497	0.000327306412413682	0.497474025542484
困难	2497	0.000327306412413682	0.497801331954897
分别	2484	0.000325602374223303	0.498126934329121
成立	2463	0.000322849697146536	0.498449784026267
总	2461	0.000322587537424939	0.498772371563692
吨	2460	0.00032245645756414	0.499094828021256
贫困	2459	0.000322325377703342	0.49941715339896
机制	2449	0.000321014579095358	0.499738167978055
规模	2448	0.000320883499234559	0.500059051477289
观念	2439	0.000319703780487373	0.500378755257777
新闻	2432	0.000318786221461784	0.500697541479239
帮助	2424	0.000317737582575397	0.501015279061814
形势	2423	0.000317606502714598	0.501332885564529
土地	2418	0.000316951103410606	0.501649836667939
建成	2416	0.000316688943689009	0.501966525611628
行	2410	0.000315902464524219	0.502282428076152
第三	2408	0.000315640304802622	0.502598068380955
队	2401	0.000314722745777033	0.502912791126732
强	2398	0.000314329506194638	0.503227120632927
体制	2393	0.000313674106890645	0.503540794739817
专业	2383	0.000312363308282661	0.5038531580481
只有	2377	0.000311576829117871	0.504164734877218
内容	2375	0.000311314669396274	0.504476049546614
行为	2369	0.000310528190231483	0.504786577736845
保障	2369	0.000310528190231483	0.505097105927077
报告	2367	0.000310266030509886	0.505407371957587
当地	2361	0.000309479551345096	0.505716851508932
面积	2355	0.000308693072180305	0.506025544581112
月	2355	0.000308693072180305	0.506334237653292
数	2353	0.000308430912458708	0.506642668565751
自然	2337	0.000306333634685933	0.506949002200437
确保	2334	0.000305940395103538	0.507254942595541
件	2333	0.00030580931524274	0.507560751910783
十分	2328	0.000305153915938747	0.507865905826722
而且	2327	0.000305022836077949	0.5081709286628
带	2325	0.000304760676356352	0.508475689339156
每	2322	0.000304367436773957	0.50878005677593
因此	2319	0.000303974197191562	0.509084030973122
利益	2313	0.000303187718026771	0.509387218691149
和平	2313	0.000303187718026771	0.509690406409175
才	2307	0.00030240123886198	0.509992807648037
百	2299	0.000301352599975593	0.510294160248013
培训	2297	0.000301090440253996	0.510595250688267
有效	2295	0.000300828280532399	0.510896078968799
网络	2294	0.000300697200671601	0.511196776169471
村民	2292	0.000300435040950004	0.511497211210421
线	2289	0.000300041801367609	0.511797253011788
教师	2288	0.00029991072150681	0.512097163733295
国务院	2284	0.000299386402063616	0.512396550135359
非	2283	0.000299255322202818	0.512695805457561
其他	2283	0.000299255322202818	0.512995060779764
销售	2282	0.00029912424234202	0.513294185022106
严格	2276	0.000298337763177229	0.513592522785283
理论	2273	0.000297944523594834	0.513890467308878
方	2270	0.000297551284012438	0.514188018592891
标准	2267	0.000297158044430043	0.514485176637321
送	2254	0.000295454006239664	0.514780630643561
这次	2250	0.00029492968679647	0.515075560330357
进	2241	0.000293749968049284	0.515369310298406
健康	2240	0.000293618888188485	0.515662929186595
电话	2239	0.000293487808327687	0.515956416994922
未	2236	0.000293094568745292	0.516249511563668
办法	2235	0.000292963488884493	0.516542475052552
考察	2229	0.000292177009719703	0.516834652062272
总统	2223	0.000291390530554912	0.517126042592827
实践	2222	0.000291259450694114	0.517417302043521
明确	2220	0.000290997290972517	0.517708299334493
成果	2212	0.000289948652086129	0.51799824798658
造成	2209	0.000289555412503734	0.518287803399083
全	2206	0.000289162172921339	0.518576965572005
州	2204	0.000288900013199742	0.518865865585204
负责人	2203	0.000288768933338944	0.519154634518543
曾	2195	0.000287720294452556	0.519442354812996
日本	2195	0.000287720294452556	0.519730075107448
文明	2195	0.000287720294452556	0.520017795401901
集中	2191	0.000287195975009362	0.52030499137691
随	2190	0.000287064895148564	0.520592056272059
参与	2189	0.000286933815287766	0.520878990087347
站	2185	0.000286409495844572	0.521165399583191
如何	2183	0.000286147336122975	0.521451546919314
看到	2180	0.00028575409654058	0.521737301015855
联系	2175	0.000285098697236587	0.522022399713091
负责	2173	0.000284836537514991	0.522307236250606
花	2172	0.000284705457654192	0.522591941708261
包括	2169	0.000284312218071797	0.522876253926332
双方	2169	0.000284312218071797	0.523160566144404
意义	2168	0.000284181138210998	0.523444747282615
这里	2167	0.0002840500583502	0.523728797340965
体系	2161	0.000283263579185409	0.524012060920151
意识	2158	0.000282870339603014	0.524294931259754
均	2144	0.000281035221551836	0.524575966481306
编辑	2134	0.000279724422943852	0.52485569090425
维护	2129	0.00027906902363986	0.525134759927889
讲话	2125	0.000278544704196666	0.525413304632086
联合	2123	0.000278282544475069	0.525691587176561
想	2112	0.000276840666006286	0.525968427842567
综合	2112	0.000276840666006286	0.526245268508574
效益	2111	0.000276709586145488	0.526521978094719
因为	2107	0.000276185266702294	0.526798163361421
现代化	2104	0.000275792027119899	0.527073955388541
入	2104	0.000275792027119899	0.527349747415661
铁路	2098	0.000275005547955108	0.527624752963616
保持	2094	0.000274481228511915	0.527899234192128
老	2093	0.000274350148651116	0.528173584340779
什么	2092	0.000274219068790318	0.52844780340957
钱	2077	0.000272252870878341	0.528720056280448
网	2074	0.000271859631295946	0.528991915911744
城	2073	0.000271728551435148	0.529263644463179
当前	2072	0.000271597471574349	0.529535241934753
还有	2067	0.000270942072270357	0.529806184007024
不同	2066	0.000270810992409559	0.530076994999433
全部	2065	0.00027067991254876	0.530347674911982
事	2060	0.000270024513244768	0.530617699425227
搞好	2058	0.000269762353523171	0.53088746177875
酒	2058	0.000269762353523171	0.531157224132273
找	2056	0.000269500193801574	0.531426724326075
青年	2056	0.000269500193801574	0.531696224519876
长期	2054	0.000269238034079977	0.531965462553956
过去	2052	0.00026897587435838	0.532234438428315
公开	2052	0.00026897587435838	0.532503414302673
期间	2048	0.000268451554915187	0.532771865857588
孩子	2044	0.000267927235471993	0.53303979309306
建议	2044	0.000267927235471993	0.533307720328532
明显	2043	0.000267796155611195	0.533575516484143
受	2032	0.000266354277142412	0.533841870761286
开放	2028	0.000265829957699218	0.534107700718985
六	2026	0.000265567797977621	0.534373268516963
国内	2022	0.000265043478534428	0.534638311995497
开	2015	0.000264125919508839	0.534902437915006
公斤	2014	0.00026399483964804	0.535166432754654
业务	2008	0.00026320836048325	0.535429641115137
过程	2007	0.000263077280622451	0.53569271839576
逐步	1997	0.000261766482014467	0.535954484877774
便	1995	0.00026150432229287	0.536215989200067
犯罪	1992	0.000261111082710475	0.536477100282777
金融	1991	0.000260980002849676	0.536738080285627
调查	1983	0.000259931363963289	0.53699801164959
来自	1981	0.000259669204241692	0.537257680853832
送达	1979	0.000259407044520095	0.537517087898352
受到	1979	0.000259407044520095	0.537776494942872
每年	1976	0.0002590138049377	0.53803550874781
价格	1976	0.0002590138049377	0.538294522552748
接受	1972	0.000258489485494506	0.538553012038242
此	1972	0.000258489485494506	0.538811501523736
行业	1971	0.000258358405633708	0.53906985992937
转	1966	0.000257703006329715	0.5393275629357
关键	1966	0.000257703006329715	0.53958526594203
重	1965	0.000257571926468917	0.539842837868499
片	1963	0.00025730976674732	0.540100147635246
教学	1961	0.000257047607025723	0.540357195242272
力量	1960	0.000256916527164925	0.540614111769437
获	1954	0.000256130048000134	0.540870241817437
搞	1954	0.000256130048000134	0.541126371865437
不是	1948	0.000255343568835344	0.541381715434272
行动	1946	0.000255081409113747	0.541636796843386
准备	1937	0.000253901690366561	0.541890698533753
安排	1933	0.000253377370923367	0.542144075904676
房	1929	0.000252853051480173	0.542396928956156
选手	1923	0.000252066572315383	0.542648995528472
种植	1922	0.000251935492454584	0.542900931020926
批准	1918	0.000251411173011391	0.543152342193938
主席	1917	0.000251280093150592	0.543403622287088
先后	1913	0.000250755773707399	0.543654378060796
才能	1913	0.000250755773707399	0.543905133834503
结束	1913	0.000250755773707399	0.54415588960821
大会	1906	0.00024983821468181	0.544405727822892
讨论	1901	0.000249182815377817	0.54465491063827
正确	1899	0.000248920655656221	0.544903831293926
抓住	1885	0.000247085537605042	0.545150916831531
贵	1884	0.000246954457744244	0.545397871289275
形式	1881	0.000246561218161849	0.545644432507437
及时	1879	0.000246299058440252	0.545890731565877
现	1876	0.000245905818857857	0.546136637384735
之一	1873	0.000245512579275461	0.546382149964011
丰富	1872	0.000245381499414663	0.546627531463425
结果	1872	0.000245381499414663	0.54687291296284
改革开放	1871	0.000245250419553864	0.547118163382394
引进	1861	0.00024393962094588	0.54736210300334
黔	1859	0.000243677461224283	0.547605780464564
举办	1858	0.000243546381363485	0.547849326845927
粮食	1858	0.000243546381363485	0.548092873227291
给予	1855	0.00024315314178109	0.548336026369072
原因	1850	0.000242497742477097	0.548578524111549
直接	1848	0.000242235582755501	0.548820759694305
医院	1844	0.000241711263312307	0.549062470957617
最大	1842	0.00024144910359071	0.549303920061208
报道	1840	0.000241186943869113	0.549545107005077
具体	1839	0.000241055864008315	0.549786162869085
可能	1838	0.000240924784147516	0.550027087653233
进步	1836	0.000240662624425919	0.550267750277659
最后	1834	0.000240400464704323	0.550508150742363
税收	1832	0.000240138304982726	0.550748289047346
校	1832	0.000240138304982726	0.550988427352328
设计	1827	0.000239482905678733	0.551227910258007
持续	1825	0.000239220745957137	0.551467131003964
都是	1821	0.000238696426513943	0.551705827430478
乡镇	1820	0.000238565346653144	0.551944392777131
有的	1817	0.000238172107070749	0.552182564884202
贡献	1817	0.000238172107070749	0.552420736991273
版	1813	0.000237647787627555	0.5526583847789
委员会	1812	0.000237516707766757	0.552895901486667
根本	1810	0.00023725454804516	0.553133156034712
带来	1807	0.000236861308462765	0.553370017343175
施工	1799	0.000235812669576377	0.553605830012751
美	1797	0.000235550509854781	0.553841380522606
党员	1796	0.000235419429993982	0.5540767999526
规范	1791	0.00023476403068999	0.55431156398329
出席	1782	0.000233584311942804	0.554545148295233
接	1781	0.000233453232082006	0.554778601527315
既	1779	0.000233191072360409	0.555011792599675
对于	1779	0.000233191072360409	0.555244983672036
现代	1776	0.000232797832778014	0.555477781504814
农户	1772	0.00023227351333482	0.555710055018149
设备	1771	0.000232142433474021	0.555942197451623
还是	1770	0.000232011353613223	0.556174208805236
优秀	1770	0.000232011353613223	0.556406220158849
体育	1768	0.000231749193891626	0.55663796935274
事故	1766	0.000231487034170029	0.55686945638691
交流	1765	0.000231355954309231	0.55710081234122
协调	1758	0.000230438395283642	0.557331250736503
祖国	1758	0.000230438395283642	0.557561689131787
全县	1757	0.000230307315422843	0.55779199644721
市场经济	1752	0.000229651916118851	0.558021648363329
民主	1750	0.000229389756397254	0.558251038119726
领域	1749	0.000229258676536456	0.558480296796263
西	1747	0.000228996516814859	0.558709293313077
国有企业	1741	0.000228210037650068	0.558937503350727
筑	1740	0.00022807895778927	0.559165582308517
合理	1737	0.000227685718206875	0.559393268026724
电视	1736	0.000227554638346076	0.55962082266507
书	1728	0.000226505999459689	0.559847328664529
所有	1726	0.000226243839738092	0.560073572504268
交	1726	0.000226243839738092	0.560299816344006
仍	1720	0.000225457360573301	0.560525273704579
消费	1716	0.000224933041130108	0.560750206745709
干	1709	0.000224015482104519	0.560974222227814
主任	1707	0.000223753322382922	0.561197975550197
广告	1702	0.00022309792307893	0.561421073473276
座	1694	0.000222049284192542	0.561643122757468
形象	1692	0.000221787124470945	0.561864909881939
低	1691	0.000221656044610147	0.562086565926549
产生	1689	0.00022139388488855	0.562307959811438
住	1686	0.000221000645306155	0.562528960456744
写	1684	0.000220738485584558	0.562749698942328
真正	1682	0.000220476325862961	0.562970175268191
治理	1679	0.000220083086280566	0.563190258354472
一起	1675	0.000219558766837372	0.563409817121309
厅	1674	0.000219427686976574	0.563629244808286
不少	1673	0.000219296607115775	0.563848541415402
家庭	1669	0.000218772287672581	0.564067313703074
变化	1664	0.000218116888368589	0.564285430591443
大量	1663	0.000217985808507791	0.56450341639995
计划生育	1663	0.000217985808507791	0.564721402208458
围绕	1661	0.000217723648786194	0.564939125857244
阶段	1658	0.000217330409203799	0.565156456266448
发表	1656	0.000217068249482202	0.56537352451593
草	1651	0.00021641285017821	0.565589937366109
现象	1650	0.000216281770317411	0.565806219136426
组成	1644	0.000215495291152621	0.566021714427579
上海	1644	0.000215495291152621	0.566237209718731
制	1642	0.000215233131431024	0.566452442850162
基层	1637	0.000214577732127032	0.566667020582289
建筑	1636	0.000214446652266233	0.566881467234555
比较	1635	0.000214315572405435	0.567095782806961
优质	1634	0.000214184492544636	0.567309967299506
之间	1633	0.000214053412683838	0.567524020712189
退耕	1632	0.000213922332823039	0.567737943045012
像	1628	0.000213398013379846	0.567951341058392
但是	1627	0.000213266933519047	0.568164607991911
联合国	1627	0.000213266933519047	0.56837787492543
反映	1627	0.000213266933519047	0.56859114185895
控制	1623	0.000212742614075854	0.568803884473025
人类	1622	0.000212611534215055	0.56901649600724
时代	1620	0.000212349374493458	0.569228845381734
消费者	1619	0.00021221829463266	0.569441063676367
适应	1618	0.000212087214771861	0.569653150891138
科研	1618	0.000212087214771861	0.56986523810591
两岸	1618	0.000212087214771861	0.570077325320682
首先	1615	0.000211693975189466	0.570289019295872
金	1614	0.000211562895328668	0.5705005821912
带动	1613	0.000211431815467869	0.570712014006668
团结	1609	0.000210907496024676	0.570922921502693
更加	1603	0.000210121016859885	0.571133042519553
手	1598	0.000209465617555893	0.571342508137109
学	1597	0.000209334537695094	0.571551842674804
买	1597	0.000209334537695094	0.571761177212499
原	1594	0.000208941298112699	0.571970118510612
相	1587	0.00020802373908711	0.572178142249699
地位	1585	0.000207761579365513	0.572385903829064
示范	1583	0.000207499419643916	0.572593403248708
快	1583	0.000207499419643916	0.572800902668352
部署	1577	0.000206712940479126	0.573007615608831
任何	1575	0.000206450780757529	0.573214066389589
范围	1575	0.000206450780757529	0.573420517170346
方法	1574	0.00020631970089673	0.573626836871243
劳动	1572	0.000206057541175134	0.573832894412418
汽车	1571	0.000205926461314335	0.574038820873732
居民	1568	0.00020553322173194	0.574244354095464
管	1568	0.00020553322173194	0.574449887317196
协议	1567	0.000205402141871141	0.574655289459067
生	1567	0.000205402141871141	0.574860691600938
案件	1565	0.000205139982149545	0.575065831583088
广泛	1562	0.000204746742567149	0.575270578325655
支	1557	0.000204091343263157	0.575474669668918
决策	1553	0.000203567023819963	0.575678236692738
坚决	1550	0.000203173784237568	0.575881410476976
段	1549	0.00020304270437677	0.576084453181353
争取	1547	0.000202780544655173	0.576287233726008
放	1545	0.000202518384933576	0.576489752110941
需求	1540	0.000201862985629584	0.576691615096571
选择	1540	0.000201862985629584	0.576893478082201
引导	1538	0.000201600825907987	0.577095078908109
推广	1538	0.000201600825907987	0.577296679734017
正式	1537	0.000201469746047188	0.577498149480064
生命	1532	0.000200814346743196	0.577698963826807
头	1531	0.000200683266882398	0.577899647093689
没	1529	0.000200421107160801	0.57810006820085
住房	1527	0.000200158947439204	0.578300227148289
商品	1525	0.000199896787717607	0.578500123936007
转变	1524	0.000199765707856809	0.578699889643864
甚至	1510	0.000197930589805631	0.57889782023367
左右	1510	0.000197930589805631	0.579095750823475
改变	1510	0.000197930589805631	0.579293681413281
东	1509	0.000197799509944832	0.579491480923226
张	1502	0.000196881950919243	0.579688362874145
确定	1500	0.000196619791197647	0.579884982665343
改	1499	0.000196488711336848	0.580081471376679
思路	1499	0.000196488711336848	0.580277960088016
始终	1499	0.000196488711336848	0.580474448799353
应该	1497	0.000196226551615251	0.580670675350968
证	1495	0.000195964391893654	0.580866639742862
一切	1489	0.000195177912728864	0.581061817655591
集团	1489	0.000195177912728864	0.58125699556832
面对	1489	0.000195177912728864	0.581452173481048
治	1489	0.000195177912728864	0.581647351393777
块	1488	0.000195046832868065	0.581842398226645
请	1482	0.000194260353703275	0.582036658580349
较	1481	0.000194129273842476	0.582230787854191
委员	1481	0.000194129273842476	0.582424917128033
统计	1480	0.000193998193981678	0.582618915322015
作品	1479	0.000193867114120879	0.582812782436136
小组	1477	0.000193604954399283	0.583006387390535
鼓励	1474	0.000193211714816887	0.583199599105352
双	1471	0.000192818475234492	0.583392417580587
靠	1467	0.000192294155791298	0.583584711736378
俄罗斯	1465	0.000192031996069701	0.583776743732447
字	1463	0.000191769836348105	0.583968513568796
人均	1462	0.000191638756487306	0.584160152325283
法规	1462	0.000191638756487306	0.58435179108177
各类	1459	0.000191245516904911	0.584543036598675
自身	1456	0.000190852277322516	0.584733888875998
期	1455	0.000190721197461717	0.584924610073459
份	1455	0.000190721197461717	0.585115331270921
树立	1450	0.000190065798157725	0.585305397069079
深化	1450	0.000190065798157725	0.585495462867236
宣布	1449	0.000189934718296927	0.585685397585533
执法	1449	0.000189934718296927	0.58587533230383
香港	1448	0.000189803638436128	0.586065135942266
关心	1447	0.00018967255857533	0.586254808500842
能够	1445	0.000189410398853733	0.586444218899696
办理	1444	0.000189279318992934	0.586633498218688
谁	1442	0.000189017159271338	0.58682251537796
八	1439	0.000188623919688942	0.587011139297649
品种	1438	0.000188492839828144	0.587199632137477
资产	1437	0.000188361759967345	0.587387993897444
医疗	1437	0.000188361759967345	0.587576355657412
少	1436	0.000188230680106547	0.587764586337518
价值	1430	0.000187444200941756	0.58795203053846
艺术	1429	0.000187313121080958	0.588139343659541
黄	1428	0.00018718204122016	0.588326525700761
巴	1427	0.000187050961359361	0.588513576662121
吃	1424	0.000186657721776966	0.588700234383898
探索	1422	0.000186395562055369	0.588886629945953
更多	1418	0.000185871242612175	0.589072501188565
约	1412	0.000185084763447385	0.589257585952012
巨大	1408	0.000184560444004191	0.589442146396017
道路	1406	0.000184298284282594	0.589626444680299
就业	1404	0.000184036124560997	0.58981048080486
大家	1401	0.000183642884978602	0.589994123689839
道	1401	0.000183642884978602	0.590177766574817
超过	1400	0.000183511805117803	0.590361278379935
减少	1399	0.000183380725257005	0.590544659105192
面临	1393	0.000182594246092214	0.590727253351284
总结	1393	0.000182594246092214	0.590909847597377
海	1390	0.000182201006509819	0.591092048603886
体现	1389	0.000182069926649021	0.591274118530535
进程	1389	0.000182069926649021	0.591456188457185
心	1388	0.000181938846788222	0.591638127303973
小时	1387	0.000181807766927424	0.5918199350709
发	1387	0.000181807766927424	0.592001742837828
特点	1384	0.000181414527345029	0.592183157365173
遵义	1384	0.000181414527345029	0.592364571892518
一直	1382	0.000181152367623432	0.592545724260141
合同	1380	0.000180890207901835	0.592726614468043
机	1378	0.000180628048180238	0.592907242516223
冠军	1378	0.000180628048180238	0.593087870564403
卫生	1376	0.000180365888458641	0.593268236452862
难	1375	0.000180234808597843	0.59344847126146
话	1374	0.000180103728737044	0.593628574990197
近日	1373	0.000179972648876246	0.593808547639073
药	1370	0.000179579409293851	0.593988127048367
见	1369	0.000179448329433052	0.5941675753778
分析	1369	0.000179448329433052	0.594347023707233
应当	1368	0.000179317249572254	0.594526340956805
蔬菜	1368	0.000179317249572254	0.594705658206377
间	1361	0.000178399690546665	0.594884057896924
部队	1361	0.000178399690546665	0.595062457587471
采访	1359	0.000178137530825068	0.595240595118296
现场	1357	0.000177875371103471	0.595418470489399
平方米	1354	0.000177482131521076	0.59559595262092
加工	1353	0.000177351051660277	0.59577330367258
状况	1347	0.000176564572495487	0.595949868245076
来到	1346	0.000176433492634688	0.596126301737711
儿童	1345	0.00017630241277389	0.596302604150485
吸引	1344	0.000176171332913091	0.596478775483398
步伐	1343	0.000176040253052293	0.59665481573645
状	1342	0.000175909173191494	0.596830724909642
法轮功	1339	0.000175515933609099	0.597006240843251
通知	1338	0.000175384853748301	0.597181625696999
国有	1338	0.000175384853748301	0.597357010550747
奥运会	1337	0.000175253773887502	0.597532264324635
方针	1336	0.000175122694026704	0.597707387018662
电脑	1336	0.000175122694026704	0.597882509712688
银行	1335	0.000174991614165905	0.598057501326854
拉	1333	0.000174729454444309	0.598232230781299
今后	1333	0.000174729454444309	0.598406960235743
顺利	1332	0.00017459837458351	0.598581558610326
官兵	1328	0.000174074055140316	0.598755632665467
非常	1326	0.00017381189541872	0.598929444560885
需	1326	0.00017381189541872	0.599103256456304
功能	1322	0.000173287575975526	0.59927654403228
强化	1322	0.000173287575975526	0.599449831608255
斗争	1321	0.000173156496114727	0.59962298810437
最近	1320	0.000173025416253929	0.599796013520624
欢迎	1319	0.000172894336393131	0.599968907857017
党中央	1319	0.000172894336393131	0.60014180219341
对外	1318	0.000172763256532332	0.600314565449943
负	1318	0.000172763256532332	0.600487328706475
引起	1318	0.000172763256532332	0.600660091963007
品牌	1316	0.000172501096810735	0.600832593059818
整体	1316	0.000172501096810735	0.601005094156629
商	1314	0.000172238937089138	0.601177333093718
太	1313	0.00017210785722834	0.601349440950946
除	1313	0.00017210785722834	0.601521548808175
方案	1312	0.000171976777367541	0.601693525585542
完全	1312	0.000171976777367541	0.60186550236291
金牌	1310	0.000171714617645945	0.602037216980556
副书记	1309	0.000171583537785146	0.602208800518341
为主	1308	0.000171452457924348	0.602380252976265
假	1305	0.000171059218341953	0.602551312194607
表现	1305	0.000171059218341953	0.602722371412949
特别	1303	0.000170797058620356	0.60289316847157
区域	1303	0.000170797058620356	0.60306396553019
俄	1302	0.000170665978759557	0.60323463150895
集体	1300	0.00017040381903796	0.603405035327988
军	1299	0.000170272739177162	0.603575308067165
治疗	1299	0.000170272739177162	0.603745580806342
条例	1298	0.000170141659316363	0.603915722465658
以下	1298	0.000170141659316363	0.604085864124975
突破	1298	0.000170141659316363	0.604256005784291
主动	1296	0.000169879499594767	0.604425885283886
之后	1296	0.000169879499594767	0.604595764783481
登记	1293	0.000169486260012371	0.604765251043493
先	1292	0.000169355180151573	0.604934606223644
启动	1290	0.000169093020429976	0.605103699244074
关注	1289	0.000168961940569178	0.605272661184644
常委	1289	0.000168961940569178	0.605441623125213
解放	1288	0.000168830860708379	0.605610453985921
老人	1288	0.000168830860708379	0.60577928484663
虽然	1287	0.000168699780847581	0.605947984627477
告诉	1282	0.000168044381543589	0.606116029009021
面	1281	0.00016791330168279	0.606283942310703
迅速	1277	0.000167388982239596	0.606451331292943
正常	1276	0.000167257902378798	0.606618589195322
加入	1276	0.000167257902378798	0.606785847097701
电子	1275	0.000167126822518	0.606952973920219
妇女	1274	0.000166995742657201	0.607119969662876
桥	1272	0.000166733582935604	0.607286703245811
电力	1265	0.000165816023910015	0.607452519269721
多种	1265	0.000165816023910015	0.607618335293631
社区	1264	0.000165684944049217	0.607784020237681
美元	1263	0.000165553864188418	0.607949574101869
税	1261	0.000165291704466822	0.608114865806336
有利于	1258	0.000164898464884426	0.60827976427122
推出	1254	0.000164374145441233	0.608444138416661
到了	1253	0.000164243065580434	0.608608381482242
领导班子	1250	0.000163849825998039	0.60877223130824
楼	1250	0.000163849825998039	0.608936081134238
事件	1250	0.000163849825998039	0.609099930960236
日前	1249	0.00016371874613724	0.609263649706373
从而	1248	0.000163587666276442	0.60942723737265
多个	1247	0.000163456586415643	0.609590693959065
成员	1246	0.000163325506554845	0.60975401946562
资料	1246	0.000163325506554845	0.609917344972175
门	1245	0.000163194426694047	0.610080539398869
权	1244	0.000163063346833248	0.610243602745702
连	1244	0.000163063346833248	0.610406666092535
未来	1243	0.00016293226697245	0.610569598359508
针对	1242	0.000162801187111651	0.61073239954662
女	1242	0.000162801187111651	0.610895200733731
保险	1236	0.000162014707946861	0.611057215441678
贸易	1235	0.000161883628086062	0.611219099069764
几个	1234	0.000161752548225264	0.61138085161799
强烈	1234	0.000161752548225264	0.611542604166215
因素	1234	0.000161752548225264	0.61170435671444
手段	1233	0.000161621468364465	0.611865978182805
女子	1230	0.00016122822878207	0.612027206411587
作风	1226	0.000160703909338876	0.612187910320925
党政	1224	0.00016044174961728	0.612348352070543
伟大	1224	0.00016044174961728	0.61250879382016
拥有	1223	0.000160310669756481	0.612669104489917
符合	1222	0.000160179589895683	0.612829284079812
高校	1222	0.000160179589895683	0.612989463669708
节	1222	0.000160179589895683	0.613149643259604
恢复	1215	0.000159262030870094	0.613308905290474
河	1215	0.000159262030870094	0.613468167321344
平均	1215	0.000159262030870094	0.613627429352214
然而	1214	0.000159130951009295	0.613786560303223
时候	1211	0.0001587377114269	0.61394529801465
不足	1210	0.000158606631566102	0.614103904646216
领导人	1206	0.000158082312122908	0.614261986958339
时期	1206	0.000158082312122908	0.614420069270462
驻	1205	0.000157951232262109	0.614578020502724
石	1203	0.000157689072540513	0.614735709575265
沿	1203	0.000157689072540513	0.614893398647805
只要	1200	0.000157295832958117	0.615050694480763
多年	1199	0.000157164753097319	0.615207859233861
方向	1199	0.000157164753097319	0.615365023986958
近年来	1193	0.000156378273932528	0.615521402260891
多次	1192	0.00015624719407173	0.615677649454962
现实	1191	0.000156116114210931	0.615833765569173
打击	1189	0.000155853954489334	0.615989619523663
刘方仁	1179	0.00015454315588135	0.616144162679544
相关	1178	0.000154412076020552	0.616298574755564
著名	1178	0.000154412076020552	0.616452986831585
套	1178	0.000154412076020552	0.616607398907606
立即	1177	0.000154280996159753	0.616761679903765
红	1176	0.000154149916298955	0.616915829820064
副省长	1175	0.000154018836438156	0.617069848656502
生产力	1174	0.000153887756577358	0.61722373641308
连续	1174	0.000153887756577358	0.617377624169657
代	1173	0.00015375667671656	0.617531380846374
法制	1171	0.000153494516994963	0.617684875363369
开拓	1169	0.000153232357273366	0.617838107720642
非法	1168	0.000153101277412567	0.617991208998054
此次	1163	0.000152445878108575	0.618143654876163
口	1163	0.000152445878108575	0.618296100754272
东西	1161	0.000152183718386978	0.618448284472659
总体	1160	0.00015205263852618	0.618600337111185
判决	1160	0.00015205263852618	0.618752389749711
如今	1160	0.00015205263852618	0.618904442388237
越	1158	0.000151790478804583	0.619056232867042
总理	1154	0.000151266159361389	0.619207499026403
职能	1154	0.000151266159361389	0.619358765185764
或者	1153	0.000151135079500591	0.619509900265265
购买	1152	0.000151003999639793	0.619660904264905
效果	1152	0.000151003999639793	0.619811908264544
深刻	1150	0.000150741839918196	0.619962650104463
是否	1150	0.000150741839918196	0.620113391944381
矛盾	1149	0.000150610760057397	0.620264002704438
华	1147	0.0001503486003358	0.620414351304774
产业化	1147	0.0001503486003358	0.62056469990511
两国	1146	0.000150217520475002	0.620714917425585
反	1146	0.000150217520475002	0.62086513494606
声明	1146	0.000150217520475002	0.621015352466535
核心	1144	0.000149955360753405	0.621165307827288
人士	1144	0.000149955360753405	0.621315263188041
负担	1142	0.000149693201031808	0.621464956389073
真	1140	0.000149431041310211	0.621614387430383
分子	1140	0.000149431041310211	0.621763818471693
挑战	1136	0.000148906721867018	0.621912725193561
病	1132	0.000148382402423824	0.622061107595984
以色列	1130	0.000148120242702227	0.622209227838687
大型	1129	0.000147989162841429	0.622357217001528
有力	1129	0.000147989162841429	0.62250520616437
称	1128	0.00014785808298063	0.62265306424735
程度	1126	0.000147595923259033	0.622800660170609
模式	1125	0.000147464843398235	0.622948125014008
专门	1125	0.000147464843398235	0.623095589857406
绿色	1124	0.000147333763537436	0.623242923620943
配合	1124	0.000147333763537436	0.623390257384481
南	1123	0.000147202683676638	0.623537460068157
人事	1123	0.000147202683676638	0.623684662751834
收费	1121	0.000146940523955041	0.623831603275789
业	1120	0.000146809444094243	0.623978412719883
整个	1119	0.000146678364233444	0.624125091084117
款	1119	0.000146678364233444	0.62427176944835
患者	1115	0.000146154044790251	0.62441792349314
房屋	1114	0.000146022964929452	0.62456394645807
出口	1113	0.000145891885068654	0.624709838343139
卡	1113	0.000145891885068654	0.624855730228207
情	1113	0.000145891885068654	0.625001622113276
革命	1112	0.000145760805207855	0.625147382918484
辆	1111	0.000145629725347057	0.625293012643831
武警	1108	0.000145236485764662	0.625438249129595
已有	1107	0.000145105405903863	0.625583354535499
不到	1106	0.000144974326043065	0.625728328861542
下岗	1105	0.000144843246182266	0.625873172107725
迎接	1103	0.000144581086460669	0.626017753194185
林业	1100	0.000144187846878274	0.626161941041064
团	1100	0.000144187846878274	0.626306128887942
另	1098	0.000143925687156677	0.626450054575099
最终	1098	0.000143925687156677	0.626593980262255
药品	1097	0.000143794607295879	0.626737774869551
动	1097	0.000143794607295879	0.626881569476847
落后	1096	0.00014366352743508	0.627025233004282
加	1096	0.00014366352743508	0.627168896531717
身	1096	0.00014366352743508	0.627312560059152
逾期	1096	0.00014366352743508	0.627456223586587
从事	1096	0.00014366352743508	0.627599887114023
精神文明	1095	0.000143532447574282	0.627743419561597
受理	1094	0.000143401367713484	0.62788682092931
代表团	1094	0.000143401367713484	0.628030222297024
                                                                                                                                                                                                                                                                                                                                                                                                                                                                                                                                                                                                                                                                                                                                                                                                                                                                                                                                                                                                                                                                                                                                                                                                                                                                                                                                                                                                                                                                                                                                                                                                                                                                                                                                                                                                                                                                                                                                                                                                                                                                                                                                                                                                                                                                                                                                                                                                                                                                                                                                                                                                                                                                                                                                                                                                                                                                                                                                                                                                                                                                                                                                                                                                                                                                                                                                                                                                                                                                                                                                                                                                                                                                                                                                                                                                                                                                                                                                                                                                                                                                                                                                                                                                                                                                                                                                                                                                                                                                                                                                                                                                                                                                                                                                                                                                                                                                                                                                                                                                                                                                                                                                                                                                                                                                                                                                                                                                                                                                                                                                                                                                                                                                                                                                                                                                                                                                                                                                                                                                                                                                                                                                                                                                                                                                                                                                                                                                                                                                                                                                                                                                                                                                                                                                                                                                                                                                                                                                                                                                                                                                                                                                                                                                                                                                                                                                                                                                                                                                                                                                                                                                                                                                                                                                                                                                                                                                                                                                                                                                                                                                                                                                                                                                                                                                                                                                                                                                                                                                                                                                                                                                                                                                                                                                                                                                                                                                                                                                                                                                                                                                                                                                                                                                                                                                                                                                                                                                                                                                                                                                                                                                                                                                                                                                                                                                                                                                                                                                                                                                                                                                                                                                                                                                                                                                                                                                                                                                                                                                                                                                                                                                                                                                                                                                                                                                                                                                                                                                                                                                                                                                                                                                                                                                                                                                                                                                                                                                                                                                                                                                                                                                                                                                                                                                                                                                                                                                                                                                                                                                                                                                                                                                                                                                                                                                                                                                                                                                                                                                                                                                                                                                                                                                                                                                                                                                                                                                                   