的	451253	0.056459506385168	0.056459506385168
和	106473	0.0133216023457971	0.0697811087309651
在	97784	0.0122344591002548	0.0820155678312199
了	88341	0.0110529774950463	0.0930685453262662
是	60432	0.00756108189833303	0.100629627224599
为	43648	0.00546111501685266	0.106090742241452
个	39463	0.00493749958554932	0.111028241827001
发展	34988	0.004377600169759	0.11540584199676
中	33456	0.00418592063791749	0.119591762634678
要	33096	0.00414087845027849	0.123732641084956
对	32886	0.00411460384082241	0.127847244925779
工作	30914	0.00386787274631101	0.13171511767209
上	30345	0.00379668106640382	0.135511798738493
有	30249	0.00378466981636675	0.13929646855486
等	28945	0.00362151700336328	0.142917985558223
省	27322	0.00341845180742413	0.146336437365648
与	26765	0.00334876153377157	0.149685198899419
建设	26764	0.00334863641658368	0.153033835316003
到	23847	0.00298366957951992	0.156017504895523
这	23374	0.00292448914964979	0.158941994045173
以	23179	0.002900091298012	0.161842085343185
我	22244	0.00278310672733849	0.164625192070523
元	21879	0.00273743895376007	0.167362631024283
人	20980	0.00262495860185046	0.169987589626134
经济	20891	0.0026138231721286	0.172601412798262
将	20804	0.0026029379767825	0.175204350775045
新	19733	0.00246893746855649	0.177673288243601
地	19540	0.00244478985129447	0.180118078094896
也	18746	0.0023454468041129	0.182463524899009
他	18636	0.00233168391344543	0.184795208812454
不	17722	0.00221732680371753	0.187012535616172
多	17495	0.00218892520206739	0.189201460818239
企业	17115	0.00214138067067067	0.19134284148891
大	16802	0.00210221899086232	0.193445060479772
从	16124	0.00201738953747554	0.195462450017247
就	15673	0.00196096168573891	0.197423411702986
说	15491	0.00193819035754363	0.19936160206053
中国	15387	0.00192517817000348	0.201286780230533
进行	15318	0.00191654508403934	0.203203325314573
后	14580	0.00182420859937939	0.205027533913952
我们	14469	0.00181032059152404	0.206837854505476
社会	14303	0.00178955113833494	0.208627405643811
问题	14286	0.00178742414614088	0.210414829789952
并	14167	0.00177253520078243	0.212187364990735
把	14160	0.00177165938046723	0.213959024371202
年	14154	0.00177090867733991	0.215729933048542
还	13562	0.00169683930211134	0.217426772350653
国家	13184	0.00164954500509039	0.219076317355743
干部	13137	0.00164366449725975	0.220719981853003
图片	12977	0.00162364574719797	0.222343627600201
教育	12910	0.0016152628956096	0.223958890495811
党	12817	0.00160362699713619	0.225562517492947
着	12748	0.00159499391117205	0.227157511404119
已	12648	0.00158248219238344	0.228739993596502
群众	12624	0.00157947937987417	0.230319472976377
市场	12621	0.00157910402831052	0.231898577004687
重要	12544	0.00156947000484329	0.23346804700953
两	12531	0.00156784348140077	0.235035890490931
贵州	12502	0.00156421508295207	0.236600105573883
向	12276	0.00153593859848981	0.238136044172373
下	12235	0.00153080879378648	0.23966685296616
开发	12126	0.00151717102030689	0.241184023986466
都	12102	0.00151416820779763	0.242698192194264
好	12096	0.00151341750467031	0.244211609698934
管理	11937	0.00149352387179642	0.245705133570731
活动	11797	0.00147600746549237	0.247181141036223
而	11688	0.00146236969201278	0.248643510728236
名	11518	0.00144109977007214	0.250084610498308
领导	11378	0.00142358336376809	0.251508193862076
政府	11350	0.00142008008250728	0.252928273944583
加强	11311	0.00141520051217972	0.254343474456763
来	11089	0.00138742449646901	0.255730898953232
出	10726	0.00134200695726635	0.257072905910498
人民	10697	0.00133837855881765	0.258411284469316
该	10602	0.00132649242596847	0.259737776895285
提高	10587	0.00132461566815018	0.261062392563435
思想	10541	0.00131886027750742	0.262381252840942
代表	10230	0.00127994883207484	0.263661201673017
被	10110	0.00126493476952851	0.264926136442545
之	10095	0.00126305801171022	0.266189194454256
农民	10060	0.0012586789101342	0.26744787336439
使	10003	0.0012515472304247	0.268699420594815
组织	9984	0.00124917000385486	0.269948590598669
部门	9982	0.00124891976947909	0.271197510368149
会	9814	0.00122790008191422	0.272425410450063
本	9803	0.00122652379284748	0.27365193424291
学习	9670	0.00120988320685862	0.274861817449769
要求	9604	0.00120162547245814	0.276063442922227
及	9571	0.0011974966052579	0.277260939527485
工程	9495	0.00118798769897856	0.278448927226464
他们	9358	0.00117084664423816	0.279619773870702
于	9330	0.00116734336297735	0.280787117233679
时	9312	0.0011650912535954	0.281952208487274
技术	9200	0.00115107812855216	0.283103286615827
次	9090	0.00113731523788468	0.284240601853711
又	9062	0.00113381195662387	0.285374413810335
农村	8994	0.00112530398784762	0.286499717798183
全国	8993	0.00112517887065973	0.287624896668842
由	8980	0.00112355234721721	0.28874844901606
但	8854	0.00110778758154356	0.289856236597603
记者	8765	0.0010966521518217	0.290952888749425
项目	8739	0.00109339910493666	0.292046287854362
做	8697	0.00108814418304545	0.293134432037407
文化	8665	0.00108414043303309	0.29421857247044
生产	8662	0.00108376508146943	0.29530233755191
服务	8514	0.00106524773766229	0.296367585289572
据	8446	0.00105673976888603	0.297424325058458
村	8412	0.00105248578449791	0.298476810842956
会议	8373	0.00104760621417035	0.299524417057126
有关	8196	0.00102546047191451	0.300549877529041
通过	7927	0.000991803948373145	0.301541681477414
改革	7842	0.000981168987402826	0.302522850464817
实施	7806	0.000976664768638927	0.303499515233456
县	7759	0.00097078426080828	0.304470299494264
基础	7753	0.000970033557680963	0.305440333051945
投资	7695	0.000962776760783569	0.306403109812728
电	7653	0.000957521838892353	0.307360631651621
全省	7648	0.000956896252952922	0.308317527904574
用	7641	0.000956020432637719	0.309273548337211
家	7619	0.000953267854504225	0.310226816191715
科技	7578	0.000948138049800895	0.311174954241516
农业	7568	0.000946886877922034	0.312121841119438
各	7498	0.000938128674770006	0.313059969794208
实现	7420	0.00092836953411489	0.313988339328323
起	7415	0.00092774394817546	0.314916083276499
公司	7383	0.000923740198163105	0.315839823474662
本报讯	7222	0.000903596330913442	0.316743419805575
其	7186	0.000899092112149542	0.317642511917725
作	7127	0.000891710198064262	0.318534222115789
所	7124	0.000891334846500604	0.31942555696229
重点	7067	0.000884203166791096	0.320309760129081
开展	7064	0.000883827815227437	0.321193587944308
解决	7060	0.000883327346475893	0.322076915290784
积极	6986	0.000874068674572321	0.322950983965357
内	6972	0.000872317033941916	0.323823300999298
没有	6954	0.000870064924559966	0.324693365923858
情况	6816	0.000852798752631684	0.32554616467649
自己	6811	0.000852173166692253	0.326398337843182
贵阳	6805	0.000851422463564937	0.327249760306747
环境	6736	0.000842789377600795	0.328092549684348
同时	6731	0.000842163791661365	0.328934713476009
可	6703	0.000838660510400554	0.32977337398641
生活	6685	0.000836408401018604	0.330609782387429
市	6593	0.000824897619733082	0.331434680007162
美国	6586	0.00082402179941788	0.33225870180658
给	6526	0.000816514768144714	0.333075216574724
进一步	6525	0.000816389650956827	0.333891606225681
精神	6496	0.00081276125250813	0.334704367478189
坚持	6496	0.00081276125250813	0.335517128730697
建立	6486	0.000811510080629269	0.336328638811327
地区	6438	0.000805504455610736	0.337134143266937
制度	6420	0.000803252346228786	0.337937395613166
种	6365	0.000796370900895051	0.338733766514061
世界	6361	0.000795870432143506	0.339529636946205
单位	6165	0.00077134746331783	0.340300984409523
里	6162	0.000770972111754172	0.341071956521277
目前	6104	0.000763715314856778	0.341835671836134
产业	6097	0.000762839494541575	0.342598511330675
城市	6081	0.000760837619535397	0.34335934895021
西部	6071	0.000759586447656536	0.344118935397867
第一	6071	0.000759586447656536	0.344878521845524
小	6055	0.000757584572650359	0.345636106418174
国际	6026	0.000753956174201662	0.346390062592376
人员	6015	0.000752579885134914	0.347142642477511
成为	5946	0.000743946799170773	0.347886589276681
我国	5874	0.000734938361642974	0.348621527638324
方面	5867	0.000734062541327771	0.349355590179652
结构	5843	0.000731059728818505	0.350086649908471
位	5842	0.000730934611630619	0.350817584520101
作为	5812	0.000727181095994035	0.351544765616095
贵阳市	5788	0.000724178283484769	0.35226894389958
主要	5785	0.000723802931921111	0.352992746831501
必须	5752	0.000719674064720869	0.353712420896222
努力	5666	0.000708913986562664	0.354421334882784
提出	5664	0.000708663752186892	0.355129998634971
区	5659	0.000708038166247462	0.355838036801219
新华社	5592	0.000699655314659093	0.356537692115878
一些	5582	0.000698404142780232	0.357236096258658
调整	5558	0.000695401330270965	0.357931497588929
或	5534	0.000692398517761699	0.358623896106691
资金	5533	0.000692273400573812	0.359316169507265
能	5516	0.000690146408379749	0.360006315915644
你	5514	0.000689896174003976	0.360696212089648
政策	5464	0.000683640314609671	0.361379852404258
经营	5414	0.000677384455215366	0.362057236859473
资源	5400	0.000675632814584961	0.362732869674058
条	5372	0.00067212953332415	0.363404999207382
举行	5353	0.000669752306754314	0.364074751514137
产品	5351	0.000669502072378542	0.364744253586515
加快	5324	0.000666123908305617	0.365410377494821
同志	5324	0.000666123908305617	0.366076501403127
高	5313	0.00066474761923887	0.366741249022365
亩	5289	0.000661744806729603	0.367402993829095
旅游	5271	0.000659492697347653	0.368062486526443
历史	5176	0.000647606564498473	0.368710093090941
得	5167	0.000646480509807498	0.369356573600749
基本	5164	0.00064610515824384	0.370002678758992
增长	5160	0.000645604689492296	0.370648283448485
省委	5115	0.000639974416037421	0.371288257864522
参加	5109	0.000639223712910104	0.371927481577432
完成	5087	0.00063647113477661	0.372563952712209
促进	5084	0.000636095783212952	0.373200048495422
民族	5075	0.000634969728521977	0.373835018223944
今年	4997	0.000625210587866861	0.374460228811811
办	4989	0.000624209650363772	0.375084438462174
项	4982	0.000623333830048569	0.375707772292223
北京	4959	0.000620456134727189	0.37632822842695
户	4930	0.000616827736278492	0.376945056163229
全面	4927	0.000616452384714834	0.377561508547943
更	4923	0.000615951915963289	0.378177460463907
天	4917	0.000615201212835972	0.378792661676743
最	4911	0.000614450509708656	0.379407112186451
水平	4899	0.000612949103454023	0.380020061289905
研究	4898	0.000612823986266137	0.380632885276171
认真	4890	0.000611823048763048	0.381244708324935
取得	4882	0.000610822111259959	0.381855530436194
公路	4841	0.000605692306556629	0.382461222742751
不断	4834	0.000604816486241426	0.383066039228993
各级	4827	0.000603940665926223	0.383669979894919
结合	4797	0.00060018715028964	0.384270167045208
政治	4786	0.000598810861222893	0.384868977906431
可以	4779	0.00059793504090769	0.385466912947339
规定	4778	0.000597809923719804	0.386064722871059
增加	4773	0.000597184337780374	0.386661907208839
几	4757	0.000595182462774196	0.387257089671613
至	4754	0.000594807111210538	0.387851896782824
让	4748	0.000594056408083221	0.388445953190907
届	4741	0.000593180587768018	0.389039133778675
推进	4740	0.000593055470580132	0.389632189249255
条件	4729	0.000591679181513385	0.390223868430769
职工	4713	0.000589677306507207	0.390813545737276
前	4705	0.000588676369004118	0.39140222210628
质量	4698	0.000587800548688916	0.391990022654969
落实	4689	0.000586674493997941	0.392576697148967
以上	4678	0.000585298204931194	0.393161995353898
地方	4653	0.000582170275234041	0.393744165629132
支持	4644	0.000581044220543066	0.394325209849675
提供	4643	0.00058091910335518	0.39490612895303
比	4636	0.000580043283039977	0.39548617223607
就是	4633	0.000579667931476319	0.396065840167547
任务	4621	0.000578166525221686	0.396644006692768
比赛	4609	0.000576665118967053	0.397220671811735
达	4601	0.000575664181463964	0.397796335993199
关系	4592	0.000574538126772989	0.398370874119972
依法	4588	0.000574037658021444	0.398944911777994
中心	4574	0.000572286017391039	0.399517197795385
社会主义	4573	0.000572160900203153	0.400089358695588
学生	4555	0.000569908790821203	0.400659267486409
日	4554	0.000569783673633317	0.401229051160043
责任	4543	0.00056840738456657	0.401797458544609
继续	4501	0.000563152462675353	0.402360611007284
创新	4489	0.00056165105642072	0.402922262063705
作用	4466	0.00055877336109934	0.403481035424805
安全	4452	0.000557021720468934	0.404038057145273
去	4401	0.000550640743886743	0.40458869788916
监督	4395	0.000549890040759426	0.40513858792992
充分	4395	0.000549890040759426	0.405688477970679
开始	4388	0.000549014220444224	0.406237492191123
讲话	4378	0.000547763048565363	0.406785255239689
收入	4366	0.000546261642310729	0.407331516881999
过	4349	0.000544134650116666	0.407875651532116
这些	4341	0.000543133712613577	0.40841878524473
决定	4310	0.000539255079789107	0.408958040324519
宣传	4308	0.000539004845413335	0.409497045169932
形成	4303	0.000538379259473905	0.410035424429406
目标	4288	0.000536502501655613	0.410571926931062
余	4276	0.00053500109540098	0.411106928026463
实际	4266	0.000533749923522119	0.411640677949985
需要	4222	0.00052824476725513	0.41216892271724
公告	4203	0.000525867540685294	0.412694790257925
已经	4200	0.000525492189121636	0.413220282447047
江泽民	4189	0.000524115900054889	0.413744398347102
这个	4174	0.000522239142236597	0.414266637489338
报	4147	0.000518860978163673	0.414785498467502
认为	4127	0.00051635863440595	0.415301857101908
广大	4124	0.000515983282842292	0.41581784038475
乡	4123	0.000515858165654406	0.416333698550405
局	4117	0.000515107462527089	0.416848806012932
今天	4114	0.000514732110963431	0.417363538123895
发生	4106	0.000513731173460342	0.417877269297355
保护	4072	0.000509477189072215	0.418386746486428
号	4067	0.000508851603132784	0.41889559808956
以来	4064	0.000508476251569126	0.41940407434113
以及	4055	0.000507350196878151	0.419911424538008
人才	4045	0.00050609902499929	0.420417523563007
她	4040	0.000505473439059859	0.420922997002067
中央	4032	0.000504472501556771	0.421427469503624
由于	4017	0.000502595743738479	0.421930065247362
学校	4013	0.000502095274986935	0.422432160522349
贵州省	4009	0.00050159480623539	0.422933755328584
先进	4005	0.000501094337483846	0.423434849666068
外	3989	0.000499092462477668	0.423933942128546
措施	3982	0.000498216642162465	0.424432158770708
同	3980	0.000497966407786693	0.424930125178495
表示	3973	0.00049709058747149	0.425427215765967
合作	3956	0.000494963595277427	0.425922179361244
万	3948	0.000493962657774338	0.426416142019018
其中	3947	0.000493837540586452	0.426909979559605
具有	3946	0.000493712423398566	0.427403691983003
设施	3938	0.000492711485895477	0.427896403468899
图	3938	0.000492711485895477	0.428389114954794
水	3938	0.000492711485895477	0.42888182644069
自	3902	0.000488207267131577	0.429370033707821
发挥	3897	0.000487581681192147	0.429857615389014
近	3870	0.000484203517119222	0.430341818906133
应	3868	0.00048395328274345	0.430825772188876
按照	3868	0.00048395328274345	0.43130972547162
作风	3860	0.000482952345240361	0.43179267781686
能力	3852	0.000481951407737272	0.432274629224597
深入	3844	0.000480950470234183	0.432755579694832
米	3839	0.000480324884294753	0.433235904579126
时间	3839	0.000480324884294753	0.433716229463421
机构	3836	0.000479949532731094	0.434196178996152
镇	3831	0.000479323946791664	0.434675502942944
利用	3828	0.000478948595228005	0.435154451538172
法律	3789	0.000474069024900447	0.435628520563072
看	3768	0.000471441563954839	0.436099962127027
分	3762	0.000470690860827523	0.436570652987855
优势	3761	0.000470565743639636	0.437041218731494
科学	3760	0.00047044062645175	0.437511659357946
信息	3754	0.000469689923324434	0.43798134928127
统一	3751	0.000469314571760775	0.438450663853031
点	3739	0.000467813165506142	0.438918477018537
得到	3714	0.00046468523580899	0.439383162254346
实行	3710	0.000464184767057445	0.439847347021404
指导	3708	0.000463934532681673	0.440311281554085
院	3704	0.000463434063930129	0.440774715618016
共	3698	0.000462683360802812	0.441237398978818
重大	3693	0.000462057774863381	0.441699456753682
部分	3685	0.000461056837360293	0.442160513591042
稳定	3665	0.000458554493602571	0.442619068084645
投入	3652	0.000456927970160051	0.443075996054805
战略	3639	0.000455301446717532	0.443531297501522
采取	3636	0.000454926095153873	0.443986223596676
机关	3629	0.000454050274838671	0.444440273871515
根据	3626	0.000453674923275012	0.44489394879479
贯彻	3621	0.000453049337335582	0.445346998132125
切实	3611	0.000451798165456721	0.445798796297582
这样	3602	0.000450672110765746	0.446249468408348
影响	3579	0.000447794415444366	0.446697262823792
占	3576	0.000447419063880707	0.447144681887673
成	3547	0.00044379066543201	0.447588472553105
再	3517	0.000440037149795427	0.4480285097029
计划	3511	0.000439286446668111	0.448467796149568
事业	3480	0.000435407813843641	0.448903203963412
生态	3479	0.000435282696655755	0.449338486660068
很	3447	0.0004312789466434	0.449769765606711
扶贫	3443	0.000430778477891855	0.450200544084603
进入	3439	0.000430278009140311	0.450630822093743
规划	3419	0.000427775665382589	0.451058597759126
部	3400	0.000425398438812753	0.451483996197939
增强	3397	0.000425023087249095	0.451909019285188
方式	3390	0.000424147266933892	0.452333166552122
基地	3388	0.00042389703255812	0.45275706358468
第二	3386	0.000423646798182348	0.453180710382862
规范	3385	0.000423521680994461	0.453604232063857
加大	3378	0.000422645860679259	0.454026877924536
贫困	3367	0.000421269571612512	0.454448147496148
严重	3363	0.000420769102860967	0.454868916599009
场	3353	0.000419517930982106	0.455288434529992
不能	3350	0.000419142579418448	0.45570757710941
世纪	3349	0.000419017462230562	0.456126594571641
批	3347	0.00041876722785479	0.456545361799495
一定	3327	0.000416264884097067	0.456961626683592
交通	3317	0.000415013712218206	0.457376640395811
完善	3315	0.000414763477842434	0.457791403873653
走	3306	0.000413637423151459	0.458205041296804
经	3297	0.000412511368460484	0.458617552665265
如	3296	0.000412386251272598	0.459029938916538
关于	3289	0.000411510430957396	0.459441449347495
指出	3289	0.000411510430957396	0.459852959778452
人们	3279	0.000410259259078534	0.460263219037531
去年	3268	0.000408882970011787	0.460672102007543
改造	3255	0.000407256446569268	0.461079358454112
实践	3243	0.000405755040314635	0.461485113494427
理论	3242	0.000405629923126749	0.461890743417553
党委	3239	0.00040525457156309	0.462295997989116
抓	3236	0.000404879219999432	0.462700877209116
组	3235	0.000404754102811546	0.463105631311927
却	3231	0.000404253634060001	0.463509884945987
它	3204	0.000400875469987077	0.463910760415974
村民	3201	0.000400500118423418	0.464311260534398
因	3187	0.000398748477793013	0.464710009012191
召开	3184	0.000398373126229355	0.46510838213842
个人	3184	0.000398373126229355	0.46550675526465
大力	3179	0.000397747540289924	0.46590450280494
处	3178	0.000397622423102038	0.466302125228042
使用	3177	0.000397497305914152	0.466699622533956
了解	3173	0.000396996837162607	0.467096619371118
路	3173	0.000396996837162607	0.467493616208281
为了	3168	0.000396371251223177	0.467889987459504
素质	3167	0.000396246134035291	0.468286233593539
经过	3161	0.000395495430907974	0.468681729024447
利益	3161	0.000395495430907974	0.469077224455355
各种	3157	0.00039499496215643	0.469472219417512
共同	3149	0.000393994024653341	0.469866213442165
各项	3138	0.000392617735586594	0.470258831177752
打	3137	0.000392492618398708	0.47065132379615
扩大	3126	0.000391116329331961	0.471042440125482
达到	3107	0.000388739102762125	0.471431179228245
认识	3102	0.000388113516822694	0.471819292745067
级	3099	0.000387738165259036	0.472207030910326
厂	3094	0.000387112579319605	0.472594143489646
按	3093	0.000386987462131719	0.472981130951778
帮助	3088	0.000386361876192289	0.47336749282797
系统	3075	0.000384735352749769	0.47375222818072
正在	3073	0.000384485118373997	0.474136713299094
联系	3072	0.000384360001186111	0.47452107330028
良好	3070	0.000384109766810339	0.47490518306709
现在	3068	0.000383859532434567	0.475289042599525
行为	3068	0.000383859532434567	0.475672902131959
公里	3066	0.000383609298058794	0.476056511430018
起来	3065	0.000383484180870908	0.476439995610889
行政	3062	0.00038310882930725	0.476823104440196
获得	3054	0.000382107891804161	0.477205212332
房	3041	0.000380481368361642	0.477585693700362
书记	3036	0.000379855782422211	0.477965549482784
委	3024	0.000378354376167578	0.478343903858952
处理	3022	0.000378104141791806	0.478722008000744
力度	3015	0.000377228321476603	0.47909923632222
标准	3013	0.000376978087100831	0.479476214409321
检查	3004	0.000375852032409856	0.479852066441731
党员	2998	0.000375101329282539	0.480227167771014
法轮功	2996	0.000374851094906767	0.48060201886592
山	2939	0.000367719415197259	0.480969738281118
进	2939	0.000367719415197259	0.481337457696315
突出	2936	0.000367344063633601	0.481704801759948
专家	2926	0.00036609289175474	0.482070894651703
培训	2914	0.000364591485500107	0.482435486137203
竞争	2899	0.000362714727681815	0.482798200864885
岁	2888	0.000361338438615068	0.4831595393035
吨	2878	0.000360087266736207	0.483519626570236
人口	2874	0.000359586797984662	0.483879213368221
存在	2857	0.000357459805790599	0.484236673174012
行动	2851	0.000356709102663282	0.484593382276675
当	2847	0.000356208633911738	0.484949590910587
介绍	2845	0.000355958399535965	0.485305549310123
机制	2845	0.000355958399535965	0.485661507709659
希望	2834	0.000354582110469218	0.486016089820128
推动	2830	0.000354081641717674	0.486370171461845
仅	2824	0.000353330938590357	0.486723502400436
这种	2800	0.000350328126081091	0.487073830526517
成立	2795	0.00034970254014166	0.487423533066659
不仅	2776	0.000347325313571824	0.48777085838023
制定	2776	0.000347325313571824	0.488118183693802
分别	2772	0.00034682484482028	0.488465008538623
工业	2768	0.000346324376068735	0.488811332914691
保障	2759	0.00034519832137776	0.489156531236069
队	2754	0.00034457273543833	0.489501103971507
土地	2743	0.000343196446371583	0.489844300417879
体系	2739	0.000342695977620038	0.490186996395499
规模	2731	0.00034169504011695	0.490528691435616
发现	2730	0.000341569922929063	0.490870261358545
即	2728	0.000341319688553291	0.491211581047098
六	2727	0.000341194571365405	0.491552775618464
意见	2726	0.000341069454177519	0.491893845072641
则	2726	0.000341069454177519	0.492234914526819
出现	2721	0.000340443868238088	0.492575358395057
日本	2719	0.000340193633862316	0.492915552028919
其他	2717	0.000339943399486544	0.493255495428406
困难	2696	0.000337315938540936	0.493592811366947
成功	2689	0.000336440118225733	0.493929251485172
强调	2688	0.000336315001037847	0.49426556648621
面积	2688	0.000336315001037847	0.494601881487248
只	2681	0.000335439180722644	0.494937320667971
贷款	2677	0.0003349387119711	0.495272259379942
无	2665	0.000333437305716467	0.495605696685658
抓好	2663	0.000333187071340694	0.495938883756999
各地	2660	0.000332811719777036	0.496271695476776
财政	2659	0.00033268660258915	0.496604382079365
犯罪	2658	0.000332561485401264	0.496936943564766
车	2656	0.000332311251025492	0.497269254815792
送	2652	0.000331810782273947	0.497601065598066
许多	2641	0.0003304344932072	0.497931500091273
正	2640	0.000330309376019314	0.498261809467292
体制	2635	0.000329683790079884	0.498591493257372
确保	2633	0.000329433555704111	0.498920926813076
经验	2633	0.000329433555704111	0.49925036036878
国	2626	0.000328557735388909	0.499578918104169
执行	2623	0.00032818238382525	0.499907100487995
建成	2612	0.000326806094758503	0.500233906582753
件	2603	0.000325680040067528	0.500559586622821
特色	2596	0.000324804219752326	0.500884390842573
带	2589	0.000323928399437123	0.50120831924201
如果	2587	0.000323678165061351	0.501531997407071
改善	2583	0.000323177696309806	0.501855175103381
传统	2577	0.00032242699318249	0.502177602096564
总	2576	0.000322301875994603	0.502499903972558
农户	2575	0.000322176758806717	0.502822080731365
市场经济	2573	0.000321926524430945	0.503144007255796
集中	2572	0.000321801407243059	0.503465808663039
方	2570	0.000321551172867287	0.503787359835906
内容	2567	0.000321175821303629	0.50410853565721
强	2564	0.00032080046973997	0.50442933612695
当地	2559	0.00032017488380054	0.504749511010751
建	2558	0.000320049766612654	0.505069560777363
重视	2556	0.000319799532236881	0.5053893603096
队伍	2543	0.000318173008794362	0.505707533318394
非	2541	0.00031792277441859	0.506025456092813
随	2536	0.000317297188479159	0.506342753281292
知识	2535	0.000317172071291273	0.506659925352583
第三	2528	0.00031629625097607	0.506976221603559
报告	2527	0.000316171133788184	0.507292392737348
学	2524	0.000315795782224526	0.507608188519572
美	2517	0.000314919961909323	0.507923108481482
销售	2514	0.000314544610345665	0.508237653091827
造成	2505	0.00031341855565469	0.508551071647482
长	2500	0.00031279296971526	0.508863864617197
省政府	2499	0.000312667852527373	0.509176532469725
成绩	2489	0.000311416680648512	0.509487949150373
原则	2488	0.000311291563460626	0.509799240713834
维护	2487	0.00031116644627274	0.510110407160106
每	2481	0.000310415743145424	0.510420822903252
乡镇	2477	0.000309915274393879	0.510730738177646
健康	2474	0.000309539922830221	0.511040278100476
高度	2463	0.000308163633763474	0.511348441734239
案	2461	0.000307913399387702	0.511656355133627
现代化	2458	0.000307538047824043	0.511963893181451
保证	2455	0.000307162696260385	0.512271055877712
有效	2452	0.000306787344696727	0.512577843222408
十分	2438	0.000305035704066321	0.512882878926475
花	2433	0.000304410118126891	0.513187289044602
保持	2433	0.000304410118126891	0.513491699162728
讲	2430	0.000304034766563232	0.513795733929292
特别是	2425	0.000303409180623802	0.514099143109915
种植	2424	0.000303284063435916	0.514402427173351
价格	2422	0.000303033829060143	0.514705461002412
那	2416	0.000302283125932827	0.515007744128344
创造	2415	0.000302158008744941	0.515309902137089
才	2410	0.00030153242280551	0.515611434559895
只有	2403	0.000300656602490307	0.515912091162385
因此	2390	0.000299030079047788	0.516211121241433
形势	2387	0.00029865472748413	0.516509775968917
革命	2360	0.000295276563411205	0.516805052532328
数	2358	0.000295026329035433	0.517100078861364
站	2352	0.000294275625908116	0.517394354487272
城镇	2349	0.000293900274344458	0.517688254761616
根本	2347	0.000293650039968686	0.517981904801585
意识	2347	0.000293650039968686	0.518275554841554
办法	2342	0.000293024454029255	0.518568579295583
负责人	2341	0.000292899336841369	0.518861478632424
网	2330	0.000291523047774622	0.519153001680199
行	2325	0.000290897461835191	0.519443899142034
逐步	2317	0.000289896524332103	0.519733795666366
而且	2315	0.00028964628995633	0.520023441956323
基层	2315	0.00028964628995633	0.520313088246279
月	2306	0.000288520235265355	0.520601608481544
受	2302	0.000288019766513811	0.520889628248058
入	2300	0.000287769532138039	0.521177397780196
未	2295	0.000287143946198608	0.521464541726395
商	2292	0.00028676859463495	0.52175131032103
百	2287	0.000286143008695519	0.522037453329725
不同	2283	0.000285642539943975	0.522323095869669
行业	2275	0.000284641602440886	0.52260773747211
文明	2273	0.000284391368065114	0.522892128840175
公斤	2267	0.000283640664937797	0.523175769505113
因为	2267	0.000283640664937797	0.523459410170051
明确	2265	0.000283390430562025	0.523742800600613
公开	2264	0.000283265313374139	0.524026065913987
调查	2264	0.000283265313374139	0.524309331227361
参与	2259	0.000282639727434709	0.524591970954796
严格	2244	0.000280762969616417	0.524872733924412
事	2237	0.000279887149301214	0.525152621073714
国务院	2236	0.000279762032113328	0.525432383105827
形式	2236	0.000279762032113328	0.52571214513794
业务	2230	0.000279011328986012	0.525991156466926
负责	2229	0.000278886211798125	0.526270042678724
综合	2228	0.000278761094610239	0.526548803773335
成果	2226	0.000278510860234467	0.526827314633569
台	2221	0.000277885274295037	0.527105199907864
黔	2213	0.000276884336791948	0.527382084244656
专业	2209	0.000276383868040403	0.527658468112696
开	2202	0.000275508047725201	0.527933976160422
全部	2201	0.000275382930537315	0.528209359090959
全	2196	0.000274757344597884	0.528484116435557
阶段	2191	0.000274131758658453	0.528758248194215
国内	2187	0.000273631289906909	0.529031879484122
每年	2186	0.000273506172719023	0.529305385656841
包括	2185	0.000273381055531137	0.529578766712372
网络	2181	0.000272880586779592	0.529851647299152
如何	2175	0.000272129883652276	0.530123777182804
进步	2174	0.00027200476646439	0.530395781949269
线	2171	0.000271629414900731	0.530667411364169
过程	2168	0.000271254063337073	0.530938665427506
有的	2167	0.000271128946149187	0.531209794373656
培养	2166	0.000271003828961301	0.531480798202617
老	2159	0.000270128008646098	0.531750926211263
举办	2152	0.000269252188330895	0.532020178399594
长期	2151	0.000269127071143009	0.532289305470737
州	2150	0.000269001953955123	0.532558307424692
意义	2149	0.000268876836767237	0.532827184261459
机遇	2147	0.000268626602391465	0.533095810863851
这次	2143	0.000268126133639921	0.533363936997491
力量	2139	0.000267625664888376	0.533631562662379
均	2138	0.00026750054770049	0.53389906321008
优秀	2134	0.000267000078948946	0.534166063289028
变化	2133	0.000266874961761059	0.53443293825079
这里	2132	0.000266749844573173	0.534699688095363
秩序	2127	0.000266124258633743	0.534965812353996
铁路	2125	0.000265874024257971	0.535231686378254
编辑	2120	0.00026524843831854	0.535496934816573
想	2120	0.00026524843831854	0.535762183254891
选手	2113	0.000264372618003337	0.536026555872895
曾	2112	0.000264247500815451	0.53629080337371
正确	2110	0.000263997266439679	0.53655480064015
自然	2109	0.000263872149251793	0.536818672789402
什么	2108	0.000263747032063907	0.537082419821466
贵	2104	0.000263246563312362	0.537345666384778
受到	2100	0.000262746094560818	0.537608412479339
具体	2099	0.000262620977372932	0.537871033456712
青年	2096	0.000262245625809274	0.538133279082521
民主	2092	0.000261745157057729	0.538395024239579
直接	2089	0.000261369805494071	0.538656394045073
联合	2083	0.000260619102366754	0.538917013147439
反映	2083	0.000260619102366754	0.539177632249806
制	2082	0.000260493985178868	0.539438126234985
获	2078	0.000259993516427324	0.539698119751412
体育	2077	0.000259868399239438	0.539957988150652
家庭	2069	0.000258867461736349	0.540216855612388
找	2068	0.000258742344548463	0.540475597956937
此	2064	0.000258241875796918	0.540733839832734
道德	2062	0.000257991641421146	0.540991831474155
钱	2059	0.000257616289857488	0.541249447764012
先后	2056	0.000257240938293829	0.541506688702306
结束	2055	0.000257115821105943	0.541763804523412
治理	2053	0.000256865586730171	0.542020670110142
过去	2042	0.000255489297663424	0.542276159407806
明显	2040	0.000255239063287652	0.542531398471093
观念	2038	0.00025498882891188	0.542786387300005
整顿	2037	0.000254863711723993	0.543041251011729
书	2034	0.000254488360160335	0.543295739371889
新闻	2032	0.000254238125784563	0.543549977497674
现	2028	0.000253737657033019	0.543803715154707
接受	2026	0.000253487422657246	0.544057202577364
还有	2026	0.000253487422657246	0.544310690000022
来自	2024	0.000253237188281474	0.544563927188303
送达	2020	0.00025273671952993	0.544816663907833
劳动	2019	0.000252611602342044	0.545069275510175
中国共产党	2019	0.000252611602342044	0.545321887112517
看到	2014	0.000251986016402613	0.54557387312892
当前	2010	0.000251485547651069	0.545825358676571
社区	2008	0.000251235313275296	0.546076593989846
效益	2007	0.00025111019608741	0.546327704185934
还是	2000	0.000250234375772208	0.546577938561706
安排	1996	0.000249733907020663	0.546827672468726
药品	1993	0.000249358555457005	0.547077031024183
电话	1991	0.000249108321081233	0.547326139345265
改革开放	1990	0.000248983203893347	0.547575122549158
真正	1989	0.00024885808670546	0.547823980635864
设计	1987	0.000248607852329688	0.548072588488193
搞好	1983	0.000248107383578144	0.548320695871771
城	1983	0.000248107383578144	0.54856880325535
转	1980	0.000247732032014486	0.548816535287364
版	1978	0.000247481797638713	0.549064017085003
委员	1977	0.000247356680450827	0.549311373765454
证	1969	0.000246355742947738	0.549557729508401
都是	1968	0.000246230625759852	0.549803960134161
转变	1966	0.00024598039138408	0.550049940525545
大会	1960	0.000245229688256764	0.550295170213802
准备	1959	0.000245104571068877	0.550540274784871
西	1954	0.000244478985129447	0.55078475377
反	1952	0.000244228750753675	0.551028982520754
考察	1952	0.000244228750753675	0.551273211271508
事件	1949	0.000243853399190016	0.551517064670698
上海	1948	0.00024372828200213	0.5517607929527
成员	1946	0.000243478047626358	0.552004271000326
对于	1946	0.000243478047626358	0.552247749047953
领域	1944	0.000243227813250586	0.552490976861203
打击	1941	0.000242852461686928	0.55273382932289
建筑	1934	0.000241976641371725	0.552975805964262
便	1924	0.000240725469492864	0.553216531433755
斗争	1924	0.000240725469492864	0.553457256903248
之一	1917	0.000239849649177661	0.553697106552425
执法	1914	0.000239474297614003	0.553936580850039
带来	1906	0.000238473360110914	0.55417505421015
重	1905	0.000238348242923028	0.554413402453073
假	1902	0.000237972891359369	0.554651375344433
才能	1902	0.000237972891359369	0.554889348235792
片	1901	0.000237847774171483	0.555127196009964
最大	1897	0.000237347305419939	0.555364543315383
团结	1897	0.000237347305419939	0.555601890620803
和平	1893	0.000236846836668395	0.555838737457472
委员会	1891	0.000236596602292622	0.556075334059764
主席	1890	0.000236471485104736	0.556311805544869
居民	1889	0.00023634636791685	0.556548151912786
协调	1889	0.00023634636791685	0.556784498280703
节	1888	0.000236221250728964	0.557020719531432
汽车	1887	0.000236096133541078	0.557256815664973
贡献	1886	0.000235971016353192	0.557492786681326
所有	1885	0.000235845899165306	0.557728632580491
建议	1884	0.00023572078197742	0.557964353362469
施工	1883	0.000235595664789533	0.558199949027258
消费者	1881	0.000235345430413761	0.558435294457672
全县	1880	0.000235220313225875	0.558670514770898
原因	1880	0.000235220313225875	0.558905735084124
教师	1874	0.000234469610098559	0.559140204694222
始终	1873	0.000234344492910672	0.559374549187133
引导	1871	0.0002340942585349	0.559608643445668
出席	1868	0.000233718906971242	0.559842362352639
产生	1865	0.000233343555407584	0.560075705908047
现代	1862	0.000232968203843925	0.56030867411189
最后	1860	0.000232717969468153	0.560541392081359
厅	1855	0.000232092383528723	0.560773484464887
不是	1855	0.000232092383528723	0.561005576848416
示范	1854	0.000231967266340836	0.561237544114757
正式	1853	0.00023184214915295	0.56146938626391
结果	1848	0.00023121656321352	0.561700602827123
报道	1846	0.000230966328837748	0.561931569155961
相	1845	0.000230841211649862	0.562162410367611
之间	1844	0.000230716094461975	0.562393126462073
体现	1844	0.000230716094461975	0.562623842556535
低	1843	0.000230590977274089	0.562854433533809
开放	1842	0.000230465860086203	0.563084899393895
台湾	1839	0.000230090508522545	0.563314989902418
批准	1832	0.000229214688207342	0.563544204590625
支	1828	0.000228714219455798	0.563772918810081
及时	1828	0.000228714219455798	0.564001633029537
时代	1826	0.000228463985080026	0.564230097014617
住	1825	0.000228338867892139	0.564458435882509
教	1823	0.000228088633516367	0.564686524516025
合同	1815	0.000227087696013278	0.564913612212039
期间	1814	0.000226962578825392	0.565140574790864
现象	1812	0.00022671234444962	0.565367287135314
林	1811	0.000226587227261734	0.565593874362575
可能	1810	0.000226462110073848	0.565820336472649
丰富	1806	0.000225961641322304	0.566046298113971
范围	1804	0.000225711406946531	0.566272009520918
合理	1794	0.00022446023506767	0.566496469755986
持续	1793	0.000224335117879784	0.566720804873865
搞	1784	0.000223209063188809	0.566944013937054
不少	1783	0.000223083946000923	0.567167097883055
买	1782	0.000222958828813037	0.567390056711868
但是	1780	0.000222708594437265	0.567612765306306
大家	1776	0.00022220812568572	0.567834973431991
一起	1766	0.000220956953806859	0.568055930385798
红	1765	0.000220831836618973	0.568276762222417
交流	1763	0.000220581602243201	0.56849734382466
集体	1756	0.000219705781927998	0.568717049606588
比较	1755	0.000219580664740112	0.568936630271329
军	1748	0.000218704844424909	0.569155335115753
解放	1748	0.000218704844424909	0.569374039960178
组成	1746	0.000218454610049137	0.569592494570227
金融	1745	0.000218329492861251	0.569810824063089
仍	1745	0.000218329492861251	0.57002915355595
推广	1742	0.000217954141297593	0.570247107697248
教学	1741	0.000217829024109707	0.570464936721357
八	1728	0.000216202500667187	0.570681139222024
接	1728	0.000216202500667187	0.570897341722692
东	1727	0.000216077383479301	0.571113419106171
冠军	1724	0.000215702031915643	0.571329121138087
关键	1721	0.000215326680351985	0.571544447818439
儿童	1719	0.000215076445976212	0.571759524264415
手	1717	0.00021482621160044	0.571974350476015
就业	1716	0.000214701094412554	0.572189051570428
形象	1714	0.000214450860036782	0.572403502430465
邪教	1714	0.000214450860036782	0.572617953290501
原	1712	0.00021420062566101	0.572832153916162
案件	1711	0.000214075508473124	0.573046229424635
一切	1711	0.000214075508473124	0.573260304933109
双方	1709	0.000213825274097351	0.573474130207206
粮食	1708	0.000213700156909465	0.573687830364115
改进	1706	0.000213449922533693	0.573901280286649
广泛	1699	0.00021257410221849	0.574113854388868
办理	1698	0.000212448985030604	0.574326303373898
遵义	1696	0.000212198750654832	0.574538502124553
引进	1695	0.000212073633466946	0.57475057575802
楼	1691	0.000211573164715402	0.574962148922735
生产力	1684	0.000210697344400199	0.575172846267136
方法	1683	0.000210572227212313	0.575383418494348
段	1678	0.000209946641272882	0.575593365135621
管	1674	0.000209446172521338	0.575802811308142
左右	1674	0.000209446172521338	0.576012257480663
平方米	1672	0.000209195938145566	0.576221453418809
控制	1671	0.00020907082095768	0.576430524239767
道路	1670	0.000208945703769793	0.576639469943537
既	1668	0.000208695469394021	0.576848165412931
消费	1660	0.000207694531890932	0.577055859944822
大量	1659	0.000207569414703046	0.577263429359525
商品	1659	0.000207569414703046	0.577470998774228
围绕	1658	0.00020744429751516	0.577678443071743
银行	1658	0.00020744429751516	0.577885887369258
部署	1656	0.000207194063139388	0.578093081432397
近日	1656	0.000207194063139388	0.578300275495537
部队	1655	0.000207068945951502	0.578507344441488
校	1654	0.000206943828763616	0.578714288270252
卫生	1652	0.000206693594387844	0.57892098186464
发表	1648	0.000206193125636299	0.579127174990276
加入	1647	0.000206068008448413	0.579333242998724
阿富汗	1642	0.000205442422508982	0.579538685421233
带动	1633	0.000204316367818008	0.579743001789051
孩子	1628	0.000203690781878577	0.57994669257093
交	1627	0.000203565664690691	0.580150258235621
草	1626	0.000203440547502805	0.580353698783123
改	1624	0.000203190313127033	0.58055688909625
能够	1616	0.000202189375623944	0.580759078471874
更加	1615	0.000202064258436058	0.580961142730311
期	1613	0.000201814024060285	0.581162956754371
政协	1612	0.000201688906872399	0.581364645661243
一直	1611	0.000201563789684513	0.581566209450928
头	1610	0.000201438672496627	0.581767648123424
法规	1608	0.000201188438120855	0.581968836561545
设备	1605	0.000200813086557197	0.582169649648102
适应	1605	0.000200813086557197	0.58237046273466
像	1604	0.000200687969369311	0.582571150704029
总结	1600	0.000200187500617766	0.582771338204647
税收	1598	0.000199937266241994	0.582971275470889
应该	1597	0.000199812149054108	0.583171087619943
鼓励	1597	0.000199812149054108	0.583370899768997
任何	1597	0.000199812149054108	0.583570711918051
改变	1596	0.000199687031866222	0.583770398949917
伟大	1595	0.000199561914678336	0.583969960864596
座	1594	0.000199436797490449	0.584169397662086
法制	1589	0.000198811211551019	0.584368208873637
减少	1586	0.000198435859987361	0.584566644733624
资产	1585	0.000198310742799475	0.584764955476424
首先	1585	0.000198310742799475	0.584963266219223
给予	1585	0.000198310742799475	0.585161576962023
事故	1582	0.000197935391235816	0.585359512353259
增收	1582	0.000197935391235816	0.585557447744494
吃	1582	0.000197935391235816	0.58575538313573
盘	1578	0.000197434922484272	0.585952818058215
选择	1577	0.000197309805296386	0.586150127863511
甚至	1571	0.000196559102169069	0.58634668696568
主任	1569	0.000196308867793297	0.586542995833473
运	1568	0.000196183750605411	0.586739179584079
发	1568	0.000196183750605411	0.586935363334684
生命	1566	0.000195933516229639	0.587131296850914
税	1565	0.000195808399041752	0.587327105249955
生	1562	0.000195433047478094	0.587522538297434
国有企业	1562	0.000195433047478094	0.587717971344912
香港	1560	0.000195182813102322	0.587913154158014
来到	1556	0.000194682344350778	0.588107836502365
价值	1553	0.000194306992787119	0.588302143495152
符合	1552	0.000194181875599233	0.588496325370751
集团	1552	0.000194181875599233	0.58869050724635
声明	1551	0.000194056758411347	0.588884564004762
心	1545	0.00019330605528403	0.589077870060046
坚决	1544	0.000193180938096144	0.589271050998142
马克思主义	1538	0.000192430234968828	0.589463481233111
房屋	1537	0.000192305117780942	0.589655786350892
总统	1535	0.000192054883405169	0.589847841234297
海	1534	0.000191929766217283	0.590039771000514
优质	1532	0.000191679531841511	0.590231450532355
品种	1527	0.000191053945902081	0.590422504478258
抓住	1526	0.000190928828714194	0.590613433306972
快	1526	0.000190928828714194	0.590804362135686
艺术	1525	0.000190803711526308	0.590995165847212
分析	1522	0.00019042835996265	0.591185594207175
人类	1518	0.000189927891211106	0.591375522098386
深刻	1518	0.000189927891211106	0.591565449989597
放	1517	0.00018980277402322	0.59175525276362
自身	1515	0.000189552539647447	0.591944805303268
写	1515	0.000189552539647447	0.592134357842915
住房	1514	0.000189427422459561	0.592323785265375
方向	1513	0.000189302305271675	0.592513087570647
权	1512	0.000189177188083789	0.59270226475873
小组	1511	0.000189052070895903	0.592891316829626
筑	1509	0.000188801836520131	0.593080118666146
请	1508	0.000188676719332245	0.593268795385479
代	1506	0.000188426484956472	0.593457221870435
靠	1503	0.000188051133392814	0.593645273003828
核心	1497	0.000187300430265497	0.593832573434093
没	1496	0.000187175313077611	0.594019748747171
难	1493	0.000186799961513953	0.594206548708685
金	1491	0.000186549727138181	0.594393098435823
字	1487	0.000186049258386636	0.59457914769421
确定	1484	0.000185673906822978	0.594764821601033
周年	1482	0.000185423672447206	0.59495024527348
人士	1482	0.000185423672447206	0.595135668945927
面对	1482	0.000185423672447206	0.595321092618374
医疗	1481	0.00018529855525932	0.595506391173634
通知	1480	0.000185173438071434	0.595691564611705
非常	1480	0.000185173438071434	0.595876738049777
应当	1479	0.000185048320883548	0.59606178637066
较	1478	0.000184923203695661	0.596246709574356
蔬菜	1477	0.000184798086507775	0.596431507660864
需求	1474	0.000184422734944117	0.596615930395808
现场	1470	0.000183922266192573	0.596799852662
团	1470	0.000183922266192573	0.596983774928193
相关	1460	0.000182671094313712	0.597166446022506
太	1460	0.000182671094313712	0.59734911711682
强化	1457	0.000182295742750053	0.59753141285957
违法	1456	0.000182170625562167	0.597713583485132
巨大	1452	0.000181670156810623	0.597895253641943
黄	1448	0.000181169688059078	0.598076423330002
采访	1446	0.000180919453683306	0.598257342783685
针对	1446	0.000180919453683306	0.598438262237369
酒	1446	0.000180919453683306	0.598619181691052
巴	1444	0.000180669219307534	0.598799850910359
关心	1443	0.000180544102119648	0.598980395012479
以下	1443	0.000180544102119648	0.599160939114599
人均	1442	0.000180418984931762	0.59934135809953
房地产	1441	0.000180293867743876	0.599521651967274
除	1440	0.00018016875055599	0.59970182071783
状况	1439	0.000180043633368103	0.599881864351198
反对	1435	0.000179543164616559	0.600061407515815
军事	1433	0.000179292930240787	0.600240700446056
整体	1433	0.000179292930240787	0.600419993376296
地位	1429	0.000178792461489242	0.600598785837786
为主	1429	0.000178792461489242	0.600777578299275
决策	1427	0.00017854222711347	0.600956120526388
常委	1427	0.00017854222711347	0.601134662753502
间	1426	0.000178417109925584	0.601313079863427
虽然	1423	0.000178041758361926	0.601491121621789
科研	1418	0.000177416172422495	0.601668537794212
份	1416	0.000177165938046723	0.601845703732258
治安	1414	0.000176915703670951	0.602022619435929
加工	1408	0.000176165000543634	0.602198784436473
各类	1407	0.000176039883355748	0.602374824319829
见	1406	0.000175914766167862	0.602550739085997
民	1405	0.000175789648979976	0.602726528734977
时期	1404	0.00017566453179209	0.602902193266769
告诉	1402	0.000175414297416318	0.603077607564185
深化	1402	0.000175414297416318	0.603253021861601
顺利	1401	0.000175289180228431	0.60342831104183
方案	1398	0.000174913828664773	0.603603224870495
少	1397	0.000174788711476887	0.603778013581971
块	1397	0.000174788711476887	0.603952802293448
环保	1395	0.000174538477101115	0.60412734077055
谁	1394	0.000174413359913229	0.604301754130463
                                                                                                                                                                                                                                                                                                                                                                                                                                                                                                                                                                                                                                                                                                                                                                                                                                                                                                                                                                                                                                                                                                                                                                                                                                                                                                                                                                                                                                                                                                                                                                                                                                                                                                                                                                                                                                                                                                                                                                                                                                                                                                                                                                                                                                                                                                                                                                                                                                                                                                                                                                                                                                                                                                                                                                                                                                                                                                                                                                                                                                                                                                                                                                                                                                                                                                                                                                                                                                                                                                                                                                                                                                                                                                                                                                                                                                                                                                                                                                                                                                                           