的	440117	0.0568755797505428	0.0568755797505428
和	99079	0.0128038125455368	0.0696793922960797
在	95564	0.0123495750068297	0.0820289673029094
了	89097	0.0115138554725996	0.093542822775509
是	60373	0.00780190125870967	0.101344724034219
为	41966	0.00542319560437629	0.106767919638595
个	39166	0.0050613563132298	0.111829275951825
发展	33591	0.00434090843889349	0.116170184390718
中	31897	0.00412199566774986	0.120292180058468
对	30771	0.00397648458138166	0.12426866463985
工作	30518	0.00394378981686021	0.12821245445671
上	30358	0.00392311328593756	0.132135567742648
有	29975	0.00387361884004145	0.136009186582689
要	29141	0.0037658424226071	0.139775029005296
等	28528	0.00368662546350967	0.143461654468806
省	27855	0.00359965480531625	0.147061309274122
建设	25586	0.00330643575116932	0.150367745025291
与	25280	0.00326689188577974	0.153634636911071
到	24062	0.00310949179413102	0.156744128705202
我	23455	0.00303105020494319	0.159775178910145
这	23448	0.00303014560671532	0.162805324516861
元	22872	0.00295571009539376	0.165761034612254
人	22503	0.00290802484595338	0.168669059458208
以	21434	0.00276987977372638	0.171438939231934
大	20293	0.00262243026258419	0.174061369494518
将	19896	0.00257112662023235	0.176632496114751
地	19627	0.00253636420261863	0.179168860317369
他	19317	0.00249630342395598	0.181665163741325
也	18996	0.0024548211337924	0.184119984875118
经济	18519	0.00239317922597923	0.186513164101097
新	18478	0.0023878808649303	0.188901044966027
多	18408	0.00237883488265164	0.191279879848679
不	17307	0.00223655450424011	0.193516434352919
说	16479	0.00212955345671536	0.195645987809634
从	16227	0.00209698792051218	0.197742975730147
企业	16056	0.00207488987808859	0.199817865608235
就	15718	0.00203121070651448	0.20184907631475
还	14947	0.00193157567313093	0.203780651987881
年	14785	0.00191064068557174	0.205691292673452
着	14418	0.00186321389276789	0.20755450656622
进行	14045	0.00181501173005445	0.209369518296275
图片	13987	0.00180751648759499	0.21117703478387
我们	13986	0.00180738725927672	0.212984422043146
并	13656	0.00176474191424874	0.214749163957395
后	13579	0.00175479133374221	0.216503955291137
把	13559	0.00175220676737688	0.218256162058514
社会	13476	0.00174148081696075	0.219997642875475
中国	13277	0.0017157643816257	0.221713407257101
党	12898	0.00166678684900265	0.223380194106103
两	12378	0.00159958812350402	0.224979782229607
都	12291	0.00158834525981483	0.226568127489422
已	12274	0.00158614837840429	0.228154275867826
名	12171	0.00157283786162283	0.229727113729449
干部	12040	0.00155590895192991	0.231283022681379
下	12032	0.00155487512538378	0.232837897806763
好	11863	0.00153303553959672	0.23437093334636
问题	11750	0.00151843273963259	0.235889366085992
国家	11735	0.00151649431485859	0.237405860400851
来	11674	0.00150861138744433	0.238914471788295
而	11637	0.00150382993966847	0.240418301727964
市场	11543	0.00149168247775141	0.241909984205715
该	11519	0.00148858099811301	0.243398565203828
贵州	11486	0.00148431646361021	0.244882881667438
群众	11392	0.00147216900169315	0.246355050669131
管理	11359	0.00146790446719035	0.247822955136322
重要	11326	0.00146363993268755	0.249286595069009
向	10947	0.00141466240006451	0.250701257469074
政府	10676	0.00137964152581426	0.252080898994888
出	10497	0.00135650965684454	0.253437408651733
被	10477	0.00135392509047921	0.254791333742212
代表	10447	0.00135004824093121	0.256141381983143
时	10430	0.00134785135952068	0.257489233342664
领导	10358	0.00133854692060548	0.258827780263269
做	10042	0.00129771077203323	0.260125491035302
记者	10010	0.0012935754658487	0.261419066501151
他们	9981	0.00128982784461897	0.26270889434577
活动	9980	0.00128969861630071	0.263998592962071
部门	9970	0.00128840633311804	0.265286999295189
思想	9928	0.00128297874375084	0.26656997803894
次	9755	0.00126062224469072	0.26783060028363
教育	9708	0.00125454851373219	0.269085148797362
人民	9572	0.00123697346244793	0.27032212225981
组织	9478	0.00122482600053087	0.271546948260341
据	9455	0.00122185374921074	0.272768802009552
农民	9373	0.00121125702711288	0.273980059036665
会	9184	0.00118683287496049	0.275166891911625
使	9118	0.00117830380595489	0.27634519571758
加强	9110	0.00117726997940876	0.277522465696989
但	9100	0.00117597769622609	0.278698443393215
提高	9082	0.00117365158649729	0.279872094979712
家	9050	0.00116951628031276	0.281041611260025
文化	8952	0.00115685190512264	0.282198463165148
工程	8944	0.0011558180785765	0.283354281243724
要求	8900	0.00115013203257277	0.284504413276297
开发	8894	0.00114935666266317	0.28565376993896
又	8893	0.00114922743434491	0.286802997373305
全国	8889	0.00114871052107184	0.287951707894377
之	8831	0.00114121527861238	0.289092923172989
由	8688	0.00112273562910025	0.29021565880209
生产	8522	0.001101283728268	0.291316942530358
服务	8396	0.0010850009601664	0.292401943490524
项目	8379	0.00108280407875587	0.29348474756928
村	8288	0.00107104430179361	0.294555791871074
及	8191	0.00105850915492175	0.295614301025995
于	8184	0.00105760455669388	0.296671905582689
农村	8018	0.00103615265586163	0.297708058238551
有关	7981	0.00103137120808576	0.298739429446637
通过	7843	0.00101353770016497	0.299752967146802
县	7760	0.00100281174974884	0.30075577889655
电	7758	0.00100255329311231	0.301758332189663
学习	7726	0.00099841798692778	0.302756750176591
会议	7589	0.000980713707325255	0.303737463883916
用	7580	0.000979550652460856	0.304717014536377
实现	7557	0.000976578401140724	0.305693592937517
全省	7544	0.000974898433003258	0.306668491370521
技术	7508	0.000970246213545661	0.307638737584066
改革	7442	0.000961717144540065	0.308600454728606
本报讯	7426	0.000959649491447799	0.309560104220054
精神	7364	0.00095163733571527	0.310511741555769
各	7251	0.000937034535751143	0.311448776091521
实施	7247	0.000936517622478077	0.312385293713999
生活	7239	0.000935483795931944	0.313320777509931
自己	7201	0.000930573119837813	0.314251350629769
所	7144	0.000923207105696617	0.315174557735465
投资	7128	0.000921139452604351	0.316095697188069
没有	7089	0.000916099548191954	0.317011796736261
其	7050	0.000911059643779556	0.317922856380041
公司	6940	0.00089684452877023	0.318819700908811
人员	6869	0.000887669318173301	0.319707370226984
里	6863	0.000886893948263701	0.320594264175248
本	6753	0.000872678833254375	0.321466943008503
给	6673	0.000862340567793046	0.322329283576296
内	6554	0.000846962397919321	0.323176245974215
开展	6525	0.000843214776689589	0.324019460750904
情况	6468	0.000835848762548393	0.324855309513453
同时	6442	0.000832488826273461	0.325687798339726
环境	6417	0.000829258118316796	0.326517056458043
目前	6403	0.000827448921861064	0.327344505379904
科技	6342	0.000819565994446801	0.328164071374351
作	6328	0.000817756797991068	0.328981828172342
可	6326	0.000817498341354535	0.329799326513697
位	6256	0.000808452359075873	0.330607778872772
国际	6252	0.000807935445802806	0.331415714318575
解决	6244	0.000806901619256674	0.332222615937832
种	6226	0.000804575509527875	0.33302719144736
基础	6210	0.000802507856435609	0.333829699303795
坚持	6185	0.000799277148478944	0.334628976452274
市	6182	0.000798889463524144	0.335427865915799
农业	6080	0.000785708175060951	0.33621357409086
积极	6047	0.000781443640558153	0.336995017731418
重点	6028	0.000778988302511087	0.337774006033929
起	6025	0.000778600617556287	0.338552606651485
成为	5958	0.000769942320232425	0.339322548971717
我国	5952	0.000769166950322825	0.34009171592204
资金	5952	0.000769166950322825	0.340860882872363
贵阳	5926	0.000765807014047894	0.341626689886411
制度	5864	0.000757794858315364	0.342384484744726
单位	5864	0.000757794858315364	0.343142279603042
条	5862	0.000757536401678831	0.34389981600472
全面	5848	0.000755727205223098	0.344655543209944
能	5793	0.000748619647718435	0.345404162857662
进一步	5779	0.000746810451262703	0.346150973308925
产业	5761	0.000744484341533904	0.346895457650459
职工	5754	0.000743579743306038	0.347639037393765
新华社	5703	0.000736989099074441	0.348376026492839
区	5702	0.000736859870756174	0.349112886363595
第一	5680	0.000734016847754309	0.34984690321135
让	5649	0.000730010769888044	0.350576913981238
必须	5643	0.000729235399978445	0.351306149381216
得	5625	0.000726909290249646	0.352033058671466
今年	5611	0.000725100093793913	0.35275815876526
作为	5570	0.000719801732744983	0.353477960498005
增长	5513	0.000712435718603786	0.354190396216608
美国	5507	0.000711660348694187	0.354902056565303
届	5489	0.000709334238965388	0.355611390804268
地区	5483	0.000708558869055788	0.356319949673324
方面	5481	0.000708300412419255	0.357028250085743
小	5475	0.000707525042509655	0.357735775128253
城市	5457	0.000705198932780856	0.358440974061034
天	5435	0.000702355909778991	0.359143329970813
建立	5373	0.000694343754046462	0.359837673724859
世界	5345	0.000690725361134997	0.360528399085994
同志	5290	0.000683617803630334	0.361212016889624
一些	5280	0.000682325520447668	0.361894342410072
高	5268	0.000680774780628468	0.362575117190701
贵阳市	5264	0.000680257867355402	0.363255375058056
或	5238	0.00067689793108047	0.363932272989136
完成	5236	0.000676639474443937	0.36460891246358
不断	5211	0.000673408766487272	0.365282321230068
几	5200	0.000671987254986339	0.365954308485054
提出	5194	0.00067121188507674	0.366625520370131
户	5127	0.000662553587752877	0.367288073957884
亩	5093	0.000658159824931813	0.367946233782815
旅游	5082	0.00065673831343088	0.368602972096246
产品	5069	0.000655058345293414	0.36925803044154
主要	5060	0.000653895290429015	0.369911925731969
比	4980	0.000643557024967686	0.370555482756936
政策	4966	0.000641747828511954	0.371197230585448
她	4963	0.000641360143557154	0.371838590729005
举行	4960	0.000640972458602354	0.372479563187608
更	4936	0.000637870978963956	0.373117434166572
努力	4933	0.000637483294009156	0.373754917460581
参加	4931	0.000637224837372623	0.374392142297954
前	4923	0.00063619101082649	0.37502833330878
推进	4916	0.000635286412598624	0.375663619721379
经营	4913	0.000634898727643824	0.376298518449023
学生	4888	0.000631668019687159	0.37693018646871
加快	4868	0.000629083453321827	0.377559269922031
过	4854	0.000627274256866094	0.378186544178898
中心	4849	0.000626628115274761	0.378813172294172
可以	4803	0.000620683612634498	0.379433855906807
项	4788	0.000618745187860499	0.380052601094667
最	4774	0.000616935991404766	0.380669537086072
民族	4771	0.000616548306449966	0.381286085392522
就是	4763	0.000615514479903833	0.381901599872426
水平	4727	0.000610862260446236	0.382512462132872
再	4689	0.000605951584352105	0.383118413717224
贯彻	4687	0.000605693127715572	0.38372410684494
规定	4685	0.000605434671079038	0.384329541516019
提供	4658	0.00060194550648584	0.384931487022505
认真	4655	0.00060155782153104	0.385533044844036
报	4653	0.000601299364894507	0.38613434420893
创新	4619	0.000596905602073443	0.386731249811004
以上	4599	0.00059432103570811	0.387325570846712
基本	4573	0.000590961099433179	0.387916531946145
结构	4566	0.000590056501205313	0.38850658844735
社会主义	4564	0.000589798044568779	0.389096386491919
增加	4557	0.000588893446340913	0.38968527993826
西部	4550	0.000587988848113047	0.390273268786373
去	4545	0.000587342706521714	0.390860611492895
这些	4543	0.000587084249885181	0.39144769574278
各级	4536	0.000586179651657314	0.392033875394437
达	4533	0.000585791966702515	0.39261966736114
资源	4523	0.000584499683519849	0.39320416704466
安全	4512	0.000583078172018916	0.393787245216678
目标	4505	0.00058217357379105	0.394369418790469
省委	4504	0.000582044345472783	0.394951463135942
余	4496	0.00058101051892665	0.395532473654869
落实	4469	0.000577521354333452	0.396109995009202
研究	4468	0.000577392126015185	0.396687387135218
促进	4462	0.000576616756105586	0.397264003891323
任务	4444	0.000574290646376787	0.3978382945377
收入	4434	0.000572998363194121	0.398411292900894
质量	4418	0.000570930710101855	0.398982223610996
以来	4400	0.000568604600373056	0.399550828211369
开始	4340	0.00056085090127706	0.400111679112646
已经	4329	0.000559429389776127	0.400671108502422
责任	4321	0.000558395563229995	0.401229504065652
宣传	4295	0.000555035626955063	0.401784539692607
调整	4284	0.00055361411545413	0.402338153808061
人才	4269	0.000551675690680131	0.402889829498742
报告	4257	0.000550124950860932	0.403439954449602
学校	4251	0.000549349580951332	0.403989304030554
条件	4248	0.000548961895996533	0.40453826592655
历史	4236	0.000547411156177333	0.405085677082728
政治	4232	0.000546894242904267	0.405632571325632
办	4222	0.000545601959721601	0.406178173285353
取得	4221	0.000545472731403334	0.406723646016757
近	4213	0.000544438904857201	0.407268084921614
至	4192	0.000541725110173603	0.407809810031788
就业	4189	0.000541337425218803	0.408351147457006
结合	4174	0.000539399000444804	0.408890546457451
发生	4141	0.000535134465942006	0.409425680923393
其中	4137	0.00053461755266894	0.409960298476062
需要	4120	0.000532420671258407	0.410492719147321
看	4099	0.000529706876574809	0.411022426023895
公路	4097	0.000529448419938275	0.411551874443834
作用	4085	0.000527897680119076	0.412079772123953
认为	4064	0.000525183885435477	0.412604956009388
以及	4034	0.000521307035887479	0.413126263045276
进	4033	0.000521177807569213	0.413647440852845
时间	4032	0.000521048579250946	0.414168489432096
这个	4016	0.000518980926158681	0.414687470358255
继续	3999	0.000516784044748148	0.415204254403003
水	3999	0.000516784044748148	0.415721038447751
中央	3989	0.000515491761565482	0.416236530209316
外	3970	0.000513036423518417	0.416749566632835
比赛	3963	0.000512131825290551	0.417261698458125
充分	3941	0.000509288802288685	0.417770987260414
形成	3924	0.000507091920878153	0.418278079181292
地方	3918	0.000506316550968553	0.418784395732261
北京	3902	0.000504248897876288	0.419288644630137
监督	3893	0.000503085843011888	0.419791730473149
按照	3893	0.000503085843011888	0.420294816316161
图	3881	0.000501535103192689	0.420796351419353
由于	3862	0.000499079765145624	0.421295431184499
乡	3847	0.000497141340371624	0.421792572524871
万	3832	0.000495202915597625	0.422287775440468
村民	3825	0.000494298317369759	0.422782073757838
措施	3808	0.000492101435959227	0.423274175193797
得到	3805	0.000491713751004427	0.423765888944802
江泽民	3770	0.000487190759865096	0.424253079704667
实际	3761	0.000486027705000697	0.424739107409667
保护	3758	0.000485640020045897	0.425224747429713
关系	3754	0.00048512310677283	0.425709870536486
走	3743	0.000483701595271898	0.426193572131758
应	3734	0.000482538540407498	0.426676110672166
支持	3713	0.0004798247457239	0.427155935417889
表示	3712	0.000479695517405633	0.427635630935295
决定	3710	0.0004794370607691	0.428115067996064
统一	3693	0.000477240179358567	0.428592308175423
合作	3686	0.000476335581130701	0.429068643756553
机构	3683	0.000475947896175901	0.429544591652729
部分	3680	0.000475560211221102	0.43002015186395
具有	3670	0.000474267928038436	0.430494419791989
成	3667	0.000473880243083636	0.430968300035073
广大	3643	0.000470778763445237	0.431439078798518
这样	3636	0.000469874165217371	0.431908952963735
优势	3636	0.000469874165217371	0.432378827128953
你	3626	0.000468581882034705	0.432847409010987
同	3617	0.000467418827170306	0.433314827838158
共	3616	0.000467289598852039	0.43378211743701
事业	3611	0.000466643457260706	0.43424876089427
很	3610	0.000466514228942439	0.434715275123213
能力	3603	0.000465609630714573	0.435180884753927
贵州省	3600	0.000465221945759773	0.435646106699687
今天	3596	0.000464705032486707	0.436110811732174
占	3595	0.00046457580416844	0.436575387536342
召开	3592	0.000464188119213641	0.437039575655556
先进	3583	0.000463025064349241	0.437502600719905
点	3542	0.00045772670330031	0.437960327423205
局	3528	0.000455917506844578	0.43841624493005
投入	3517	0.000454495995343645	0.438870740925394
培训	3507	0.000453203712160979	0.439323944637555
镇	3502	0.000452557570569646	0.439776502208124
去年	3491	0.000451136059068714	0.440227638267193
困难	3488	0.000450748374113914	0.440678386641307
米	3459	0.000447000752884182	0.441125387394191
机关	3452	0.000446096154656316	0.441571483548847
战略	3444	0.000445062328110183	0.442016545876958
深入	3441	0.000444674643155383	0.442461220520113
发挥	3432	0.000443511588290984	0.442904732108404
岁	3432	0.000443511588290984	0.443348243696695
却	3426	0.000442736218381384	0.443790979915076
科学	3422	0.000442219305108318	0.444233199220185
行政	3403	0.000439763967061252	0.444672963187246
生态	3384	0.000437308629014187	0.44511027181626
部	3382	0.000437050172377654	0.445547321988638
稳定	3380	0.000436791715741121	0.445984113704379
基地	3371	0.000435628660876721	0.446419742365256
发现	3359	0.000434077921057522	0.446853820286313
指导	3356	0.000433690236102722	0.447287510522416
进入	3344	0.000432139496283523	0.447719650018699
扩大	3332	0.000430588756464324	0.448150238775164
实践	3324	0.000429554929918191	0.448579793705082
实行	3318	0.000428779560008591	0.44900857326509
重大	3307	0.000427358048507658	0.449435931313598
专家	3298	0.000426194993643259	0.449862126307241
方式	3298	0.000426194993643259	0.450288321300885
标准	3281	0.000423998112232727	0.450712319413117
书记	3281	0.000423998112232727	0.45113631752535
采取	3273	0.000422964285686594	0.451559281811037
利用	3266	0.000422059687458728	0.451981341498495
影响	3256	0.000420767404276062	0.452402108902771
法律	3239	0.000418570522865529	0.452820679425637
良好	3223	0.000416502869773264	0.45323718229541
人们	3221	0.000416244413136731	0.453653426708547
特色	3220	0.000416115184818464	0.454069541893365
场	3217	0.000415727499863664	0.454485269393229
它	3216	0.000415598271545398	0.454900867664775
一定	3215	0.000415469043227131	0.455316336708002
抓	3207	0.000414435216680998	0.455730771924683
为了	3200	0.000413530618453132	0.456144302543136
党员	3200	0.000413530618453132	0.456557833161589
分	3199	0.000413401390134865	0.456971234551724
各项	3177	0.000410558367133	0.457381792918857
根据	3173	0.000410041453859934	0.457791834372717
现在	3167	0.000409266083950334	0.458201100456667
组	3156	0.000407844572449401	0.458608945029116
介绍	3150	0.000407069202539802	0.459016014231656
处	3149	0.000406939974221535	0.459422954205878
计划	3147	0.000406681517585002	0.459829635723463
文明	3142	0.000406035375993669	0.460235671099456
设施	3128	0.000404226179537936	0.460639897278994
正在	3104	0.000401124699899538	0.461041021978894
完善	3098	0.000400349329989938	0.461441371308884
只	3087	0.000398927818489006	0.461840299127373
帮助	3080	0.000398023220261139	0.462238322347634
达到	3078	0.000397764763624606	0.462636087111259
不能	3075	0.000397377078669806	0.463033464189928
规划	3065	0.00039608479548714	0.463429548985416
委	3060	0.000395438653895807	0.463824987639311
党委	3045	0.000393500229121808	0.464218487868433
社区	3045	0.000393500229121808	0.464611988097555
各种	3039	0.000392724859212209	0.465004712956767
山	3035	0.000392207945939142	0.465396920902706
信息	3004	0.000388201868072878	0.465785122770779
厂	3001	0.000387814183118078	0.466172936953897
检查	3000	0.000387684954799811	0.466560621908697
交通	2994	0.000386909584890212	0.466947531493587
了解	2985	0.000385746530025812	0.467333278023613
第二	2979	0.000384971160116212	0.467718249183729
贫困	2970	0.000383808105251813	0.468102057288981
加大	2959	0.00038238659375088	0.468484443882732
增强	2957	0.000382128137114347	0.468866572019846
个人	2951	0.000381352767204748	0.469247924787051
大力	2950	0.000381223538886481	0.469629148325938
那	2940	0.000379931255703815	0.470009079581641
当	2938	0.000379672799067282	0.470388752380709
路	2929	0.000378509744202882	0.470767262124911
起来	2915	0.00037670054774715	0.471143962672659
获得	2915	0.00037670054774715	0.471520663220406
无	2901	0.000374891351291417	0.471895554571697
指出	2887	0.000373082154835685	0.472268636726533
因	2882	0.000372436013244352	0.472641072739777
如	2876	0.000371660643334752	0.473012733383112
规范	2871	0.000371014501743419	0.473383747884855
使用	2869	0.000370756045106886	0.473754503929962
批	2867	0.000370497588470353	0.474125001518433
保障	2863	0.000369980675197286	0.47449498219363
其他	2861	0.000369722218560753	0.474864704412191
新闻	2860	0.000369592990242487	0.475234297402433
素质	2859	0.00036946376192422	0.475603761164357
切实	2857	0.000369205305287687	0.475972966469645
行为	2855	0.000368946848651154	0.476341913318296
严重	2849	0.000368171478741554	0.476710084797038
自	2848	0.000368042250423287	0.477078127047461
送	2830	0.000365716140694488	0.477443843188155
知识	2820	0.000364423857511822	0.477808267045667
道德	2816	0.000363906944238756	0.478172173989906
队	2798	0.000361580834509957	0.478533754824416
国	2784	0.000359771638054225	0.47889352646247
改造	2782	0.000359513181417692	0.479253039643888
系统	2777	0.000358867039826358	0.479611906683714
仅	2776	0.000358737811508092	0.479970644495222
公里	2775	0.000358608583189825	0.480329253078412
经	2772	0.000358220898235026	0.480687473976647
按	2764	0.000357187071688893	0.481044661048336
依法	2761	0.000356799386734093	0.48140146043507
共同	2761	0.000356799386734093	0.481758259821804
建	2758	0.000356411701779293	0.482114671523584
这种	2753	0.00035576556018796	0.482470437083772
长	2748	0.000355119418596627	0.482825556502368
许多	2741	0.000354214820368761	0.483179771322737
经过	2739	0.000353956363732228	0.483533727686469
竞争	2722	0.000351759482321695	0.483885487168791
出现	2719	0.000351371797366896	0.484236858966158
打	2702	0.000349174915956363	0.484586033882114
健康	2695	0.000348270317728497	0.484934304199843
带	2693	0.000348011861091964	0.485282316060935
行动	2689	0.000347494947818897	0.485629811008753
希望	2682	0.000346590349591031	0.485976401358345
随	2681	0.000346461121272765	0.486322862479617
现代化	2676	0.000345814979681432	0.486668677459299
内容	2674	0.000345556523044898	0.487014233982344
土地	2674	0.000345556523044898	0.487359790505389
林	2671	0.000345168838090098	0.487704959343479
力度	2663	0.000344135011543966	0.488049094355023
农户	2658	0.000343488869952633	0.488392583224975
关于	2651	0.000342584271724766	0.4887351674967
吨	2627	0.000339482792086368	0.489074650288786
件	2627	0.000339482792086368	0.489414133080873
青年	2622	0.000338836650495035	0.489752969731368
传统	2614	0.000337802823948902	0.490090772555317
级	2609	0.000337156682357569	0.490427929237674
不仅	2599	0.000335864399174903	0.490763793636849
利益	2597	0.00033560594253837	0.491099399579388
正	2594	0.00033521825758357	0.491434617836971
财政	2592	0.000334959800947037	0.491769577637918
保证	2589	0.000334572115992237	0.49210414975391
处理	2579	0.000333279832809571	0.49243742958672
确保	2578	0.000333150604491304	0.492770580191211
强	2577	0.000333021376173038	0.493103601567384
执行	2569	0.000331987549626905	0.493435589117011
月	2567	0.000331729092990372	0.493767318210002
花	2561	0.000330953723080772	0.494098271933082
规模	2560	0.000330824494762506	0.494429096427845
每	2555	0.000330178353171172	0.494759274781016
数	2554	0.000330049124852906	0.495089323905869
成功	2550	0.000329532211579839	0.495418856117449
作风	2548	0.000329273754943306	0.495748129872392
如果	2544	0.00032875684167024	0.496076886714062
强调	2543	0.000328627613351973	0.496405514327414
各地	2539	0.000328110700078907	0.496733625027493
讲话	2533	0.000327335330169307	0.497060960357663
只有	2532	0.000327206101851041	0.497388166459514
则	2523	0.000326043046986641	0.4977142095065
工业	2520	0.000325655362031841	0.498039864868532
成立	2518	0.000325396905395308	0.498365261773927
才	2516	0.000325138448758775	0.498690400222686
认识	2510	0.000324363078849175	0.499014763301535
贷款	2505	0.000323716937257842	0.499338480238793
机遇	2502	0.000323329252303042	0.499661809491096
专业	2498	0.000322812339029976	0.499984621830126
面积	2497	0.000322683110711709	0.500307304940838
推动	2480	0.000320486229301177	0.500627791170139
机制	2473	0.000319581631073311	0.500947372801212
分别	2466	0.000318677032845445	0.501266049834058
台湾	2461	0.000318030891254112	0.501584080725312
体制	2453	0.000316997064707979	0.50190107779002
队伍	2437	0.000314929411615713	0.502216007201636
当地	2436	0.000314800183297447	0.502530807384933
看到	2434	0.000314541726660913	0.502845349111594
房	2433	0.000314412498342647	0.503159761609937
钱	2429	0.00031389558506958	0.503473657195006
销售	2428	0.000313766356751314	0.503787423551757
台	2425	0.000313378671796514	0.504100802223554
存在	2422	0.000312990986841714	0.504413793210396
百	2420	0.000312732530205181	0.504726525740601
理论	2414	0.000311957160295581	0.505038482900896
改善	2413	0.000311827931977315	0.505350310832874
保持	2412	0.000311698703659048	0.505662009536533
联系	2402	0.000310406420476382	0.505972415957009
总	2396	0.000309631050566782	0.506282047007576
因为	2387	0.000308467995702383	0.506590515003278
成绩	2387	0.000308467995702383	0.506898982998981
行业	2384	0.000308080310747583	0.507207063309728
种植	2383	0.000307951082429317	0.507515014392158
学	2382	0.00030782185411105	0.507822836246269
编辑	2378	0.000307304940837984	0.508130141187107
举办	2375	0.000306917255883184	0.50843705844299
老	2370	0.000306271114291851	0.508743329557282
突出	2369	0.000306141885973584	0.509049471443255
大会	2368	0.000306012657655318	0.50935548410091
公开	2365	0.000305624972700518	0.509661109073611
经验	2363	0.000305366516063985	0.509966475589675
下岗	2363	0.000305366516063985	0.510271842105739
扶贫	2347	0.000303298862971719	0.51057514096871
号	2339	0.000302265036425586	0.510877406005136
制定	2339	0.000302265036425586	0.511179671041562
创造	2337	0.000302006579789053	0.511481677621351
每年	2334	0.000301618894834253	0.511783296516185
形势	2330	0.000301101981561187	0.512084398497746
建成	2325	0.000300455839969854	0.512384854337716
全	2321	0.000299938926696787	0.512684793264413
造成	2317	0.000299422013423721	0.512984215277837
人口	2315	0.000299163556787188	0.513283378834624
负责人	2309	0.000298388186877588	0.513581767021501
委员会	2309	0.000298388186877588	0.513880155208379
方	2294	0.000296449762103589	0.514176604970482
调查	2289	0.000295803620512256	0.514472408590995
有效	2286	0.000295415935557456	0.514767824526552
劳动	2284	0.000295157478920923	0.515062982005473
省政府	2281	0.000294769793966123	0.515357751799439
抓好	2277	0.000294252880693057	0.515652004680132
事	2274	0.000293865195738257	0.515945869875871
十分	2273	0.00029373596741999	0.516239605843291
重视	2271	0.000293477510783457	0.516533083354074
因此	2269	0.000293219054146924	0.516826302408221
体系	2257	0.000291668314327725	0.517117970722549
未	2254	0.000291280629372925	0.517409251351922
条例	2250	0.000290763716099858	0.517700015068021
站	2244	0.000289988346190259	0.517990003414212
入	2242	0.000289729889553726	0.518279733303765
维护	2236	0.000288954519644126	0.51856868782341
卫生	2230	0.000288179149734526	0.518856866973144
车	2229	0.00028804992141626	0.51914491689456
非	2224	0.000287403779824927	0.519432320674385
美	2224	0.000287403779824927	0.51971972445421
国内	2220	0.00028688686655186	0.520006611320762
特别是	2215	0.000286240724960527	0.520292852045723
价格	2215	0.000286240724960527	0.520579092770683
集中	2214	0.000286111496642261	0.520865204267326
全部	2211	0.000285723811687461	0.521150928079013
意见	2210	0.000285594583369194	0.521436522662382
还有	2205	0.000284948441777861	0.52172147110416
自然	2202	0.000284560756823061	0.522006031860983
开	2200	0.000284302300186528	0.52229033416117
酒	2195	0.000283656158595195	0.522573990319765
低	2192	0.000283268473640395	0.522857258793405
受	2191	0.000283139245322129	0.523140398038727
不同	2191	0.000283139245322129	0.523423537284049
来自	2180	0.000281717733821196	0.52370525501787
而且	2177	0.000281330048866396	0.523986585066737
城	2174	0.000280942363911596	0.524267527430649
基层	2172	0.000280683907275063	0.524548211337924
办法	2168	0.000280166994001997	0.524828378331926
高度	2165	0.000279779309047197	0.525108157640973
严格	2164	0.00027965008072893	0.525387807721702
过去	2163	0.000279520852410664	0.525667328574112
家庭	2158	0.000278874710819331	0.525946203284932
包括	2158	0.000278874710819331	0.526225077995751
这里	2155	0.000278487025864531	0.526503565021616
委员	2148	0.000277582427636665	0.526781147449252
原则	2148	0.000277582427636665	0.527058729876889
州	2144	0.000277065514363598	0.527335795391253
过程	2142	0.000276807057727065	0.52761260244898
综合	2141	0.000276677829408799	0.527889280278388
负责	2138	0.000276290144453999	0.528165570422842
什么	2134	0.000275773231180932	0.528441343654023
受到	2132	0.000275514774544399	0.528716858428568
民主	2130	0.000275256317907866	0.528992114746475
带来	2126	0.000274739404634799	0.52926685415111
想	2124	0.000274480947998266	0.529541335099109
业务	2117	0.0002735763497704	0.529814911448879
观念	2116	0.000273447121452133	0.530088358570331
长期	2110	0.000272671751542534	0.530361030321874
接受	2104	0.000271896381632934	0.530632926703507
曾	2103	0.000271767153314668	0.530904693856821
找	2100	0.000271379468359868	0.531176073325181
意识	2096	0.000270862555086801	0.531446935880268
参与	2095	0.000270733326768535	0.531717669207036
教师	2094	0.000270604098450268	0.531988273305487
医院	2092	0.000270345641813735	0.5322586189473
安排	2092	0.000270345641813735	0.532528964589114
成果	2082	0.000269053358631069	0.532798017947745
形式	2075	0.000268148760403203	0.533066166708148
变化	2075	0.000268148760403203	0.533334315468551
第三	2072	0.000267761075448403	0.533602076544
均	2068	0.000267244162175336	0.533869320706175
行	2064	0.00026672724890227	0.534136047955078
商	2064	0.00026672724890227	0.53440277520398
都是	2060	0.000266210335629204	0.534668985539609
小康	2052	0.000265176509083071	0.534934162048692
培养	2052	0.000265176509083071	0.535199338557775
阶段	2051	0.000265047280764804	0.53546438583854
最大	2034	0.000262850399354272	0.535727236237894
不是	2031	0.000262462714399472	0.535989698952294
六	2029	0.000262204257762939	0.536251903210057
孩子	2025	0.000261687344489873	0.536513590554547
明确	2012	0.000260007376352407	0.536773597930899
居民	2002	0.000258715093169741	0.537032313024069
具体	2001	0.000258585864851474	0.53729089888892
还是	2000	0.000258456636533207	0.537549355525454
老人	1994	0.000257681266623608	0.537807036792077
团结	1987	0.000256776668395742	0.538063813460473
事故	1986	0.000256647440077475	0.53832046090055
先后	1980	0.000255872070167875	0.538576332970718
退耕	1976	0.000255355156894809	0.538831688127613
此	1976	0.000255355156894809	0.539087043284508
线	1975	0.000255225928576542	0.539342269213084
力量	1975	0.000255225928576542	0.539597495141661
即	1974	0.000255096700258276	0.539852591841919
军	1974	0.000255096700258276	0.540107688542177
上海	1964	0.00025380441707561	0.540361492959253
可能	1963	0.000253675188757343	0.54061516814801
近日	1962	0.000253545960439076	0.540868714108449
之一	1961	0.00025341673212081	0.54112213084057
医疗	1955	0.00025264136221121	0.541374772202781
正式	1954	0.000252512133892944	0.541627284336674
考察	1949	0.000251865992301611	0.541879150328976
意义	1944	0.000251219850710278	0.542130370179686
根本	1939	0.000250573709118945	0.542380943888805
设计	1934	0.000249927567527612	0.542630871456333
城镇	1934	0.000249927567527612	0.54288079902386
官兵	1931	0.000249539882572812	0.543130338906433
对于	1929	0.000249281425936279	0.54337962033237
日	1928	0.000249152197618012	0.543628772529988
有的	1922	0.000248376827708412	0.543877149357696
住	1922	0.000248376827708412	0.544125526185404
及时	1922	0.000248376827708412	0.544373903013113
乡镇	1919	0.000247989142753613	0.544621892155866
便	1918	0.000247859914435346	0.544869752070302
解放	1917	0.000247730686117079	0.545117482756419
直接	1914	0.000247343001162279	0.545364825757581
教学	1912	0.000247084544525746	0.545611910302107
但是	1910	0.000246826087889213	0.545858736389996
贵	1910	0.000246826087889213	0.546105562477885
头	1904	0.000246050717979613	0.546351613195865
获	1898	0.000245275348070014	0.546596888543935
时代	1897	0.000245146119751747	0.546842034663686
联合	1895	0.000244887663115214	0.547086922326802
不少	1894	0.000244758434796947	0.547331680761599
报道	1891	0.000244370749842148	0.547576051511441
优秀	1891	0.000244370749842148	0.547820422261283
明显	1890	0.000244241521523881	0.548064663782807
如何	1887	0.000243853836569081	0.548308517619376
日本	1880	0.000242949238341215	0.548551466857717
结果	1879	0.000242820010022948	0.54879428686774
或者	1877	0.000242561553386415	0.549036848421127
来到	1876	0.000242432325068149	0.549279280746195
西	1874	0.000242173868431615	0.549521454614626
应当	1862	0.000240623128612416	0.549762077743239
市场经济	1858	0.00024010621533935	0.550002183958578
成员	1851	0.000239201617111483	0.55024138557569
像	1851	0.000239201617111483	0.550480587192801
转变	1846	0.00023855547552015	0.550719142668321
才能	1843	0.000238167790565351	0.550957310458887
国务院	1839	0.000237650877292284	0.551194961336179
所有	1839	0.000237650877292284	0.551432612213471
开放	1838	0.000237521648974018	0.551670133862445
协调	1836	0.000237263192337484	0.551907397054783
蔬菜	1835	0.000237133964019218	0.552144531018802
公斤	1832	0.000236746279064418	0.552381277297866
消费	1828	0.000236229365791352	0.552617506663658
大家	1827	0.000236100137473085	0.552853606801131
持续	1824	0.000235712452518285	0.553089319253649
以色列	1824	0.000235712452518285	0.553325031706168
和平	1822	0.000235453995881752	0.553560485702049
艺术	1821	0.000235324767563485	0.553795810469613
逐步	1821	0.000235324767563485	0.554031135237176
事件	1820	0.000235195539245219	0.554266330776422
全县	1818	0.000234937082608686	0.55450126785903
丰富	1818	0.000234937082608686	0.554736204941639
讲	1816	0.000234678625972152	0.554970883567611
产生	1806	0.000233386342789486	0.555204269910401
结束	1803	0.000232998657834686	0.555437268568235
准备	1799	0.00023248174456162	0.555669750312797
告诉	1797	0.000232223287925087	0.555901973600722
铁路	1793	0.00023170637465202	0.556133679975374
体育	1792	0.000231577146333754	0.556365257121707
贡献	1790	0.000231318689697221	0.556596575811405
示范	1789	0.000231189461378954	0.556827765272784
手	1788	0.000231060233060687	0.557058825505844
重	1784	0.000230543319787621	0.557289368825632
期间	1782	0.000230284863151088	0.557519653688783
改	1775	0.000229380264923222	0.557749033953706
真正	1773	0.000229121808286688	0.557978155761993
买	1771	0.000228863351650155	0.558207019113643
原因	1769	0.000228604895013622	0.558435624008657
巴	1764	0.000227958753422289	0.558663582762079
改革开放	1759	0.000227312611830956	0.55889089537391
效益	1754	0.000226666470239623	0.55911756184415
香港	1749	0.00022602032864829	0.559343582172798
出席	1748	0.000225891100330023	0.559569473273128
信	1746	0.00022563264369349	0.559795105916821
之间	1745	0.000225503415375223	0.560020609332197
一直	1743	0.00022524495873869	0.560245854290935
建筑	1743	0.00022524495873869	0.560471099249674
消费者	1742	0.000225115730420424	0.560696214980094
任何	1742	0.000225115730420424	0.560921330710515
犯罪	1741	0.000224986502102157	0.561146317212617
食品	1739	0.000224728045465624	0.561371045258082
领域	1737	0.000224469588829091	0.561595514846912
管	1737	0.000224469588829091	0.561819984435741
一起	1728	0.000223306533964691	0.562043290969705
座	1728	0.000223306533964691	0.56226659750367
集体	1727	0.000223177305646425	0.562489774809317
写	1718	0.000222014250782025	0.562711789060099
支	1718	0.000222014250782025	0.562933803310881
制	1717	0.000221885022463759	0.563155688333344
保	1713	0.000221368109190692	0.563377056442535
反映	1713	0.000221368109190692	0.563598424551726
东	1713	0.000221368109190692	0.563819792660917
网	1712	0.000221238880872426	0.564041031541789
设备	1711	0.000221109652554159	0.564262141194343
施工	1710	0.000220980424235892	0.564483121618579
发表	1705	0.000220334282644559	0.564703455901224
银行	1703	0.000220075826008026	0.564923531727232
心	1702	0.00021994659768976	0.565143478324921
更加	1700	0.000219688141053226	0.565363166465975
现象	1700	0.000219688141053226	0.565582854607028
主任	1699	0.00021955891273496	0.565802413519763
平方米	1698	0.000219429684416693	0.566021843204179
院	1697	0.000219300456098426	0.566241143660278
大量	1696	0.00021917122778016	0.566460314888058
体现	1695	0.000219041999461893	0.56667935688752
应该	1695	0.000219041999461893	0.566898398886982
进步	1693	0.00021878354282536	0.567117182429807
建议	1690	0.00021839585787056	0.567335578287678
道路	1688	0.000218137401234027	0.567553715688912
当前	1685	0.000217749716279227	0.567771465405191
关键	1683	0.000217491259642694	0.567988956664834
黔	1680	0.000217103574687894	0.568206060239521
既	1678	0.000216845118051361	0.568422905357573
双方	1677	0.000216715889733094	0.568639621247306
主席	1675	0.000216457433096561	0.568856078680402
校	1670	0.000215811291505228	0.569071889971908
生	1666	0.000215294378232162	0.56928718435014
吃	1666	0.000215294378232162	0.569502478728372
片	1664	0.000215035921595629	0.569717514649968
正确	1662	0.000214777464959095	0.569932292114927
书	1657	0.000214131323367762	0.570146423438294
围绕	1656	0.000214002095049496	0.570360425533344
引进	1654	0.000213743638412963	0.570574169171757
这次	1653	0.000213614410094696	0.570787783581852
接	1653	0.000213614410094696	0.571001397991946
搞	1652	0.000213485181776429	0.571214883173723
仍	1648	0.000212968268503363	0.571427851442226
现代	1646	0.00021270981186683	0.571640561254093
收费	1640	0.00021193444195723	0.57185249569605
八	1639	0.000211805213638963	0.572064300909689
生命	1635	0.000211288300365897	0.572275589210055
最后	1634	0.00021115907204763	0.572486748282103
带动	1631	0.000210771387092831	0.572697519669195
选择	1631	0.000210771387092831	0.572908291056288
作品	1626	0.000210125245501498	0.57311841630179
组成	1626	0.000210125245501498	0.573328541547291
没	1625	0.000209996017183231	0.573538537564474
版	1624	0.000209866788864964	0.573748404353339
伟大	1623	0.000209737560546698	0.573958141913886
住房	1622	0.000209608332228431	0.574167750246114
范围	1617	0.000208962190637098	0.574376712436751
集团	1616	0.000208832962318832	0.57458554539907
交流	1616	0.000208832962318832	0.574794378361389
期	1608	0.000207799135772699	0.575002177497162
一切	1603	0.000207152994181366	0.575209330491343
总统	1598	0.000206506852590033	0.575415837343933
药	1598	0.000206506852590033	0.575622344196523
商品	1596	0.0002062483959535	0.575828592592477
儿童	1594	0.000205989939316966	0.576034582531794
转	1594	0.000205989939316966	0.576240572471111
始终	1592	0.000205731482680433	0.576446303953791
业	1592	0.000205731482680433	0.576652035436472
如今	1589	0.000205343797725633	0.576857379234197
农	1588	0.000205214569407367	0.577062593803605
比较	1588	0.000205214569407367	0.577267808373012
左右	1587	0.0002050853410891	0.577472893714101
巴勒斯坦	1585	0.000204826884452567	0.577677720598554
加入	1584	0.0002046976561343	0.577882418254688
保险	1580	0.000204180742861234	0.578086598997549
段	1579	0.000204051514542967	0.578290650512092
现场	1576	0.000203663829588167	0.57849431434168
遵义	1576	0.000203663829588167	0.578697978171269
批准	1576	0.000203663829588167	0.578901642000857
相关	1569	0.000202759231360301	0.579104401232217
放	1569	0.000202759231360301	0.579307160463577
采访	1568	0.000202630003042035	0.579509790466619
原	1568	0.000202630003042035	0.579712420469661
改变	1564	0.000202113089768968	0.57991453355943
控制	1564	0.000202113089768968	0.580116646649199
电话	1563	0.000201983861450702	0.58031863051065
见	1554	0.000200820806586302	0.580519451317236
靠	1554	0.000200820806586302	0.580720272123822
法规	1548	0.000200045436676703	0.580920317560499
楼	1545	0.000199657751721903	0.581119975312221
方法	1544	0.000199528523403636	0.581319503835625
相	1543	0.00019939929508537	0.58151890313071
甚至	1542	0.000199270066767103	0.581718173197477
开拓	1537	0.00019862392517577	0.581916797122653
教	1537	0.00019862392517577	0.582115421047829
伊拉克	1535	0.000198365468539237	0.582313786516368
支队	1534	0.00019823624022097	0.582512022756589
优质	1532	0.000197977783584437	0.582710000540173
红	1530	0.000197719326947904	0.582907719867121
确定	1530	0.000197719326947904	0.583105439194069
俱	1527	0.000197331641993104	0.583302770836062
高校	1526	0.000197202413674837	0.583499973249737
增收	1524	0.000196943957038304	0.583696917206775
形象	1524	0.000196943957038304	0.583893861163814
近年来	1523	0.000196814728720037	0.584090675892534
武警	1519	0.000196297815446971	0.584286973707981
难	1519	0.000196297815446971	0.584483271523428
厅	1518	0.000196168587128704	0.584679440110556
给予	1516	0.000195910130492171	0.584875350241048
突破	1515	0.000195780902173905	0.585071131143222
品牌	1514	0.000195651673855638	0.585266782817078
需求	1510	0.000195134760582572	0.58546191757766
广泛	1509	0.000195005532264305	0.585656923109925
价值	1507	0.000194747075627772	0.585851670185552
少	1506	0.000194617847309505	0.586046288032862
引导	1506	0.000194617847309505	0.586240905880171
非常	1496	0.000193325564126839	0.586434231444298
关注	1493	0.000192937879172039	0.58662716932347
军事	1480	0.000191257911034573	0.586818427234505
间	1478	0.00019099945439804	0.587009426688903
到了	1478	0.00019099945439804	0.587200426143301
小组	1474	0.000190482541124974	0.587390908684426
网络	1473	0.000190353312806707	0.587581261997233
超过	1472	0.000190224084488441	0.587771486081721
石	1471	0.000190094856170174	0.587961580937891
部队	1470	0.000189965627851907	0.588151546565743
符合	1469	0.000189836399533641	0.588341382965277
面对	1468	0.000189707171215374	0.588531090136492
金	1467	0.000189577942897108	0.588720668079389
人士	1467	0.000189577942897108	0.588910246022286
更多	1464	0.000189190257942308	0.589099436280229
发	1462	0.000188931801305775	0.589288368081534
世纪	1459	0.000188544116350975	0.589476912197885
干	1450	0.000187381061486575	0.589664293259372
政协	1449	0.000187251833168309	0.58985154509254
虽然	1446	0.000186864148213509	0.590038409240754
首先	1445	0.000186734919895242	0.590225144160649
核心	1444	0.000186605691576976	0.590411749852226
税收	1441	0.000186218006622176	0.590597967858848
部署	1441	0.000186218006622176	0.59078418586547
称	1435	0.000185442636712576	0.590969628502183
金融	1435	0.000185442636712576	0.591155071138896
交	1430	0.000184796495121243	0.591339867634017
合理	1425	0.00018415035352991	0.591524017987547
深化	1423	0.000183891896893377	0.59170790988444
顺利	1422	0.00018376266857511	0.591891672553015
适应	1420	0.000183504211938577	0.592075176764954
道	1419	0.000183374983620311	0.592258551748574
权	1418	0.000183245755302044	0.592441797503876
话	1417	0.000183116526983777	0.59262491403086
今后	1416	0.000182987298665511	0.592807901329525
约	1415	0.000182858070347244	0.592990759399873
人均	1414	0.000182728842028978	0.593173488241902
小时	1413	0.000182599613710711	0.593356087855612
树立	1413	0.000182599613710711	0.593538687469323
份	1410	0.000182211928755911	0.593720899398079
合同	1405	0.000181565787164578	0.593902465185243
秩序	1404	0.000181436558846312	0.59408390174409
民	1403	0.000181307330528045	0.594265209074618
口	1401	0.000181048873891512	0.594446257948509
能够	1396	0.000180402732300179	0.594626660680809
品种	1393	0.000180015047345379	0.594806675728155
方案	1391	0.000179756590708846	0.594986432318864
较	1390	0.000179627362390579	0.595166059681254
思路	1389	0.000179498134072313	0.595345557815327
引起	1389	0.000179498134072313	0.595525055949399
常委	1382	0.000178593535844446	0.595703649485243
关心	1380	0.000178335079207913	0.595881984564451
面临	1377	0.000177947394253113	0.596059931958704
税	1377	0.000177947394253113	0.596237879352958
自身	1373	0.000177430480980047	0.596415309833938
文艺	1373	0.000177430480980047	0.596592740314918
各类	1369	0.00017691356770698	0.596769653882625
打击	1369	0.00017691356770698	0.596946567450332
块	1366	0.000176525882752181	0.597123093333084
多个	1366	0.000176525882752181	0.597299619215836
总结	1361	0.000175879741160848	0.597475498956997
程度	1361	0.000175879741160848	0.597651378698158
治理	1360	0.000175750512842581	0.597827129211
案件	1359	0.000175621284524314	0.598002750495525
公民	1359	0.000175621284524314	0.598178371780049
表现	1358	0.000175492056206048	0.598353863836255
职能	1356	0.000175233599569515	0.598529097435825
办理	1356	0.000175233599569515	0.598704331035394
中国共产党	1355	0.000175104371251248	0.598879435406645
分析	1351	0.000174587457978182	0.599054022864623
电视	1350	0.000174458229659915	0.599228481094283
拉	1349	0.000174329001341648	0.599402810095625
因素	1349	0.000174329001341648	0.599577139096967
选手	1348	0.000174199773023382	0.59975133886999
汽车	1346	0.000173941316386849	0.599925280186377
选拔	1345	0.000173812088068582	0.600099092274445
谁	1342	0.000173424403113782	0.600272516677559
生产力	1341	0.000173295174795516	0.600445811852354
执法	1341	0.000173295174795516	0.60061910702715
时候	1340	0.000173165946477249	0.600792272973627
桥	1337	0.000172778261522449	0.60096505123515
统计	1336	0.000172649033204183	0.601137700268354
针对	1334	0.000172390576567649	0.601310090844921
                                                                                                                                                                                                                                                                                                                                                                                                                                                                                                                                                                                                                                                                                                                                                                                                                                                                                                                                                                                                                                                                                                                                                                                                                                                                                                                                                                                                                                                                                                                                                                                                                                                                                                                                                                                                                                                                                                                                                                                                                                                                                                                                                                                                                                                                                                                                                                                                                                                                                                                                                                                                                                                                                                                                                                                                                                                                                                                                                                                                                                                                                                                                                                                                                                                                                                                                                                                                                                                                                                                                                                                                                                                                                                                                                                                                                                                                                                                                                                                                                                                                                                                                                                                                                                                                                                         