的	435081	0.0545516986117109	0.0545516986117109
和	101812	0.0127654793913214	0.0673171780030323
在	98579	0.0123601166160872	0.0796772946191195
了	90182	0.011307276769616	0.0909845713887355
是	59079	0.00740749378226414	0.0983920651709996
为	44777	0.00561426816785053	0.10400633333885
个	41887	0.00525191171241386	0.109258245051264
发展	35226	0.00441673650491777	0.113674981556182
对	33647	0.0042187569744214	0.117893738530603
工作	32685	0.00409813866641791	0.121991877197021
中	31755	0.0039815326098241	0.125973409806845
有	30938	0.00387909481602072	0.129852504622866
上	30133	0.00377816161649597	0.133630666239362
等	30027	0.00376487103370141	0.137395537273063
要	28912	0.00362506914864539	0.141020606421709
省	26306	0.00329832142446962	0.144318927846178
建设	25936	0.0032519297675452	0.147570857613724
到	25795	0.0032342507847713	0.150805108398495
元	24977	0.00313168760811137	0.153936796006606
与	24759	0.00310435414538293	0.157041150151989
人	23768	0.00298009973453942	0.160021249886529
这	22699	0.00284606546088481	0.162867315347413
我	22617	0.00283578406664751	0.165703099414061
以	20808	0.00260896647914407	0.168312065893205
将	19980	0.00250514947391861	0.170817215367124
经济	19729	0.00247367837692394	0.173290893744047
地	19727	0.00247342761121083	0.175764321355258
他	19039	0.00238716420590272	0.178151485561161
也	18832	0.00236120995459636	0.180512695515757
多	18607	0.00233299881187205	0.182845694327629
新	18427	0.0023104298976926	0.185156124225322
大	18157	0.00227657652642343	0.187432700751745
不	17809	0.00223294329234317	0.189665644044089
说	17121	0.00214667988703506	0.191812323931124
从	17016	0.00213351468709705	0.193945838618221
就	16607	0.00208223309876709	0.196028071716988
企业	16602	0.00208160618448432	0.198109677901472
社会	15892	0.00199258435633206	0.200102262257804
进行	14853	0.00186231156837403	0.201964573826178
还	14409	0.00180664158006473	0.203771215406243
着	14234	0.00178469958016804	0.205555914986411
年	14212	0.00178194115732389	0.207337856143735
重要	13910	0.00174407553464504	0.20908193167838
后	13904	0.00174332323750572	0.210825254915886
我们	13765	0.00172589502044493	0.212551149936331
把	13704	0.00171824666619523	0.214269396602526
并	13600	0.00170520684911377	0.21597460345164
中国	13244	0.00166057055218109	0.217635174003821
记者	13202	0.00165530447220588	0.219290478476027
已	13058	0.00163724934086232	0.220927727816889
问题	12982	0.00162772024376433	0.222555448060653
名	12933	0.00162157648379326	0.224177024544446
该	12923	0.00162032265522774	0.225797347199674
都	12898	0.00161718808381393	0.227414535283488
两	12734	0.00159662529533932	0.229011160578827
图片	12727	0.00159574761534345	0.230606908194171
好	12561	0.00157493406115574	0.232181842255327
贵州	12272	0.00153869841561207	0.233720540670939
国家	12208	0.00153067391279271	0.235251214583731
管理	12089	0.00151575335286297	0.236766967936594
政府	11822	0.00148227613016345	0.238249244066758
思想	11763	0.00147487854162686	0.239724122608385
群众	11737	0.00147161858735649	0.241195741195741
市场	11549	0.00144804661032463	0.242643787806066
而	11547	0.00144779584461152	0.244091583650677
来	11380	0.00142685690756726	0.245518440558245
下	11376	0.00142635537614105	0.246944795934386
向	11285	0.00141494553619477	0.248359741470581
代表	11230	0.00140804947908438	0.249767790949665
农民	11113	0.00139337968486774	0.251161170634533
做	11066	0.00138748669060978	0.252548657325142
部门	10673	0.00133821122798465	0.253886868553127
农村	10624	0.00133206746801358	0.255218936021141
时	10451	0.00131037623383	0.256529312254971
被	10354	0.00129821409674441	0.257827526351715
文化	10255	0.00128580119394571	0.259113327545661
出	10178	0.00127614671399117	0.260389474259652
干部	9990	0.00125257473695931	0.261642048996611
人民	9898	0.00124103951415648	0.262883088510768
县	9723	0.00121909751425979	0.264102186025028
生产	9640	0.00120869073716594	0.265310876762194
领导	9615	0.00120555616575212	0.266516432927946
他们	9587	0.00120204544576865	0.267718478373714
次	9571	0.00120003932006381	0.268918517693778
人员	9559	0.00119853472578519	0.270117052419563
据	9528	0.00119464785723206	0.271311700276795
组织	9470	0.00118737565155201	0.272499075928347
活动	9467	0.00118699950298236	0.27368607543133
加强	9457	0.00118574567441683	0.274871821105746
会	9417	0.00118073036015473	0.276052551465901
工程	9309	0.00116718901164706	0.277219740477548
家	9273	0.00116267522881117	0.27838241570636
全国	9178	0.00115076385743869	0.279533179563798
但	9164	0.00114900849744695	0.280682188061245
教育	9150	0.00114725313745522	0.2818294411987
项目	9075	0.00113784942321378	0.282967290621914
提高	9053	0.00113509100036963	0.284102381622284
使	8977	0.00112556190327164	0.285227943525555
党	8964	0.00112393192613646	0.286351875451692
要求	8899	0.00111578204046055	0.287467657492152
服务	8807	0.00110424681765772	0.28857190430981
学习	8797	0.00110299298909219	0.289674897298902
又	8713	0.00109246082914178	0.290767358128044
由	8707	0.00109170853200247	0.291859066660047
通过	8563	0.00107365340065891	0.292932720060705
村	8520	0.00106826193782716	0.294000981998533
实现	8435	0.00105760439502019	0.295058586393553
及	8415	0.00105509673788914	0.296113683131442
之	8360	0.00104820068077876	0.297161883812221
开发	8352	0.00104719761792634	0.298209081430147
有关	8352	0.00104719761792634	0.299256279048073
全面	8308	0.00104168077223803	0.300297959820311
于	8228	0.00103165014371383	0.301329609964025
各	8207	0.00102901710372623	0.302358627067751
本报讯	8170	0.00102437793803379	0.303383005005785
电	8045	0.00100870508096473	0.30439171008675
用	8026	0.00100632280669023	0.30539803289344
会议	8013	0.00100469282955505	0.306402725722995
改革	8012	0.00100456744669849	0.307407293169694
技术	7893	0.000989646886768748	0.308396940056462
没有	7681	0.000963065721179622	0.309360005777642
生活	7537	0.000945010589836064	0.310305016367478
全省	7469	0.000936484555590496	0.311241500923069
非典	7458	0.000935105344168418	0.312176606267237
公司	7453	0.000934478429885656	0.313111084697123
农业	7428	0.000931343858471844	0.314042428555594
目前	7209	0.00090388501288685	0.314946313568481
自己	7203	0.000903132715747535	0.315849446284229
精神	7170	0.000898995081481303	0.31674844136571
所	7168	0.000898744315768198	0.317647185681478
实施	7043	0.000883071458699138	0.318530257140177
可	7013	0.000879309973002563	0.31940956711318
其	7009	0.000878808441576353	0.320288375554756
投资	6910	0.000866395538777658	0.321154771093534
坚持	6905	0.000865768624494895	0.322020539718029
开展	6858	0.000859875630236928	0.322880415348266
解决	6847	0.000858496418814851	0.323738911767081
同时	6830	0.000856364910253459	0.324595276677334
里	6794	0.00085185112741757	0.325447127804752
种	6758	0.00084733734458168	0.326294465149333
情况	6756	0.000847086578868575	0.327141551728202
内	6692	0.000839062076049216	0.327980613804251
市	6660	0.000835049824639537	0.328815663628891
给	6572	0.000824016133262918	0.329639679762154
基础	6570	0.000823765367549813	0.330463445129703
积极	6546	0.000820756178992554	0.331284201308696
位	6518	0.000817245459009084	0.332101446767705
单位	6360	0.000797434967673792	0.332898881735379
建立	6332	0.000793924247690322	0.333692805983069
能	6308	0.000790915059133063	0.334483721042202
产业	6279	0.000787278956293041	0.335270999998495
制度	6260	0.000784896682018544	0.336055896680514
环境	6216	0.000779379836330234	0.336835276516844
科技	6201	0.000777499093481947	0.337612775610326
美国	6201	0.000777499093481947	0.338390274703808
小	6135	0.000769223824949483	0.339159498528758
作	6126	0.000768095379240511	0.339927593907998
进一步	6125	0.000767969996383958	0.340695563904382
起	6072	0.000761324704986677	0.341456888609369
至	6056	0.000759318579281837	0.342216207188651
重点	6053	0.00075894243071218	0.342975149619363
我国	6050	0.000758566282142522	0.343733715901505
届	6013	0.00075392711645008	0.344487643017955
贵阳	5999	0.000752171756458346	0.345239814774414
资金	5985	0.000750416396466611	0.34599023117088
作为	5974	0.000749037185044533	0.346739268355925
成为	5949	0.000745902613630721	0.347485170969556
增长	5928	0.000743269573643119	0.348228440543199
今年	5882	0.000737501962241705	0.34896594250544
本	5873	0.000736373516532733	0.349702316021973
旅游	5868	0.00073574660224997	0.350438062624223
第一	5860	0.00073474353939755	0.351172806163621
天	5764	0.000722706785168512	0.351895512948789
让	5757	0.000721829105172645	0.352617342053962
或	5701	0.000714807665205706	0.353332149719168
不断	5681	0.000712300008074656	0.354044449727242
主要	5645	0.000707786225238767	0.354752235952481
一些	5567	0.000698006362427673	0.355450242314909
户	5564	0.000697630213858015	0.356147872528767
伊拉克	5555	0.000696501768149043	0.356844374296916
方面	5524	0.000692614899595916	0.357536989196512
安全	5518	0.000691862602456601	0.358228851798968
地区	5514	0.000691361071030391	0.358920212869999
国际	5510	0.000690859539604181	0.359611072409603
亩	5461	0.00068471577963311	0.360295788189236
比	5424	0.000680076613940668	0.360975864803177
区	5394	0.000676315128244093	0.361652179931421
城市	5380	0.000674559768252359	0.362326739699673
完成	5374	0.000673807471113044	0.363000547170786
新华社	5368	0.000673055173973729	0.36367360234476
举行	5364	0.000672553642547519	0.364346155987307
必须	5333	0.000668666773994392	0.365014822761302
前	5331	0.000668416008281287	0.365683238769583
中心	5297	0.000664152991158502	0.366347391760742
达	5277	0.000661645334027453	0.367009037094769
政策	5248	0.000658009231187431	0.367667046325956
贯彻	5230	0.000655752339769486	0.368322798665726
几	5215	0.000653871596921199	0.368976670262647
努力	5208	0.000652993916925331	0.369629664179572
世界	5205	0.000652617768355674	0.370282281947928
就业	5204	0.000652492385499122	0.370934774333427
高	5174	0.000648730899802547	0.37158350523323
加快	5173	0.000648605516945995	0.372232110750176
推进	5128	0.000642963288401133	0.372875074038577
资源	5123	0.00064233637411837	0.373517410412695
得	5115	0.000641333311265951	0.374158743723961
提供	5107	0.000640330248413531	0.374799073972375
条	5098	0.000639201802704558	0.375438275775079
最	5097	0.000639076419848006	0.376077352194927
以上	5095	0.000638825654134901	0.376716177849062
她	5082	0.000637195676999719	0.377353373526062
经营	5071	0.000635816465577641	0.37798918999164
职工	5062	0.000634688019868669	0.378623878011508
促进	5060	0.000634437254155564	0.379258315265664
目标	5059	0.000634311871299011	0.379892627136963
产品	5058	0.000634186488442459	0.380526813625405
提出	5047	0.000632807277020382	0.381159620902426
民族	4997	0.000626538134192758	0.381786159036618
贵阳市	4994	0.0006261619856231	0.382412321022242
措施	4943	0.000619767459938924	0.38303208848218
可以	4931	0.000618262865660294	0.383650351347841
项	4927	0.000617761334234084	0.384268112682075
增加	4861	0.00060948606570162	0.384877598747776
过	4846	0.000607605322853333	0.38548520407063
研究	4831	0.000605724580005045	0.386090928650635
再	4818	0.000604094602869863	0.386695023253505
北京	4802	0.000602088477165023	0.38729711173067
参加	4802	0.000602088477165023	0.387899200207835
就是	4796	0.000601336180025708	0.38850053638786
去	4792	0.000600834648599499	0.38910137103646
落实	4763	0.000597198545759477	0.389698569582219
发生	4747	0.000595192420054637	0.390293762002274
更	4743	0.000594690888628427	0.390888452890902
时间	4694	0.000588547128657355	0.39147700001956
各级	4656	0.000583782580108361	0.392060782599668
责任	4635	0.000581149540120759	0.392641932139789
同志	4633	0.000580898774407654	0.393222830914197
开始	4606	0.000577513437280737	0.393800344351477
社会主义	4600	0.000576761140141422	0.394377105491619
基本	4588	0.000575256545862792	0.394952362037482
这些	4565	0.000572372740162085	0.395524734777644
收入	4559	0.00057162044302277	0.396096355220666
余	4559	0.00057162044302277	0.396667975663689
水平	4550	0.000570491997313798	0.397238467661003
规定	4531	0.000568109723039301	0.397806577384042
政治	4526	0.000567482808756538	0.398374060192799
学生	4515	0.000566103597334461	0.398940163790133
学校	4513	0.000565852831621356	0.399506016621755
合作	4506	0.000564975151625488	0.40007099177338
已经	4485	0.000562342111637886	0.400633333885018
宣传	4485	0.000562342111637886	0.401195675996656
结构	4484	0.000562216728781334	0.401757892725437
作用	4447	0.000557577563088892	0.402315470288526
近	4415	0.000553565311679213	0.402869035600205
报	4407	0.000552562248826793	0.403421597849032
以来	4392	0.000550681505978505	0.40397227935501
这个	4364	0.000547170785995036	0.404519450141005
小康	4361	0.000546794637425378	0.405066244778431
点	4338	0.000543910831724671	0.405610155610156
其中	4337	0.000543785448868119	0.406153941059024
形成	4332	0.000543158534585356	0.406697099593609
乡	4330	0.000542907768872251	0.407240007362481
质量	4314	0.000540901643167412	0.407780909005649
机构	4314	0.000540901643167412	0.408321810648816
需要	4312	0.000540650877454307	0.40886246152627
条件	4302	0.000539397048888782	0.409401858575159
认真	4300	0.000539146283175677	0.409941004858335
创新	4294	0.000538393986036362	0.410479398844371
保护	4276	0.000536137094618417	0.41101553593899
任务	4268	0.000535134031765997	0.411550669970756
办	4251	0.000533002523204605	0.41208367249396
由于	4242	0.000531874077495633	0.412615546571456
历史	4222	0.000529366420364583	0.41314491299182
公路	4213	0.000528237974655611	0.413673150966476
地方	4205	0.000527234911803191	0.414200385878279
结合	4181	0.000524225723245931	0.414724611601525
表示	4177	0.000523724191819722	0.415248335793345
充分	4168	0.000522595746110749	0.415770931539456
广大	4160	0.000521592683258329	0.416292524222714
调整	4135	0.000518458111844517	0.416810982334558
外	4133	0.000518207346131412	0.41732918968069
继续	4085	0.000512188969016893	0.417841378649707
取得	4076	0.000511060523307921	0.418352439173015
省委	4052	0.000508051334750661	0.418860490507765
发现	4042	0.000506797506185136	0.419367288013951
支持	4008	0.000502534489062352	0.419869822503013
投入	3999	0.00050140604335338	0.420371228546366
得到	3998	0.000501280660496827	0.420872509206863
人才	3991	0.00050040298050096	0.421372912187364
行政	3975	0.00049839685479612	0.42187130904216
认为	3975	0.00049839685479612	0.422369705896956
能力	3969	0.000497644557656805	0.422867350454613
以及	3965	0.000497143026230595	0.423364493480844
完善	3955	0.00049588919766507	0.423860382678509
监督	3952	0.000495513049095413	0.424355895727604
应	3937	0.000493632306247126	0.424849528033851
关系	3928	0.000492503860538153	0.425342031894389
决定	3917	0.000491124649116076	0.425833156543506
很	3914	0.000490748500546418	0.426323905044052
专家	3909	0.000490121586263656	0.426814026630316
采取	3901	0.000489118523411236	0.427303145153727
实际	3898	0.000488742374841579	0.427791887528568
局	3865	0.000484604740575347	0.428276492269144
防治	3853	0.000483100146296717	0.42875959241544
贵州省	3841	0.000481595552018087	0.429241187967459
健康	3835	0.000480843254878772	0.429722031222337
进	3821	0.000479087894887038	0.430201119117224
图	3815	0.000478335597747723	0.430679454714972
科学	3812	0.000477959449178065	0.43115741416415
水	3809	0.000477583300608408	0.431634997464759
共	3802	0.00047670562061254	0.432111703085371
基地	3787	0.000474824877764253	0.432586527963135
走	3786	0.000474699494907701	0.433061227458043
培训	3767	0.000472317220633203	0.433533544678676
占	3766	0.000472191837776651	0.434005736516453
同	3717	0.000466048077805579	0.434471784594258
事业	3717	0.000466048077805579	0.434937832672064
部分	3713	0.000465546546379369	0.435403379218443
影响	3713	0.000465546546379369	0.435868925764823
优势	3709	0.000465045014953159	0.436333970779776
先进	3706	0.000464668866383502	0.436798639646159
发挥	3699	0.000463791186387635	0.437262430832547
困难	3692	0.000462913506391767	0.437725344338939
指导	3681	0.00046153429496969	0.438186878633909
中央	3679	0.000461283529256585	0.438648162163165
报告	3654	0.000458148957842773	0.439106311121008
万	3646	0.000457145894990353	0.439563457015998
看	3643	0.000456769746420696	0.440020226762419
你	3635	0.000455766683568276	0.440475993445987
按照	3618	0.000453635175006884	0.440929628620994
正在	3607	0.000452255963584806	0.441381884584579
实行	3589	0.000449999072166861	0.441831883656746
成	3587	0.000449748306453757	0.4422816319632
扶贫	3579	0.000448745243601337	0.442730377206801
这样	3564	0.000446864500753049	0.443177241707554
介绍	3564	0.000446864500753049	0.443624106208307
吨	3555	0.000445736055044077	0.444069842263351
稳定	3547	0.000444732992191657	0.444514575255543
计划	3545	0.000444482226478552	0.444959057482021
美	3536	0.00044335378076958	0.445402411262791
岁	3536	0.00044335378076958	0.44584576504356
方式	3527	0.000442225335060608	0.446287990378621
镇	3496	0.000438338466507481	0.446726328845128
达到	3469	0.000434953129380564	0.447161281974509
进入	3455	0.000433197769388829	0.447594479743898
村民	3444	0.000431818557966751	0.448026298301865
具有	3433	0.000430439346544674	0.448456737648409
各项	3428	0.000429812432261912	0.448886550080671
组	3426	0.000429561666548807	0.44931611174722
保障	3416	0.000428307837983282	0.449744419585203
生态	3404	0.000426803243704652	0.450171222828908
现在	3393	0.000425424032282575	0.450596646861191
深入	3393	0.000425424032282575	0.451022070893473
利用	3389	0.000424922500856365	0.451446993394329
根据	3369	0.000422414843725315	0.451869408238055
西部	3364	0.000421787929442553	0.452291196167497
却	3356	0.000420784866590133	0.452711981034087
重大	3354	0.000420534100877028	0.453132515134964
切实	3334	0.000418026443745978	0.45355054157871
了解	3332	0.000417775678032873	0.453968317256743
统一	3331	0.000417650295176321	0.45438596755192
出现	3324	0.000416772615180453	0.4548027401671
抓	3321	0.000416396466610796	0.455219136633711
场	3319	0.000416145700897691	0.455635282334609
一定	3311	0.000415142638045271	0.456050424972654
部	3307	0.000414641106619061	0.456465066079273
检查	3301	0.000413888809479746	0.456878954888753
战略	3300	0.000413763426623194	0.457292718315376
去年	3297	0.000413387278053537	0.457706105593429
文明	3289	0.000412384215201117	0.45811848980863
大力	3285	0.000411882683774907	0.458530372492405
医院	3280	0.000411255769492144	0.458941628261897
加大	3276	0.000410754238065934	0.459352382499963
信息	3264	0.000409249643787305	0.459761632143751
机关	3256	0.000408246580934885	0.460169878724686
农户	3249	0.000407368900939017	0.460577247625625
实践	3237	0.000405864306660387	0.460983111932285
贫困	3228	0.000404735860951415	0.461387847793236
增强	3225	0.000404359712381758	0.461792207505618
特色	3216	0.000403231266672785	0.462195438772291
分	3204	0.000401726672394156	0.462597165444685
米	3200	0.000401225140967946	0.462998390585653
因	3189	0.000399845929545868	0.463398236515199
法律	3185	0.000399344398119658	0.463797580913319
个人	3181	0.000398842866693448	0.464196423780012
不能	3180	0.000398717483836896	0.464595141263849
各种	3174	0.000397965186697581	0.464993106450547
系统	3172	0.000397714420984476	0.465390820871531
只	3166	0.000396962123845161	0.465787782995376
为了	3153	0.000395332146709979	0.466183115142086
送	3150	0.000394955998140321	0.466578071140226
设施	3142	0.000393952935287902	0.466972024075514
依法	3137	0.000393326021005139	0.467365350096519
体制	3128	0.000392197575296167	0.467757547671816
机制	3125	0.000391821426726509	0.468149369098542
良好	3111	0.000390066066734775	0.468539435165277
共同	3090	0.000387433026747172	0.468926868192024
帮助	3087	0.000387056878177515	0.469313925070202
利益	3078	0.000385928432468543	0.46969985350267
标准	3072	0.000385176135329228	0.470085029637999
委	3062	0.000383922306763703	0.470468951944763
书记	3044	0.000381665415345758	0.470850617360109
使用	3019	0.000378530843931946	0.471229148204041
处	3017	0.000378280078218841	0.47160742828226
确保	3014	0.000377903929649184	0.471985332211909
经	3001	0.000376273952514001	0.472361606164423
土地	2999	0.000376023186800897	0.472737629351224
其他	2998	0.000375897803944344	0.473113527155168
长	2992	0.000375145506805029	0.473488672661973
无	2991	0.000375020123948477	0.473863692785922
比赛	2987	0.000374518592522267	0.474238211378444
每	2984	0.000374142443952609	0.474612353822396
它	2973	0.000372763232530532	0.474985117054927
自	2965	0.000371760169678112	0.475356877224605
规划	2957	0.000370757106825692	0.475727634331431
行为	2955	0.000370506341112587	0.476098140672543
号	2950	0.000369879426829825	0.476468020099373
有效	2948	0.00036962866111672	0.47683764876049
价格	2940	0.0003686255982643	0.477206274358754
交通	2934	0.000367873301124985	0.477574147659879
推动	2926	0.000366870238272565	0.477941017898152
人们	2923	0.000366494089702908	0.478307511987855
如	2917	0.000365741792563593	0.478673253780418
按	2914	0.000365365643993935	0.479038619424412
非	2909	0.000364738729711173	0.479403358154123
仅	2908	0.000364613346854621	0.479767971500978
当	2905	0.000364237198284963	0.480132208699263
路	2902	0.000363861049715306	0.480496069748978
当地	2895	0.000362983369719438	0.480859053118698
处理	2885	0.000361729541153913	0.481220782659852
各地	2871	0.000359974181162179	0.481580756841014
起来	2870	0.000359848798305626	0.481940605639319
这种	2866	0.000359347266879416	0.482299952906199
卫生	2865	0.000359221884022864	0.482659174790222
扩大	2859	0.000358469586883549	0.483017644377105
体系	2859	0.000358469586883549	0.483376113963989
知识	2857	0.000358218821170444	0.483734332785159
力度	2855	0.000357968055457339	0.484092300840617
关于	2847	0.000356964992604919	0.484449265833222
种植	2843	0.000356463461178709	0.4848057292944
获得	2841	0.000356212695465604	0.485161941989866
第二	2833	0.000355209632613184	0.485517151622479
党委	2832	0.000355084249756632	0.485872235872236
工业	2831	0.000354958866900079	0.486227194739136
传统	2820	0.000353579655478002	0.486580774394614
严重	2810	0.000352325826912477	0.486933100221526
指出	2807	0.00035194967834282	0.487285049899869
规范	2806	0.000351824295486267	0.487636874195355
正	2802	0.000351322764060057	0.487988196959415
召开	2787	0.00034944202121177	0.488337638980627
国	2781	0.000348689724072455	0.4886863287047
站	2778	0.000348313575502798	0.489034642280202
经过	2777	0.000348188192646245	0.489382830472849
带	2777	0.000348188192646245	0.489731018665495
成功	2777	0.000348188192646245	0.490079206858141
许多	2769	0.000347185129793825	0.490426391987935
级	2761	0.000346182066941406	0.490772574054877
认识	2742	0.000343799792666908	0.491116373847543
销售	2731	0.000342420581244831	0.491458794428788
成立	2731	0.000342420581244831	0.491801215010033
造成	2728	0.000342044432675174	0.492143259442708
公里	2707	0.000339411392687572	0.492482670835396
队	2699	0.000338408329835152	0.492821079165231
车	2698	0.000338282946978599	0.49315936211221
批	2694	0.000337781415552389	0.493497143527762
规模	2687	0.000336903735556522	0.493834047263318
编辑	2679	0.000335900672704102	0.494169947936023
国务院	2677	0.000335649906990997	0.494505597843014
保持	2677	0.000335649906990997	0.494841247750005
方	2674	0.00033527375842134	0.495176521508426
打	2666	0.00033427069556892	0.495510792203995
人口	2664	0.000334019929855815	0.495844812133851
希望	2657	0.000333142249859947	0.496177954383711
件	2650	0.00033226456986408	0.496510218953575
那	2648	0.000332013804150975	0.496842232757726
因为	2647	0.000331888421294423	0.49717412117902
山	2646	0.00033176303843787	0.497505884217458
财政	2645	0.000331637655581318	0.497837521873039
才	2642	0.00033126150701166	0.498168783380051
高度	2641	0.000331136124155108	0.498499919504206
总	2637	0.000330634592728898	0.498830554096935
随	2621	0.000328628467024058	0.499159182563959
建	2615	0.000327876169884743	0.499487058733844
看到	2608	0.000326998489888876	0.499814057223733
保证	2598	0.000325744661323351	0.500139801885056
改造	2598	0.000325744661323351	0.500465546546379
理论	2593	0.000325117747040588	0.50079066429342
数	2566	0.000321732409913671	0.501112396703334
内容	2561	0.000321105495630909	0.501433502198965
强	2558	0.000320729347061252	0.501754231546026
素质	2554	0.000320227815635042	0.502074459361661
如果	2553	0.000320102432778489	0.502394561794439
党员	2549	0.000319600901352279	0.502714162695792
强调	2548	0.000319475518495727	0.503033638214287
乡镇	2542	0.000318723221356412	0.503352361435644
月	2542	0.000318723221356412	0.503671084657
州	2538	0.000318221689930202	0.50398930634693
行动	2535	0.000317845541360544	0.504307151888291
厂	2526	0.000316717095651572	0.504623868983943
制定	2525	0.00031659171279502	0.504940460696737
负责人	2521	0.00031609018136881	0.505256550878106
每年	2521	0.00031609018136881	0.505572641059475
军	2518	0.000315714032799152	0.505888355092274
协调	2517	0.0003155886499426	0.506203943742217
维护	2515	0.000315337884229495	0.506519281626446
不仅	2503	0.000313833289950865	0.506833114916397
行业	2501	0.00031358252423776	0.507146697440635
台	2498	0.000313206375668103	0.507459903816303
建成	2490	0.000312203312815683	0.507772107129119
只有	2476	0.000310447952823948	0.508082555081943
重视	2444	0.000306435701414268	0.508388990783357
青年	2442	0.000306184935701164	0.508695175719058
则	2440	0.000305934169988059	0.509001109889046
线	2436	0.000305432638561849	0.509306542527608
贷款	2435	0.000305307255705296	0.509611849783313
综合	2430	0.000304680341422534	0.509916530124736
医疗	2427	0.000304304192852876	0.510220834317589
分别	2426	0.000304178809996324	0.510525013127585
受	2423	0.000303802661426666	0.510828815789012
联系	2420	0.000303426512857009	0.511132242301869
执行	2420	0.000303426512857009	0.511435668814726
调查	2420	0.000303426512857009	0.511739095327583
报道	2415	0.000302799598574246	0.512041894926157
劳动	2413	0.000302548832861142	0.512344443759018
钱	2402	0.000301169621439064	0.512645613380457
存在	2401	0.000301044238582512	0.51294665761904
全部	2392	0.000299915792873539	0.513246573411913
及时	2387	0.000299288878590777	0.513545862290504
头	2378	0.000298160432881805	0.513844022723386
负责	2373	0.000297533518599042	0.514141556241985
蔬菜	2372	0.00029740813574249	0.514438964377728
民	2369	0.000297031987172832	0.5147359963649
委员会	2364	0.00029640507289007	0.51503240143779
可能	2363	0.000296279690033517	0.515328681127824
入	2345	0.000294022798615573	0.51562270392644
突出	2345	0.000294022798615573	0.515916726725055
严格	2343	0.000293772032902468	0.516210498757958
专业	2342	0.000293646650045915	0.516504145408003
全县	2332	0.00029239282148039	0.516796538229484
控制	2322	0.000291138992914866	0.517087677222399
队伍	2321	0.000291013610058313	0.517378690832457
改善	2320	0.000290888227201761	0.517669579059659
经验	2314	0.000290135930062446	0.517959714989721
集中	2306	0.000289132867210026	0.518248847856931
百	2303	0.000288756718640368	0.518537604575572
安排	2297	0.000288004421501053	0.518825608997073
接受	2286	0.000286625210078976	0.519112234207152
长期	2286	0.000286625210078976	0.519398859417231
办法	2275	0.000285245998656899	0.519684105415888
过程	2274	0.000285120615800346	0.519969226031688
特别是	2274	0.000285120615800346	0.520254346647488
包括	2273	0.000284995232943794	0.520539341880432
低	2268	0.000284368318661031	0.520823710199093
阶段	2259	0.000283239872952059	0.521106950072045
因此	2259	0.000283239872952059	0.521390189944997
老	2259	0.000283239872952059	0.521673429817949
找	2258	0.000283114490095507	0.521956544308045
患者	2248	0.000281860661529982	0.522238404969575
十分	2243	0.000281233747247219	0.522519638716822
创造	2238	0.000280606832964457	0.522800245549787
形式	2236	0.000280356067251352	0.523080601617038
自然	2230	0.000279603770112037	0.52336020538715
学	2222	0.000278600707259617	0.523638806094409
来自	2221	0.000278475324403065	0.523917281418813
过去	2220	0.000278349941546512	0.524195631360359
家庭	2214	0.000277597644407197	0.524473229004766
胡锦涛	2209	0.000276970730124435	0.524750199734891
力量	2206	0.000276594581554777	0.525026794316446
参与	2204	0.000276343815841673	0.525303138132287
全	2202	0.000276093050128568	0.525579231182416
根本	2195	0.0002752153701327	0.525854446552548
社区	2192	0.000274839221563043	0.526129285774111
委员	2190	0.000274588455849938	0.526403874229961
花	2187	0.00027421230728028	0.526678086537242
防	2179	0.00027320924442786	0.52695129578167
未	2178	0.000273083861571308	0.527224379643241
不同	2178	0.000273083861571308	0.527497463504812
想	2178	0.000273083861571308	0.527770547366384
日	2177	0.000272958478714756	0.528043505845098
市场经济	2175	0.000272707713001651	0.5283162135581
竞争	2171	0.000272206181575441	0.528588419739675
省政府	2169	0.000271955415862336	0.528860375155538
和平	2166	0.000271579267292678	0.52913195442283
举办	2164	0.000271328501579573	0.52940328292441
公斤	2163	0.000271203118723021	0.529674486043133
行	2151	0.000269698524444391	0.529944184567577
事	2145	0.000268946227305076	0.530213130794883
持续	2142	0.000268570078735419	0.530481700873618
相关	2141	0.000268444695878866	0.530750145569497
国内	2126	0.000266563953030579	0.531016709522527
林	2120	0.000265811655891264	0.531282521178419
西	2118	0.000265560890178159	0.531548082068597
金融	2106	0.000264056295899529	0.531812138364496
而且	2106	0.000264056295899529	0.532076194660396
抓好	2097	0.000262927850190557	0.532339122510586
近日	2096	0.000262802467334004	0.53260192497792
明确	2096	0.000262802467334004	0.532864727445254
开	2094	0.000262551701620899	0.533127279146875
意识	2087	0.000261674021625032	0.5333889531685
治疗	2084	0.000261297873055375	0.533650251041556
病人	2083	0.000261172490198822	0.533911423531755
重	2083	0.000261172490198822	0.534172596021953
这里	2083	0.000261172490198822	0.534433768512152
还有	2080	0.000260796341629165	0.534694564853781
日本	2078	0.00026054557591606	0.534955110429697
预防	2077	0.000260420193059507	0.535215530622757
明显	2074	0.00026004404448985	0.535475574667247
基层	2073	0.000259918661633297	0.53573549332888
城镇	2071	0.000259667895920192	0.5359951612248
面积	2062	0.00025853945021122	0.536253700675012
意见	2059	0.000258163301641563	0.536511863976653
告诉	2058	0.00025803791878501	0.536769901895438
酒	2056	0.000257787153071905	0.53702768904851
现代化	2055	0.000257661770215353	0.537285350818725
吃	2050	0.00025703485593259	0.537542385674658
食品	2049	0.000256909473076038	0.537799295147734
均	2046	0.00025653332450638	0.53805582847224
直接	2039	0.000255655644510513	0.538311484116751
联合	2037	0.000255404878797408	0.538566888995548
正式	2032	0.000254777964514645	0.538821666960063
孩子	2032	0.000254777964514645	0.539076444924578
现代	2024	0.000253774901662226	0.53933021982624
原则	2021	0.000253398753092568	0.539583618579332
生命	2019	0.000253147987379463	0.539836766566712
示范	2018	0.000253022604522911	0.540089789171235
受到	2015	0.000252646455953253	0.540342435627188
疫情	2014	0.000252521073096701	0.540594956700285
成绩	2012	0.000252270307383596	0.540847227007668
最大	2011	0.000252144924527043	0.541099371932195
建议	2007	0.000251643393100833	0.541351015325296
贡献	2006	0.000251518010244281	0.54160253333554
业务	2002	0.000251016478818071	0.541853549814358
小时	1999	0.000250640330248414	0.542104190144607
左右	1999	0.000250640330248414	0.542354830474855
药	1998	0.000250514947391861	0.542605345422247
先后	1997	0.000250389564535309	0.542855734986782
当前	1992	0.000249762650252546	0.543105497637035
都是	1987	0.000249135735969784	0.543354633373005
贵	1987	0.000249135735969784	0.543603769108974
即	1981	0.000248383438830469	0.543852152547805
曾	1970	0.000247004227408392	0.544099156775213
还是	1970	0.000247004227408392	0.544346161002622
不少	1970	0.000247004227408392	0.54459316523003
形势	1964	0.000246251930269077	0.544839417160299
下岗	1957	0.000245374250273209	0.545084791410572
此	1955	0.000245123484560104	0.545329914895132
之一	1950	0.000244496570277342	0.54557441146541
公开	1949	0.000244371187420789	0.545818782652831
逐步	1948	0.000244245804564237	0.546063028457395
施工	1946	0.000243995038851132	0.546307023496246
准备	1943	0.000243618890281474	0.546550642386528
电话	1933	0.00024236506171595	0.546793007448243
不是	1933	0.00024236506171595	0.547035372509959
手	1932	0.000242239678859397	0.547277612188819
带来	1928	0.000241738147433187	0.547519350336252
上海	1927	0.000241612764576635	0.547760963100829
所有	1927	0.000241612764576635	0.548002575865405
公	1927	0.000241612764576635	0.548244188629982
新闻	1924	0.000241236616006977	0.548485425245989
联合国	1916	0.000240233553154557	0.548725658799144
居民	1915	0.000240108170298005	0.548965766969442
农	1910	0.000239481256015243	0.549205248225457
第三	1910	0.000239481256015243	0.549444729481472
片	1907	0.000239105107445585	0.549683834588918
有的	1900	0.000238227427449718	0.549922062016367
管	1900	0.000238227427449718	0.550160289443817
但是	1897	0.00023785127888006	0.550398140722697
什么	1894	0.000237475130310403	0.550635615853008
期间	1890	0.000236973598884193	0.550872589451892
观念	1883	0.000236095918888326	0.55110868537078
品牌	1881	0.000235845153175221	0.551344530523955
事故	1873	0.000234842090322801	0.551579372614278
体现	1873	0.000234842090322801	0.551814214704601
超	1873	0.000234842090322801	0.552049056794924
成果	1867	0.000234089793183486	0.552283146588107
真正	1865	0.000233839027470381	0.552516985615577
带动	1863	0.000233588261757276	0.552750573877335
粮食	1860	0.000233212113187618	0.552983785990522
具体	1853	0.000232334433191751	0.553216120423714
原因	1853	0.000232334433191751	0.553448454856906
像	1853	0.000232334433191751	0.553680789290097
领域	1848	0.000231707518908989	0.553912496809006
六	1845	0.000231331370339331	0.554143828179346
城	1844	0.000231205987482779	0.554375034166829
事件	1844	0.000231205987482779	0.554606240154311
如何	1840	0.000230704456056569	0.554836944610368
大家	1838	0.000230453690343464	0.555067398300712
机遇	1838	0.000230453690343464	0.555297851991055
来到	1834	0.000229952158917254	0.555527804149972
引进	1833	0.000229826776060701	0.555757630926033
才能	1832	0.000229701393204149	0.555987332319237
教师	1831	0.000229576010347596	0.556216908329585
任何	1831	0.000229576010347596	0.556446484339932
执法	1830	0.000229450627491044	0.556675934967423
网	1826	0.000228949096064834	0.556904884063488
官兵	1826	0.000228949096064834	0.557133833159553
信	1823	0.000228572947495177	0.557362406107048
优秀	1823	0.000228572947495177	0.557590979054543
变化	1815	0.000227569884642757	0.557818548939186
治理	1813	0.000227319118929652	0.558045868058116
团结	1811	0.000227068353216547	0.558272936411332
黔	1809	0.000226817587503442	0.558499753998836
对于	1805	0.000226316056077232	0.558726070054913
东	1801	0.000225814524651022	0.558951884579564
现场	1800	0.000225689141794469	0.559177573721358
深化	1800	0.000225689141794469	0.559403262863153
主席	1799	0.000225563758937917	0.559628826622091
部队	1798	0.000225438376081364	0.559854264998172
改	1793	0.000224811461798602	0.560079076459971
优质	1792	0.00022468607894205	0.560303762538913
应当	1792	0.00022468607894205	0.560528448617855
没	1792	0.00022468607894205	0.560753134696797
培养	1792	0.00022468607894205	0.560977820775739
结果	1791	0.000224560696085497	0.561202381471825
意义	1789	0.000224309930372392	0.561426691402197
应该	1789	0.000224309930372392	0.561651001332569
大量	1786	0.000223933781802735	0.561874935114372
儿童	1785	0.000223808398946182	0.562098743513318
消费	1782	0.000223432250376525	0.562322175763695
讲话	1775	0.000222554570380657	0.562544730334076
校	1774	0.000222429187524105	0.5627671595216
网络	1768	0.00022167689038479	0.562988836411984
主任	1767	0.000221551507528237	0.563210387919513
非典型肺炎	1761	0.000220799210388923	0.563431187129902
现象	1761	0.000220799210388923	0.563651986340291
产生	1757	0.000220297678962713	0.563872284019253
例	1756	0.00022017229610616	0.56409245631536
院	1753	0.000219796147536503	0.564312252462896
双	1752	0.00021967076467995	0.564531923227576
关键	1752	0.00021967076467995	0.564751593992256
反映	1749	0.000219294616110293	0.564970888608366
始终	1749	0.000219294616110293	0.565190183224477
仍	1748	0.00021916923325374	0.56540935245773
设备	1747	0.000219043850397188	0.565628396308127
集团	1747	0.000219043850397188	0.565847440158525
道路	1743	0.000218542318970978	0.566065982477496
组成	1742	0.000218416936114425	0.56628439941361
民主	1742	0.000218416936114425	0.566502816349725
道德	1738	0.000217915404688215	0.566720731754413
相	1737	0.000217790021831663	0.566938521776244
给予	1733	0.000217288490405453	0.56715581026665
接	1727	0.000216536193266138	0.567372346459916
一直	1723	0.000216034661839928	0.567588381121756
疾病	1722	0.000215909278983376	0.567804290400739
这次	1722	0.000215909278983376	0.568020199679723
生	1717	0.000215282364700613	0.568235482044423
既	1711	0.000214530067561298	0.568450012111985
发	1710	0.000214404684704746	0.568664416796689
心	1709	0.000214279301848193	0.568878696098538
香港	1707	0.000214028536135089	0.569092724634673
住	1705	0.000213777770421984	0.569306502405095
统计	1705	0.000213777770421984	0.569520280175517
采访	1701	0.000213276238995774	0.569733556414512
业	1699	0.000213025473282669	0.569946581887795
出席	1698	0.000212900090426116	0.570159481978221
便	1691	0.000212022410430249	0.570371504388651
成员	1691	0.000212022410430249	0.570583526799082
范围	1677	0.000210267050438514	0.57079379384952
需求	1672	0.000209640136155752	0.571003433985676
效益	1671	0.000209514753299199	0.571212948738975
发表	1669	0.000209263987586094	0.571422212726561
消费者	1668	0.000209138604729542	0.571631351331291
丰富	1668	0.000209138604729542	0.57184048993602
小组	1665	0.000208762456159884	0.57204925239218
少	1661	0.000208260924733674	0.572257513316914
获	1653	0.000207257861881254	0.572464771178795
协会	1653	0.000207257861881254	0.572672029040676
引起	1651	0.000207007096168149	0.572879036136845
约	1650	0.000206881713311597	0.573085917850156
设计	1648	0.000206630947598492	0.573292548797755
更加	1648	0.000206630947598492	0.573499179745353
各类	1647	0.00020650556474194	0.573705685310095
每天	1645	0.000206254799028835	0.573911940109124
增收	1644	0.000206129416172282	0.574118069525296
部署	1644	0.000206129416172282	0.574324198941468
农产品	1641	0.000205753267602625	0.574529952209071
比较	1640	0.000205627884746072	0.574735580093817
制	1639	0.00020550250188952	0.574941082595707
结束	1638	0.000205377119032967	0.57514645971474
教学	1638	0.000205377119032967	0.575351836833773
合理	1636	0.000205126353319862	0.575556963187093
艺术	1636	0.000205126353319862	0.575762089540412
正确	1635	0.00020500097046331	0.575967090510876
关注	1633	0.000204750204750205	0.576171840715626
减少	1632	0.000204624821893652	0.57637646553752
大会	1631	0.0002044994390371	0.576580964976557
突破	1630	0.000204374056180547	0.576785339032737
选择	1630	0.000204374056180547	0.576989713088918
围绕	1628	0.000204123290467442	0.577193836379385
写	1627	0.00020399790761089	0.577397834286996
金	1624	0.000203621759041232	0.577601456046037
老人	1623	0.00020349637618468	0.577804952422222
启动	1619	0.00020299484475847	0.578007947266981
一起	1615	0.00020249331333226	0.578210440580313
一切	1615	0.00020249331333226	0.578412933893645
段	1614	0.000202367930475708	0.578615301824121
加工	1612	0.000202117164762603	0.578817418988883
税收	1611	0.00020199178190605	0.579019410770789
汽车	1611	0.00020199178190605	0.579221402552695
日前	1610	0.000201866399049498	0.579423268951745
关心	1608	0.000201615633336393	0.579624884585081
战争	1608	0.000201615633336393	0.579826500218418
方法	1606	0.000201364867623288	0.580027865086041
期	1604	0.000201114101910183	0.580228979187951
总统	1604	0.000201114101910183	0.580430093289861
甚至	1604	0.000201114101910183	0.580631207391771
集体	1604	0.000201114101910183	0.580832321493682
类	1603	0.00020098871905363	0.581033310212735
商	1599	0.00020048718762742	0.581233797400363
广泛	1597	0.000200236421914315	0.581434033822277
超过	1595	0.00019998565620121	0.581634019478478
放	1592	0.000199609507631553	0.58183362898611
改变	1591	0.000199484124775	0.582033113110885
或者	1590	0.000199358741918448	0.582232471852803
考察	1588	0.000199107976205343	0.582431579829009
最后	1587	0.000198982593348791	0.582630562422357
进步	1581	0.000198230296209476	0.582828792718567
确定	1581	0.000198230296209476	0.583027023014776
书	1576	0.000197603381926713	0.583224626396703
作风	1574	0.000197352616213608	0.583421979012917
引导	1571	0.000196976467643951	0.583618955480561
到了	1568	0.000196600319074293	0.583815555799635
搞	1567	0.000196474936217741	0.584012030735853
近年来	1566	0.000196349553361188	0.584208380289214
保	1565	0.000196224170504636	0.584404604459719
开放	1559	0.000195471873365321	0.584600076333084
双方	1557	0.000195221107652216	0.584795297440736
权	1555	0.000194970341939111	0.584990267782675
市民	1553	0.000194719576226006	0.585184987358901
支	1550	0.000194343427656349	0.585379330786558
条例	1549	0.000194218044799796	0.585573548831357
时期	1545	0.000193716513373586	0.585767265344731
当天	1545	0.000193716513373586	0.585960981858105
之间	1542	0.000193340364803929	0.586154322222909
形象	1542	0.000193340364803929	0.586347662587712
更多	1541	0.000193214981947376	0.58654087756966
秩序	1541	0.000193214981947376	0.586734092551607
买	1540	0.000193089599090824	0.586927182150698
自身	1539	0.000192964216234271	0.587120146366932
辆	1539	0.000192964216234271	0.587313110583166
转变	1539	0.000192964216234271	0.587506074799401
座	1538	0.000192838833377719	0.587698913632778
难	1536	0.000192588067664614	0.587891501700443
台湾	1527	0.000191459621955642	0.588082961322399
价值	1525	0.000191208856242537	0.588274170178641
原	1524	0.000191083473385984	0.588465253652027
时代	1519	0.000190456559103222	0.588655710211131
靠	1517	0.000190205793390117	0.588845916004521
虽然	1517	0.000190205793390117	0.589036121797911
见	1515	0.000189955027677012	0.589226076825588
通知	1512	0.000189578879107354	0.589415655704695
武警	1512	0.000189578879107354	0.589605234583803
鼓励	1507	0.000188951964824592	0.589794186548627
铁路	1504	0.000188575816254934	0.589982762364882
伊	1502	0.000188325050541829	0.590171087415424
商品	1501	0.000188199667685277	0.590359287083109
早	1498	0.00018782351911562	0.590547110602225
案件	1494	0.00018732198768941	0.590734432589914
车辆	1492	0.000187071221976305	0.59092150381189
较	1486	0.00018631892483699	0.591107822736727
交流	1485	0.000186193541980437	0.591294016278708
平均	1485	0.000186193541980437	0.591480209820688
作品	1484	0.000186068159123885	0.591666277979812
程度	1484	0.000186068159123885	0.591852346138936
块	1483	0.000185942776267332	0.592038288915204
死亡	1481	0.000185692010554227	0.592223980925758
收费	1477	0.000185190479128017	0.592409171404886
妇女	1477	0.000185190479128017	0.592594361884014
厅	1475	0.000184939713414912	0.592779301597429
推广	1472	0.000184563564845255	0.592963865162274
批准	1472	0.000184563564845255	0.593148428727119
道	1470	0.00018431279913215	0.593332741526251
探索	1469	0.000184187416275598	0.593516928942527
为主	1469	0.000184187416275598	0.593701116358803
驻	1466	0.00018381126770594	0.593884927626509
份	1466	0.00018381126770594	0.594068738894215
选手	1463	0.000183435119136283	0.594252174013351
朝鲜	1462	0.00018330973627973	0.594435483749631
方案	1461	0.000183184353423178	0.594618668103054
病	1458	0.00018280820485352	0.594801476307907
出口	1457	0.000182682821996968	0.594984159129904
能够	1453	0.000182181290570758	0.595166340420475
针对	1453	0.000182181290570758	0.595348521711046
干	1452	0.000182055907714205	0.59553057761876
讲	1450	0.0001818051420011	0.595712382760761
间	1444	0.000181052844861785	0.595893435605623
称	1443	0.000180927462005233	0.596074363067628
军事	1443	0.000180927462005233	0.596255290529633
遵义	1441	0.000180676696292128	0.596435967225926
职业	1440	0.000180551313435576	0.596616518539361
药品	1440	0.000180551313435576	0.596797069852797
工资	1440	0.000180551313435576	0.596977621166232
运行	1439	0.000180425930579023	0.597158047096811
今天	1437	0.000180175164865918	0.597338222261677
非常	1436	0.000180049782009366	0.597518272043686
符合	1430	0.000179297484870051	0.597697569528556
树立	1428	0.000179046719156946	0.597876616247713
分析	1428	0.000179046719156946	0.59805566296687
运输	1425	0.000178670570587288	0.598234333537458
岗位	1422	0.000178294422017631	0.598412627959475
顺利	1422	0.000178294422017631	0.598590922381493
人均	1417	0.000177667507734868	0.598768589889228
转	1414	0.000177291359165211	0.598945881248393
口	1414	0.000177291359165211	0.599123172607558
思路	1412	0.000177040593452106	0.59930021320101
特别	1411	0.000176915210595554	0.599477128411606
犯罪	1410	0.000176789827739001	0.599653918239345
快	1409	0.000176664444882449	0.599830582684227
如今	1408	0.000176539062025896	0.600007121746253
人类	1407	0.000176413679169344	0.600183535425423
证	1407	0.000176413679169344	0.600359949104592
资产	1405	0.000176162913456239	0.600536112018048
今后	1399	0.000175410616316924	0.600711522634365
专门	1394	0.000174783702034161	0.600886306336399
税	1388	0.000174031404894846	0.601060337741294
多种	1387	0.000173906022038294	0.601234243763332
                                                                                                                                                                                                                                                                                                                                                                                                                                                                                                                                                                                                                                                                                                                                                                                                                                                                                                                                                                                                                                                                                                                                                                                                                                                                                                                                                                                                                                                                                                                                                                                                                                                                                                                                                                                                                                                                                                                                                                                                                                                                                                                                                                                                                                                                                                                                                                                                                                                                                                                                                                                                                                                                                                                                                                                                                                                                                                                                                                                                                                                                                                                                                                                                                                                                                                                                                                                                                                                                                                                                                                                                                                                                                                                                                                                                                                                                                                                                                                                                                                                                                                                                                                                                                                                                       