的	433523	0.0554112581778396	0.0554112581778396
和	102282	0.0130732955551281	0.0684845537329677
在	93071	0.0118959806281782	0.0803805343611459
了	88660	0.0113321834136765	0.0917127177748224
是	58007	0.00741423373874499	0.0991269515135674
为	42776	0.00546746534743316	0.104594416861001
个	37624	0.00480895633607222	0.109403373197073
发展	36289	0.0046383217222976	0.11404169491937
对	33413	0.00427072235958912	0.118312417278959
中	31398	0.00401317273655102	0.122325590015511
等	30509	0.00389954414355803	0.126225134159069
工作	30358	0.00388024389885394	0.130105378057922
有	29546	0.00377645715249814	0.133881835210421
上	29158	0.00372686447074192	0.137608699681163
要	26672	0.00340911342216985	0.141017813103332
元	26263	0.00335683660042167	0.144374649703754
建设	25967	0.00331900300815403	0.147693652711908
省	25438	0.00325138824359465	0.150945040955503
与	24382	0.00311641434685607	0.154061455302359
到	23984	0.00306554350319892	0.157126998805558
人	22870	0.00292315626743493	0.160050155072993
我	21874	0.00279585134210195	0.162846006415095
这	21480	0.00274549176320517	0.1655914981783
将	19889	0.00254213620476665	0.168133634383066
经济	19211	0.00245547682788336	0.17058911121095
以	19065	0.00243681566412973	0.17302592687508
也	18515	0.00236651675957839	0.175392443634658
地	18427	0.00235526893485017	0.177747712569508
不	18420	0.00235437422151952	0.180102086791028
多	18277	0.00233609650633617	0.182438183297364
他	17990	0.00229941325977938	0.184737596557143
从	17005	0.00217351431253743	0.186911110869681
大	16373	0.00209273448039843	0.189003845350079
就	16048	0.00205119421861809	0.191055039568697
说	15995	0.00204441996054314	0.19309945952924
新	15621	0.00199661670544823	0.195096076234688
企业	15545	0.00198690267500113	0.19708297890969
社会	15494	0.00198038404930637	0.199063362958996
进行	14848	0.00189781479050607	0.200961177749502
中国	14636	0.00187071775820628	0.202831895507708
年	14098	0.00180195264793606	0.204633848155644
问题	14094	0.00180144138317568	0.20643528953882
后	13667	0.00174686387000582	0.208182153408826
着	13510	0.00172679672816117	0.209908950136987
国家	13409	0.00171388729296174	0.211622837429949
还	13320	0.00170251165204343	0.213325349081992
农民	13084	0.0016723470311814	0.214997696113174
并	13027	0.00166506150834608	0.21666275762152
名	12905	0.00164946793315469	0.218312225554674
图片	12823	0.00163898700556703	0.219951212560241
把	12793	0.00163515251986423	0.221586365080106
政府	12668	0.00161917549610256	0.223205540576208
记者	12594	0.00160971709803566	0.224815257674244
两	12511	0.00159910835425791	0.226414366028502
管理	12470	0.00159386789046408	0.228008233918966
都	12453	0.00159169501523249	0.229599928934198
已	12192	0.00155833498961813	0.231158263923817
该	12083	0.00154440302489795	0.232702666948714
我们	11766	0.00150388529263836	0.234206552241353
下	11699	0.00149532160790211	0.235701873849255
好	11434	0.00146145031752737	0.237163324166782
部门	11322	0.00144713490423692	0.238610459071019
而	11265	0.00143984938140159	0.240050308452421
市场	11007	0.00140687280435751	0.241457181256778
来	10997	0.00140559464245658	0.242862775899235
被	10913	0.00139485808248873	0.244257633981724
加强	10720	0.00137018955780072	0.245627823539524
群众	10688	0.00136609943971773	0.246993922979242
向	10613	0.00135651322546073	0.248350436204703
教育	10508	0.00134309252550093	0.249693528730204
农村	10290	0.00131522859606058	0.251008757326264
重要	10282	0.00131420606653983	0.252322963392804
党	10126	0.00129426674088527	0.253617230133689
做	10051	0.00128468052662827	0.254901910660318
干部	10006	0.00127892879807407	0.256180839458392
贵州	9941	0.001270620745718	0.25745146020411
组织	9821	0.0012552828029068	0.258706743007017
出	9794	0.00125183176577428	0.259958574772791
领导	9690	0.00123853888200457	0.261197113654795
提高	9678	0.00123700508772345	0.262434118742519
活动	9630	0.00123086991059897	0.263664988653118
他们	9577	0.00122409565252402	0.264889084305642
时	9482	0.00121195311446515	0.266101037420107
会	9400	0.0012014721868775	0.267302509606984
人民	9369	0.0011975098849846	0.268500019491969
项目	9348	0.00119482574499264	0.269694845236962
家	9244	0.00118153286122293	0.270876378098185
工程	9233	0.00118012688313191	0.272056504981317
文化	9167	0.00117169101458574	0.273228195995902
生产	9160	0.00117079630125509	0.274398992297157
由	9098	0.0011628716974693	0.275561863994627
但	8981	0.00114791720322838	0.276709781197855
次	8925	0.00114075949658315	0.277850540694438
县	8904	0.00113807535659119	0.278988616051029
及	8755	0.00111903074426728	0.280107646795297
全国	8690	0.00111072269191122	0.281218369487208
通过	8492	0.00108541508627273	0.282303784573481
要求	8489	0.00108503163770245	0.283388816211183
据	8408	0.00107467852630489	0.284463494737488
服务	8358	0.00106828771680022	0.285531782454288
有关	8311	0.00106228035586584	0.286594062810154
本报讯	8240	0.00105320540636921	0.287647268216523
人员	8229	0.00105179942827818	0.288699067644802
使	8158	0.00104272447878155	0.289741792123583
又	8138	0.00104016815497969	0.290781960278563
实施	8009	0.00102367986645764	0.29180564014502
实现	7988	0.00102099572646568	0.292826635871486
用	7978	0.00101971756456475	0.293846353436051
技术	7840	0.00100207893033187	0.294848432366383
各	7761	0.000991981451314494	0.295840413817697
思想	7692	0.000983162134198053	0.296823575951895
制度	7674	0.000980861442776372	0.297804437394672
之	7641	0.000976643508503292	0.298781080903175
投资	7641	0.000976643508503292	0.299757724411678
村	7637	0.000976132243742918	0.300733856655421
没有	7593	0.000970508331378811	0.3017043649868
会议	7536	0.00096322280854349	0.302667587795344
开发	7517	0.000960794300931716	0.303628382096275
于	7503	0.000959004874270409	0.304587386970546
全省	7463	0.000953892226666675	0.305541279197212
改革	7425	0.000949035211443128	0.306490314408655
目前	7222	0.000923088524854178	0.30741340293351
所	7219	0.000922705076283898	0.308336108009794
农业	7024	0.000897780919215694	0.309233888929009
开展	7024	0.000897780919215694	0.310131669848225
种	7021	0.000897397470645414	0.31102906731887
其	7017	0.000896886205885041	0.311925953524755
全面	6977	0.000891773558281307	0.312817727083037
情况	6954	0.00088883378590916	0.313706560868946
里	6914	0.000883721138305426	0.314590282007251
解决	6901	0.000882059527834212	0.315472341535086
增长	6893	0.000881036998313465	0.316353378533399
市	6875	0.000878736306891785	0.317232114840291
公司	6806	0.000869916989775344	0.318102031830066
可	6755	0.000863398364080583	0.318965430194147
给	6683	0.000854195598393862	0.319819625792541
内	6614	0.000845376281277421	0.320665002073818
重点	6601	0.000843714670806207	0.321508716744624
建立	6572	0.0008400080012935	0.322348724745918
自己	6555	0.000837835126061913	0.32318655987198
生活	6548	0.000836940412731259	0.324023500284711
电	6511	0.000832211213697805	0.324855711498409
代表	6504	0.000831316500367152	0.325687027998776
同时	6479	0.000828121095614818	0.326515149094391
坚持	6475	0.000827609830854445	0.327342758925245
资金	6421	0.000820707756589404	0.328163466681834
环境	6408	0.00081904614611819	0.328982512827953
能力	6403	0.000818407065167724	0.32980091989312
单位	6386	0.000816234189936137	0.330617154083056
安全	6342	0.000810610277572029	0.331427764360628
资源	6330	0.000809076483290909	0.332236840843919
位	6287	0.000803580387116895	0.333040421231036
今年	6243	0.000797956474752787	0.333838377705789
规定	6203	0.000792843827149053	0.334631221532938
成为	6178	0.00078964842239672	0.335420869955335
积极	6173	0.000789009341446253	0.336209879296781
基础	6150	0.000786069569074106	0.336995948865855
学习	6146	0.000785558304313733	0.337781507170169
起	6115	0.000781596002420839	0.33856310317259
人才	6102	0.000779934391949625	0.339343037564539
进一步	6101	0.000779806575759532	0.340122844140299
让	6056	0.000774054847205331	0.340896898987504
行政	6019	0.000769325648171877	0.341666224635676
城市	6000	0.000766897140560103	0.342433121776236
条	5995	0.000766258059609637	0.343199379835846
比	5952	0.000760761963435623	0.343960141799281
本	5944	0.000759739433914876	0.344719881233196
精神	5926	0.000757438742493195	0.34547731997569
政策	5912	0.000755649315831888	0.346232969291521
能	5874	0.000750792300608341	0.34698376159213
产业	5845	0.000747085631095634	0.347730847223225
户	5817	0.00074350677777302	0.348474354000998
作	5756	0.000735709990177326	0.349210063991176
监督	5749	0.000734815276846672	0.349944879268022
科技	5749	0.000734815276846672	0.350679694544869
或	5739	0.000733537114945739	0.351413231659815
区	5732	0.000732642401615085	0.35214587406143
一些	5725	0.000731747688284432	0.352877621749714
贵阳	5721	0.000731236423524059	0.353608858173238
第一	5714	0.000730341710193405	0.354339199883432
作为	5707	0.000729446996862752	0.355068646880294
高	5699	0.000728424467342005	0.355797071347637
主要	5668	0.000724462165449111	0.356521533513086
我国	5641	0.00072101112831659	0.357242544641402
方面	5629	0.00071947733403547	0.357962021975438
亩	5554	0.000709891119778469	0.358671913095216
贵阳市	5546	0.000708868590257722	0.359380781685474
推进	5489	0.000701583067422401	0.360082364752896
旅游	5471	0.000699282376000721	0.360781647128897
小	5455	0.000697237316959227	0.361478884445856
天	5416	0.000692252485545587	0.362171136931402
达	5358	0.000684839146520172	0.362855976077922
前	5294	0.000676658910354198	0.363532634988276
落实	5289	0.000676019829403731	0.36420865481768
举行	5273	0.000673974770362237	0.364882629588042
科学	5229	0.00066835085799813	0.36555098044604
不断	5227	0.000668095225617943	0.366219075671658
地区	5221	0.000667328328477383	0.366886404000136
促进	5198	0.000664388556105236	0.367550792556241
完成	5190	0.000663366026584489	0.368214158582825
增加	5181	0.000662215680873649	0.368876374263699
责任	5155	0.000658892459931222	0.36953526672363
提出	5115	0.000653779812327488	0.370189046535958
以上	5094	0.000651095672335528	0.370840142208293
国际	5090	0.000650584407575154	0.371490726615868
可以	5069	0.000647900267583194	0.372138626883452
学校	4998	0.000638825318086566	0.372777452201538
必须	4983	0.000636908075235166	0.373414360276773
合作	4967	0.000634863016193672	0.374049223292967
项	4954	0.000633201405722459	0.37468242469869
中心	4949	0.000632562324771992	0.375314987023462
届	4945	0.000632051060011619	0.375947038083473
参加	4938	0.000631156346680965	0.376578194430154
学生	4924	0.000629366920019658	0.377207561350174
得	4888	0.000624765537176297	0.37783232688735
经营	4882	0.000623998640035737	0.378456325527386
几	4879	0.000623615191465457	0.379079940718851
各级	4845	0.000619269441002283	0.379699210159854
产品	4837	0.000618246911481537	0.380317457071335
提供	4833	0.000617735646721163	0.380935192718056
美国	4807	0.000614412425778736	0.381549605143835
民族	4789	0.000612111734357056	0.382161716878192
发生	4769	0.000609555410555189	0.382771272288747
研究	4766	0.000609171961984909	0.383380444250732
最	4744	0.000606360005802855	0.383986804256535
更	4731	0.000604698395331641	0.384591502651867
余	4721	0.000603420233430708	0.385194922885297
就是	4700	0.000600736093438748	0.385795658978736
加快	4667	0.000596518159165667	0.386392177137902
以来	4630	0.000591788960132213	0.386983966098034
地方	4604	0.000588465739189786	0.387572431837224
世界	4597	0.000587571025859132	0.388160002863083
措施	4557	0.000582458378255398	0.388742461241338
已经	4546	0.000581052400164372	0.389323513641503
努力	4546	0.000581052400164372	0.389904566041667
她	4533	0.000579390789693158	0.39048395683136
基本	4526	0.000578496076362505	0.391062452907723
过	4519	0.000577601363031851	0.391640054270755
收入	4500	0.000575172855420078	0.392215227126175
这些	4482	0.000572872163998397	0.392788099290173
需要	4474	0.00057184963447765	0.393359948924651
政治	4459	0.00056993239162625	0.393929881316277
新华社	4433	0.000566609170683823	0.394496490486961
培训	4421	0.000565075376402703	0.395061565863363
时间	4403	0.000562774684981022	0.395624340548344
去	4400	0.000562391236410742	0.396186731784755
点	4394	0.000561624339270182	0.396748356124025
其中	4394	0.000561624339270182	0.397309980463296
质量	4385	0.000560473993559342	0.397870454456855
至	4385	0.000560473993559342	0.398430928450414
目标	4375	0.000559195831658409	0.398990124282073
报	4372	0.000558812383088129	0.399548936665161
作用	4358	0.000557022956426822	0.400105959621588
近	4355	0.000556639507856542	0.400662599129444
水平	4354	0.000556511691666448	0.401219110821111
法律	4353	0.000556383875476355	0.401775494696587
开始	4342	0.000554977897385328	0.402330472593972
决定	4268	0.00054551949931842	0.402875992093291
形成	4249	0.000543090991706646	0.403419083084997
保护	4209	0.000537978344102912	0.4039570614291
关系	4188	0.000535294204110952	0.404492355633211
机关	4183	0.000534655123160485	0.405027010756372
完善	4175	0.000533632593639739	0.405560643350012
基地	4165	0.000532354431738805	0.40609299778175
这个	4159	0.000531587534598245	0.406624585316349
机构	4151	0.000530565005077498	0.407155150321426
充分	4148	0.000530181556507218	0.407685331877933
专家	4147	0.000530053740317125	0.40821538561825
条件	4136	0.000528647762226098	0.408744033380476
支持	4069	0.000520084077489843	0.409264117457966
外	4059	0.00051880591558891	0.409782923373555
同志	4034	0.000515610510836576	0.410298533884392
共	4027	0.000514715797505923	0.410813249681898
严重	4025	0.000514460165125736	0.411327709847023
社会主义	4006	0.000512031657513962	0.411839741504537
投入	4006	0.000512031657513962	0.412351773162051
方式	3999	0.000511136944183309	0.412862910106235
按照	3996	0.000510753495613029	0.413373663601848
任务	3994	0.000510497863232842	0.413884161465081
保障	3993	0.000510370047042749	0.414394531512123
看	3991	0.000510114414662562	0.414904645926786
认真	3988	0.000509730966092282	0.415414376892878
由于	3984	0.000509219701331909	0.41592359659421
以及	3980	0.000508708436571535	0.416432305030782
中央	3976	0.000508197171811162	0.416940502202593
得到	3974	0.000507941539430975	0.417448443742024
乡	3963	0.000506535561339948	0.417954979303364
职工	3946	0.000504362686108361	0.418459341989472
创新	3933	0.000502701075637148	0.418962043065109
继续	3928	0.000502061994686681	0.419464105059796
再	3928	0.000502061994686681	0.419966167054483
省委	3919	0.000500911648975841	0.420467078703458
认为	3919	0.000500911648975841	0.420967990352434
部分	3880	0.0004959268175622	0.421463917169996
图	3874	0.00049515992042164	0.421959077090418
就业	3865	0.0004940095747108	0.422453086665129
执政	3859	0.00049324267757024	0.422946329342699
历史	3825	0.000488896927107066	0.423435226269806
局	3817	0.000487874397586319	0.423923100667393
水	3798	0.000485445889974545	0.424408546557367
北京	3796	0.000485190257594359	0.424893736814961
取得	3777	0.000482761749982585	0.425376498564944
机制	3772	0.000482122669032118	0.425858621233976
同	3771	0.000481994852842025	0.426340616086818
发现	3733	0.000477137837618478	0.426817753924437
万	3733	0.000477137837618478	0.427294891762055
结构	3726	0.000476243124287824	0.427771134886343
占	3726	0.000476243124287824	0.428247378010631
这样	3720	0.000475476227147264	0.428722854237778
结合	3712	0.000474453697626517	0.429197307935405
处理	3703	0.000473303351915677	0.42967061128732
发挥	3698	0.00047266427096521	0.430143275558286
村民	3664	0.000468318520502036	0.430611594078788
或者	3664	0.000468318520502036	0.43107991259929
表示	3663	0.000468190704311943	0.431548103303602
贯彻	3662	0.00046806288812185	0.432016166191723
办	3642	0.000465506564319983	0.432481672756043
镇	3636	0.000464739667179423	0.432946412423223
去年	3621	0.000462822424328022	0.433409234847551
实行	3611	0.000461544262427089	0.433870779109978
粮食	3608	0.000461160813856809	0.434331939923835
利用	3602	0.000460393916716249	0.434792333840551
加大	3587	0.000458476673864848	0.435250810514416
扶贫	3587	0.000458476673864848	0.435709287188281
你	3582	0.000457837592914382	0.436167124781195
人口	3581	0.000457709776724288	0.436624834557919
应	3575	0.000456942879583728	0.437081777437503
其他	3573	0.000456687247203542	0.437538464684707
很	3559	0.000454897820542235	0.437993362505249
依法	3549	0.000453619658641301	0.43844698216389
采取	3536	0.000451958048170088	0.43889894021206
成	3536	0.000451958048170088	0.43935089826023
贫困	3535	0.000451830231979994	0.43980272849221
达到	3523	0.000450296437698874	0.440253024929909
党员	3519	0.000449785172938501	0.440702810102848
战略	3502	0.000447612297706914	0.441150422400555
事业	3493	0.000446461951996073	0.441596884352551
实际	3491	0.000446206319615887	0.442043090672167
伊拉克	3486	0.00044556723866542	0.442488657910832
影响	3481	0.000444928157714953	0.442933586068547
行为	3474	0.0004440334443843	0.443377619512931
统一	3465	0.00044288309867346	0.443820502611605
健康	3460	0.000442244017722993	0.444262746629328
计划	3453	0.000441349304392339	0.44470409593372
根据	3434	0.000438920796780566	0.445143016730501
介绍	3433	0.000438792980590472	0.445581809711091
公路	3428	0.000438153899640006	0.446019963610731
调整	3427	0.000438026083449912	0.446457989694181
交通	3420	0.000437131370119259	0.4468951210643
具有	3414	0.000436364472978699	0.447331485537279
了解	3411	0.000435981024408419	0.447767466561687
吨	3389	0.000433169068226365	0.448200635629914
宣传	3389	0.000433169068226365	0.44863380469814
西部	3382	0.000432274354895712	0.449066079053036
指导	3376	0.000431507457755151	0.449497586510791
车	3368	0.000430484928234405	0.449928071439025
利益	3355	0.000428823317763191	0.450356894756789
稳定	3331	0.000425755729200951	0.45078265048599
却	3321	0.000424477567300017	0.45120712805329
给予	3319	0.00042422193491983	0.451631349988209
信息	3314	0.000423582853969364	0.452054932842179
重大	3312	0.000423327221589177	0.452478260063768
走	3308	0.000422815956828804	0.452901076020597
委	3298	0.00042153779492787	0.453322613815525
出现	3291	0.000420643081597217	0.453743256897122
广大	3279	0.000419109287316096	0.454162366184438
正在	3273	0.000418342390175536	0.454580708574613
岁	3272	0.000418214573985443	0.454998923148599
组	3265	0.00041731986065479	0.455416243009254
检查	3263	0.000417064228274603	0.455833307237528
优势	3255	0.000416041698753856	0.456249348936282
进入	3242	0.000414380088282642	0.456663729024565
规划	3211	0.000410417786389749	0.457074146810954
现在	3207	0.000409906521629375	0.457484053332584
切实	3196	0.000408500543538348	0.457892553876122
每	3185	0.000407094565447322	0.45829964844157
不能	3183	0.000406838933067135	0.458706487374637
协调	3164	0.000404410425455361	0.459110897800092
系统	3151	0.000402748814984148	0.459513646615076
使用	3149	0.000402493182603961	0.45991613979768
米	3148	0.000402365366413868	0.460318505164094
部	3138	0.000401087204512934	0.460719592368607
价格	3135	0.000400703755942654	0.46112029612455
因	3132	0.000400320307372374	0.461520616431922
为了	3132	0.000400320307372374	0.461920936739294
各种	3131	0.000400192491182281	0.462321129230477
力度	3126	0.000399553410231814	0.462720682640708
贵州省	3117	0.000398403064520974	0.463119085705229
关于	3106	0.000396997086429947	0.463516082791659
生态	3102	0.000396485821669573	0.463912568613329
增强	3099	0.000396102373099293	0.464308670986428
国	3069	0.000392267887396493	0.464700938873825
设施	3066	0.000391884438826213	0.465092823312651
当地	3041	0.000388689034073879	0.465481512346725
共同	3032	0.000387538688363039	0.465869051035088
农户	3032	0.000387538688363039	0.466256589723451
确保	3027	0.000386899607412572	0.466643489330863
贷款	3021	0.000386132710272012	0.467029622041135
标准	3015	0.000385365813131452	0.467414987854267
第二	3015	0.000385365813131452	0.467800353667398
工业	3009	0.000384598915990892	0.468184952583389
土地	3006	0.000384215467420612	0.46856916805081
进	3006	0.000384215467420612	0.46895338351823
调查	3005	0.000384087651230518	0.469337471169461
只	3005	0.000384087651230518	0.469721558820691
良好	2980	0.000380892246478185	0.47010245106717
它	2976	0.000380380981717811	0.470482832048887
种植	2971	0.000379741900767345	0.470862573949655
大力	2969	0.000379486268387158	0.471242060218042
有效	2963	0.000378719371246598	0.471620779589289
体制	2959	0.000378208106486224	0.471998987695775
造成	2933	0.000374884885543797	0.472373872581319
内容	2924	0.000373734539832957	0.472747607121151
个人	2911	0.000372072929361743	0.473119680050513
强	2907	0.00037156166460137	0.473491241715115
先进	2906	0.000371433848411277	0.473862675563526
财政	2905	0.000371306032221183	0.474233981595747
意见	2903	0.000371050399840997	0.474605031995588
观	2897	0.000370283502700437	0.474975315498289
经	2897	0.000370283502700437	0.475345599000989
困难	2893	0.000369772237940063	0.475715371238929
长	2867	0.000366449016997636	0.476081820255927
报告	2867	0.000366449016997636	0.476448269272924
各项	2860	0.000365554303666983	0.476813823576591
处	2850	0.000364276141766049	0.477178099718357
特色	2847	0.000363892693195769	0.477541992411553
一定	2841	0.000363125796055209	0.477905118207608
成立	2834	0.000362231082724555	0.478267349290333
美	2831	0.000361847634154275	0.478629196924487
食品	2827	0.000361336369393902	0.478990533293881
无	2812	0.000359419126542502	0.479349952420423
按	2803	0.000358268780831662	0.479708221201255
党委	2801	0.000358013148451475	0.480066234349707
制定	2798	0.000357629699881195	0.480423864049588
场	2796	0.000357374067501008	0.480781238117089
孩子	2795	0.000357246251310915	0.4811384843684
维护	2791	0.000356734986550541	0.48149521935495
召开	2781	0.000355456824649608	0.4818506761796
级	2778	0.000355073376079328	0.482205749555679
帮助	2777	0.000354945559889234	0.482560695115568
件	2774	0.000354562111318954	0.482915257226887
获得	2773	0.000354434295128861	0.483269691522016
深入	2773	0.000354434295128861	0.483624125817145
自	2762	0.000353028317037834	0.483977154134183
体系	2756	0.000352261419897274	0.48432941555408
销售	2751	0.000351622338946807	0.484681037893027
规范	2746	0.000350983257996341	0.485032021151023
分	2745	0.000350855441806247	0.48538287659283
推动	2735	0.000349577279905314	0.485732453872735
经过	2731	0.00034906601514494	0.48608151988788
扩大	2701	0.00034523152944214	0.486426751417322
如果	2697	0.000344720264681766	0.486771471682004
带	2686	0.00034331428659074	0.487114785968594
农	2681	0.000342675205640273	0.487457461174235
保证	2680	0.000342547389450179	0.487800008563685
行业	2679	0.000342419573260086	0.488142428136945
增收	2677	0.000342163940879899	0.488484592077825
方	2668	0.000341013595169059	0.488825605672994
总	2666	0.000340757962788873	0.489166363635783
这种	2658	0.000339735433268126	0.489506099069051
文明	2657	0.000339607617078032	0.489845706686129
规模	2631	0.000336284396135605	0.490181991082265
当	2628	0.000335900947565325	0.49051789202983
仅	2621	0.000335006234234672	0.490852898264065
执行	2621	0.000335006234234672	0.491187904498299
批	2618	0.000334622785664392	0.491522527283964
存在	2616	0.000334367153284205	0.491856894437248
送	2612	0.000333855888523832	0.492190750325772
人们	2604	0.000332833359003085	0.492523583684775
如	2603	0.000332705542812991	0.492856289227588
那	2601	0.000332449910432805	0.49318873913802
路	2598	0.000332066461862525	0.493520805599883
台	2597	0.000331938645672431	0.493852744245555
实践	2591	0.000331171748531871	0.494183915994087
严格	2590	0.000331043932341778	0.494514959926429
国务院	2589	0.000330916116151685	0.494845876042581
分别	2582	0.000330021402821031	0.495175897445402
传统	2578	0.000329510138060658	0.495505407583462
行动	2578	0.000329510138060658	0.495834917721523
知识	2577	0.000329382321870564	0.496164300043394
高度	2572	0.000328743240920098	0.496493043284314
综合	2571	0.000328615424730004	0.496821658709044
直接	2569	0.000328359792349818	0.497150018501394
站	2564	0.000327720711399351	0.497477739212793
随	2562	0.000327465079019164	0.497805204291812
因为	2561	0.000327337262829071	0.498132541554641
突出	2557	0.000326825998068697	0.49845936755271
号	2553	0.000326314733308324	0.498785682286018
重视	2552	0.000326186917118231	0.499111869203136
相关	2549	0.000325803468547951	0.499437672671684
事故	2542	0.000324908755217297	0.499762581426902
指出	2531	0.00032350277712627	0.500086084204028
抓	2530	0.000323374960936177	0.500409459164964
素质	2529	0.000323247144746084	0.50073270630971
不仅	2529	0.000323247144746084	0.501055953454456
许多	2526	0.000322863696175803	0.501378817150632
月	2518	0.000321841166655057	0.501700658317287
起来	2515	0.000321457718084777	0.502022116035372
报道	2514	0.000321329901894683	0.502343445937266
处分	2508	0.000320563004754123	0.502664008942021
正	2502	0.000319796107613563	0.502983805049634
各地	2501	0.00031966829142347	0.503303473341058
打	2492	0.00031851794571263	0.50362199128677
数	2491	0.000318390129522536	0.503940381416293
成功	2491	0.000318390129522536	0.504258771545815
希望	2490	0.000318262313332443	0.504577033859148
负责人	2484	0.000317495416191883	0.50489452927534
百	2480	0.000316984151431509	0.505211513426771
每年	2479	0.000316856335241416	0.505528369762012
只有	2479	0.000316856335241416	0.505845226097254
公里	2471	0.000315833805720669	0.506161059902974
家庭	2470	0.000315705989530576	0.506476765892505
持续	2467	0.000315322540960296	0.506792088433465
明确	2466	0.000315194724770202	0.507107283158236
集中	2462	0.000314683460009829	0.507421966618245
才	2461	0.000314555643819736	0.507736522262065
面积	2461	0.000314555643819736	0.508051077905885
入	2454	0.000313660930489082	0.508364738836374
队伍	2450	0.000313149665728709	0.508677888502103
参与	2446	0.000312638400968335	0.508990526903071
书记	2442	0.000312127136207962	0.509302654039279
医疗	2438	0.000311615871447589	0.509614269910727
接受	2437	0.000311488055257495	0.509925757965984
乡镇	2434	0.000311104606687215	0.510236862572671
重	2424	0.000309826444786282	0.510546689017458
建成	2422	0.000309570812406095	0.510856259829864
委员会	2413	0.000308420466695255	0.511164680296559
过程	2412	0.000308292650505162	0.511472972947064
医院	2410	0.000308037018124975	0.511781009965189
山	2409	0.000307909201934882	0.512088919167124
非	2394	0.000305991959083481	0.512394911126207
编辑	2393	0.000305864142893388	0.512700775269101
包括	2392	0.000305736326703295	0.513006511595804
钱	2389	0.000305352878133014	0.513311864473937
看到	2383	0.000304585980992454	0.51361645045493
民主	2382	0.000304458164802361	0.513920908619732
比赛	2376	0.000303691267661801	0.514224599887394
来自	2367	0.000302540921950961	0.514527140809345
受	2363	0.000302029657190587	0.514829170466535
及时	2359	0.000301518392430214	0.515130688858966
厂	2352	0.000300623679099561	0.515431312538065
不同	2350	0.000300368046719374	0.515731680584784
业务	2345	0.000299728965768907	0.516031409550553
全部	2341	0.000299217701008534	0.516330627251562
老	2337	0.00029870643624816	0.51662933368781
强调	2331	0.0002979395391076	0.516927273226918
保持	2328	0.00029755609053732	0.517224829317455
原则	2313	0.00029563884768592	0.517520468165141
民	2313	0.00029563884768592	0.517816107012827
建	2312	0.000295511031495826	0.518111618044323
专业	2305	0.000294616318165173	0.518406234362488
小康	2295	0.00029333815626424	0.518699572518752
基层	2290	0.000292699075313773	0.518992271594066
办法	2282	0.000291676545793026	0.519283948139859
未	2279	0.000291293097222746	0.519575241237082
长期	2264	0.000289375854371346	0.519864617091453
自然	2262	0.000289120221991159	0.520153737313444
认识	2253	0.000287969876280319	0.520441707189724
改造	2242	0.000286563898189292	0.520728271087914
改善	2241	0.000286436081999199	0.521014707169913
队	2239	0.000286180449619012	0.521300887619532
信	2238	0.000286052633428919	0.521586940252961
低	2237	0.000285924817238825	0.5218728650702
劳动	2232	0.000285285736288358	0.522158150806488
则	2230	0.000285030103908172	0.522443180910396
因此	2230	0.000285030103908172	0.522728211014304
执法	2211	0.000282601596296398	0.523010812610601
经验	2210	0.000282473780106305	0.523293286390707
省政府	2205	0.000281834699155838	0.523575121089863
联系	2200	0.000281195618205371	0.523856316708068
负责	2197	0.000280812169635091	0.524137128877703
头	2189	0.000279789640114344	0.524416918517818
形式	2188	0.000279661823924251	0.524696580341742
军	2186	0.000279406191544064	0.524975986533286
安排	2183	0.000279022742973784	0.52525500927626
近日	2178	0.000278383662023318	0.525533392938283
还有	2177	0.000278255845833224	0.525811648784116
较	2169	0.000277233316312477	0.526088882100429
举办	2163	0.000276466419171917	0.526365348519601
公斤	2162	0.000276338602981824	0.526641687122582
可能	2156	0.000275571705841264	0.526917258828424
消费者	2156	0.000275571705841264	0.527192830534265
花	2150	0.000274804808700704	0.527467635342966
全	2146	0.00027429354394033	0.527741928886906
意识	2140	0.00027352664679977	0.528015455533706
领域	2137	0.00027314319822949	0.528288598731935
告诉	2137	0.00027314319822949	0.528561741930165
道路	2136	0.000273015382039397	0.528834757312204
汽车	2135	0.000272887565849303	0.529107644878053
公开	2124	0.000271481587758277	0.529379126465812
六	2122	0.00027122595537809	0.52965035242119
事	2116	0.00027045905823753	0.529920811479427
培养	2115	0.000270331242047436	0.530191142721475
国内	2110	0.00026969216109697	0.530460834882572
全县	2108	0.000269436528716783	0.530730271411288
创造	2107	0.00026930871252669	0.530999580123815
控制	2106	0.000269180896336596	0.531268761020152
十分	2106	0.000269180896336596	0.531537941916489
胡锦涛	2095	0.000267774918245569	0.531805716834734
过去	2094	0.000267647102055476	0.53207336393679
条例	2086	0.000266624572534729	0.532339988509324
蔬菜	2085	0.000266496756344636	0.532606485265669
还是	2077	0.000265474226823889	0.532871959492493
找	2076	0.000265346410633796	0.533137305903127
而且	2075	0.000265218594443702	0.53340252449757
想	2075	0.000265218594443702	0.533667743092014
受到	2075	0.000265218594443702	0.533932961686458
对于	2074	0.000265090778253609	0.534198052464711
第三	2067	0.000264196064922956	0.534462248529634
都是	2062	0.000263556983972489	0.534725805513607
香港	2062	0.000263556983972489	0.534989362497579
特别是	2061	0.000263429167782395	0.535252791665362
开	2050	0.000262023189691369	0.535514814855053
建议	2048	0.000261767557311182	0.535776582412364
均	2031	0.000259594682079595	0.536036177094444
理论	2029	0.000259339049699408	0.536295516144144
州	2028	0.000259211233509315	0.536554727377653
线	2018	0.000257933071608381	0.536812660449261
事件	2017	0.000257805255418288	0.53707046570468
教师	2016	0.000257677439228195	0.537328143143908
青年	2010	0.000256910542087635	0.537585053685995
卫生	2007	0.000256527093517355	0.537841580779513
反映	2006	0.000256399277327261	0.53809798005684
正式	2003	0.000256015828756981	0.538353995885597
款	2002	0.000255888012566888	0.538609883898164
成果	2000	0.000255632380186701	0.538865516278351
树立	2000	0.000255632380186701	0.539121148658537
根本	1999	0.000255504563996608	0.539376653222534
案件	1997	0.000255248931616421	0.53963190215415
联合	1996	0.000255121115426328	0.539887023269577
总统	1996	0.000255121115426328	0.540142144385003
有的	1994	0.000254865483046141	0.540397009868049
阶段	1994	0.000254865483046141	0.540651875351095
正确	1991	0.000254482034475861	0.540906357385571
城	1989	0.000254226402095674	0.541160583787667
明显	1987	0.000253970769715488	0.541414554557382
所有	1987	0.000253970769715488	0.541668525327098
示范	1986	0.000253842953525394	0.541922368280623
原因	1977	0.000252692607814554	0.542175060888438
不是	1977	0.000252692607814554	0.542427753496252
现场	1974	0.000252309159244274	0.542680062655496
什么	1973	0.000252181343054181	0.542932243998551
发	1972	0.000252053526864087	0.543184297525415
之一	1971	0.000251925710673994	0.543436223236089
左右	1969	0.000251670078293807	0.543687893314383
日	1968	0.000251542262103714	0.543939435576486
范围	1957	0.000250136284012687	0.544189571860499
道德	1956	0.000250008467822594	0.544439580328322
吃	1954	0.000249752835442407	0.544689333163764
区域	1951	0.000249369386872127	0.544938702550636
儿童	1948	0.000248985938301847	0.545187688488938
居民	1947	0.000248858122111754	0.54543654661105
具体	1947	0.000248858122111754	0.545685404733161
网络	1941	0.000248091224971193	0.545933495958132
网	1940	0.0002479634087811	0.546181459366914
最大	1939	0.000247835592591007	0.546429294959505
形势	1938	0.000247707776400913	0.546677002735905
管	1928	0.00024642961449998	0.546923432350405
城镇	1926	0.000246173982119793	0.547169606332525
法规	1925	0.0002460461659297	0.547415652498455
结果	1923	0.000245790533549513	0.547661443032004
抓好	1921	0.000245534901169326	0.547906977933174
权	1914	0.000244640187838673	0.548151618121012
应当	1912	0.000244384555458486	0.548396002676471
逐步	1912	0.000244384555458486	0.548640387231929
新闻	1901	0.000242978577367459	0.548883365809297
日本	1899	0.000242722944987273	0.549126088754284
协会	1898	0.000242595128797179	0.549368683883081
但是	1897	0.000242467312607086	0.549611151195688
酒	1897	0.000242467312607086	0.549853618508296
当前	1895	0.000242211680226899	0.550095830188522
不少	1894	0.000242083864036806	0.550337914052559
带来	1893	0.000241956047846713	0.550579870100406
委员	1888	0.000241316966896246	0.550821187067302
现代化	1882	0.000240550069755686	0.551061737137058
公	1881	0.000240422253565592	0.551302159390623
期间	1877	0.000239910988805219	0.551542070379429
这里	1877	0.000239910988805219	0.551781981368234
力量	1875	0.000239655356425032	0.552021636724659
体现	1871	0.000239144091664659	0.552260780816324
现代	1863	0.000238121562143912	0.552498902378468
即	1862	0.000237993745953819	0.552736896124421
竞争	1862	0.000237993745953819	0.552974889870375
像	1856	0.000237226848813259	0.553212116719188
行	1854	0.000236971216433072	0.553449087935621
接	1850	0.000236459951672699	0.553685547887294
才能	1844	0.000235693054532138	0.553921240941826
治理	1842	0.000235437422151952	0.554156678363978
社区	1842	0.000235437422151952	0.55439211578613
合理	1841	0.000235309605961858	0.554627425392092
各类	1835	0.000234542708821298	0.554861968100913
一起	1828	0.000233647995490645	0.555095616096404
集团	1828	0.000233647995490645	0.555329264091895
获	1822	0.000232881098350085	0.555562145190245
观念	1821	0.000232753282159991	0.555794898472405
更加	1820	0.000232625465969898	0.556027523938375
真	1820	0.000232625465969898	0.556260149404344
手	1808	0.000231091671688778	0.556491241076033
带动	1805	0.000230708223118498	0.556721949299152
产生	1804	0.000230580406928404	0.55695252970608
先后	1802	0.000230324774548218	0.557182854480628
保	1801	0.000230196958358124	0.557413051438986
版	1798	0.000229813509787844	0.557642864948774
关注	1798	0.000229813509787844	0.557872678458562
超过	1797	0.000229685693597751	0.55810236415216
甚至	1797	0.000229685693597751	0.558332049845757
集体	1791	0.000228918796457191	0.558560968642215
启动	1790	0.000228790980267097	0.558789759622482
选择	1788	0.000228535347886911	0.559018294970369
消费	1785	0.000228151899316631	0.559246446869685
曾	1784	0.000228024083126537	0.559474470952812
林	1781	0.000227640634556257	0.559702111587368
现象	1777	0.000227129369795884	0.559929240957164
校	1775	0.000226873737415697	0.560156114694579
工资	1772	0.000226490288845417	0.560382604983425
优质	1771	0.000226362472655324	0.56060896745608
改	1766	0.000225723391704857	0.560834690847785
超	1766	0.000225723391704857	0.56106041423949
优秀	1765	0.000225595575514764	0.561286009815005
贡献	1764	0.00022546775932467	0.561511477574329
制	1761	0.00022508431075439	0.561736561885084
真正	1761	0.00022508431075439	0.561961646195838
资产	1757	0.000224573045994017	0.562186219241832
片	1753	0.000224061781233644	0.562410281023066
和平	1751	0.000223806148853457	0.562634087171919
围绕	1750	0.000223678332663363	0.562857765504583
生命	1748	0.000223422700283177	0.563081188204866
意义	1747	0.000223294884093083	0.563304483088959
近年来	1747	0.000223294884093083	0.563527777973052
品牌	1746	0.00022316706790299	0.563750945040955
此	1746	0.00022316706790299	0.563974112108858
宪法	1745	0.000223039251712897	0.564197151360571
既	1739	0.000222272354572337	0.564419423715143
主席	1737	0.00022201672219215	0.564641440437335
类	1734	0.00022163327362187	0.564863073710957
金融	1730	0.000221122008861496	0.565084195719819
统计	1728	0.00022086637648131	0.5653050620963
职务	1726	0.000220610744101123	0.565525672840401
患者	1722	0.00022009947934075	0.565745772319742
学	1721	0.000219971663150656	0.565965743982893
引导	1719	0.00021971603077047	0.566185460013663
贵	1719	0.00021971603077047	0.566405176044434
应该	1717	0.000219460398390283	0.566624636442824
教学	1716	0.00021933258220019	0.566843969025024
没	1707	0.000218182236489349	0.567062151261513
运输	1707	0.000218182236489349	0.567280333498003
关键	1705	0.000217926604109163	0.567498260102112
黔	1700	0.000217287523158696	0.567715547625271
犯罪	1699	0.000217159706968603	0.567932707332239
治疗	1698	0.000217031890778509	0.568149739223018
引进	1697	0.000216904074588416	0.568366643297606
运行	1697	0.000216904074588416	0.568583547372195
小时	1694	0.000216520626018136	0.568800067998213
上海	1693	0.000216392809828043	0.569016460808041
突破	1691	0.000216137177447856	0.569232597985489
官兵	1688	0.000215753728877576	0.569448351714366
药	1688	0.000215753728877576	0.569664105443244
准备	1686	0.000215498096497389	0.569879603539741
生	1685	0.000215370280307296	0.570094973820048
证	1681	0.000214859015546922	0.570309832835595
老人	1681	0.000214859015546922	0.570524691851142
大量	1679	0.000214603383166736	0.570739295234309
放	1679	0.000214603383166736	0.570953898617476
书	1678	0.000214475566976642	0.571168374184452
住	1676	0.000214219934596456	0.571382594119049
一直	1675	0.000214092118406362	0.571596686237455
如何	1670	0.000213453037455895	0.571810139274911
铁路	1670	0.000213453037455895	0.572023592312367
驻	1668	0.000213197405075709	0.572236789717443
改变	1665	0.000212813956505429	0.572449603673948
约	1665	0.000212813956505429	0.572662417630454
死亡	1664	0.000212686140315335	0.572875103770769
丰富	1662	0.000212430507935149	0.573087534278704
之间	1657	0.000211791426984682	0.573299325705689
交流	1653	0.000211280162224308	0.573510605867913
转	1652	0.000211152346034215	0.573721758213947
比较	1652	0.000211152346034215	0.573932910559981
石	1649	0.000210768897463935	0.574143679457445
黄	1646	0.000210385448893655	0.574354064906339
原	1646	0.000210385448893655	0.574564450355233
来到	1643	0.000210002000323375	0.574774452355556
减少	1643	0.000210002000323375	0.574984454355879
双	1643	0.000210002000323375	0.575194456356203
党内	1642	0.000209874184133282	0.575404330540336
快	1642	0.000209874184133282	0.575614204724469
任何	1634	0.000208851654612535	0.575823056379082
部队	1633	0.000208723838422441	0.576031780217504
日前	1631	0.000208468206042255	0.576240248423547
成员	1630	0.000208340389852161	0.576448588813399
成绩	1628	0.000208084757471975	0.576656673570871
变化	1625	0.000207701308901695	0.576864374879772
台湾	1624	0.000207573492711601	0.577071948372484
转变	1622	0.000207317860331415	0.577279266232816
心	1620	0.000207062227951228	0.577486328460767
银行	1620	0.000207062227951228	0.577693390688718
需求	1617	0.000206678779380948	0.577900069468099
相	1616	0.000206550963190855	0.57810662043129
团结	1611	0.000205911882240388	0.57831253231353
电话	1608	0.000205528433670108	0.5785180607472
市场经济	1607	0.000205400617480014	0.57872346136468
采访	1607	0.000205400617480014	0.57892886198216
仍	1607	0.000205400617480014	0.57913426259964
煤	1604	0.000205017168909734	0.57933927976855
政协	1602	0.000204761536529548	0.57954404130508
买	1602	0.000204761536529548	0.579748802841609
确定	1590	0.000203227742248427	0.579952030583858
养殖	1590	0.000203227742248427	0.580155258326106
出席	1589	0.000203099926058334	0.580358358252164
机遇	1587	0.000202844293678147	0.580561202545843
人均	1581	0.000202077396537587	0.58076327994238
监管	1580	0.000201949580347494	0.580965229522728
组成	1578	0.000201693947967307	0.581166923470695
支	1578	0.000201693947967307	0.581368617418662
效益	1571	0.000200799234636654	0.581569416653299
广泛	1569	0.000200543602256467	0.581769960255555
西	1565	0.000200032337496094	0.581969992593051
更多	1565	0.000200032337496094	0.582170024930548
开放	1565	0.000200032337496094	0.582370057268044
施工	1564	0.000199904521306	0.58256996178935
人士	1561	0.00019952107273572	0.582769482862085
虽然	1557	0.000199009807975347	0.582968492670061
到了	1553	0.000198498543214973	0.583166991213276
发表	1549	0.0001979872784546	0.58336497849173
农产品	1547	0.000197731646074413	0.583562710137805
商	1544	0.000197348197504133	0.583760058335309
针对	1542	0.000197092565123947	0.583957150900433
禽	1541	0.000196964748933853	0.584154115649367
节	1536	0.000196325667983386	0.58435044131735
设计	1532	0.000195814403223013	0.584546255720573
推广	1531	0.00019568658703292	0.584741942307606
方法	1530	0.000195558770842826	0.584937501078449
这次	1526	0.000195047506082453	0.585132548584531
工作人员	1526	0.000195047506082453	0.585327596090614
建筑	1526	0.000195047506082453	0.585522643596696
电力	1518	0.000194024976561706	0.585716668573258
媒体	1516	0.000193769344181519	0.585910437917439
违法	1515	0.000193641527991426	0.586104079445431
便	1512	0.000193258079421146	0.586297337524852
分析	1512	0.000193258079421146	0.586490595604273
案	1510	0.000193002447040959	0.586683598051314
小组	1505	0.000192363366090493	0.586875961417405
未成年人	1505	0.000192363366090493	0.587068324783495
办理	1504	0.000192235549900399	0.587260560333396
大家	1503	0.000192107733710306	0.587452668067106
深化	1502	0.000191979917520213	0.587644647984626
煤炭	1496	0.000191213020379652	0.587835861005006
引起	1495	0.000191085204189559	0.588026946209195
金	1494	0.000190957387999466	0.588217903597195
履行	1493	0.000190829571809372	0.588408733169004
少	1492	0.000190701755619279	0.588599434924623
平均	1490	0.000190446123239092	0.588789881047862
防	1490	0.000190446123239092	0.588980327171101
加工	1488	0.000190190490858906	0.58917051766196
当天	1486	0.000189934858478719	0.589360452520439
设备	1485	0.000189807042288626	0.589550259562728
探索	1480	0.000189167961338159	0.589739427524066
平方米	1479	0.000189040145148065	0.589928467669214
主任	1474	0.000188401064197599	0.590116868733412
交	1474	0.000188401064197599	0.590305269797609
市民	1473	0.000188273248007505	0.590493543045617
决策	1471	0.000188017615627319	0.590681560661244
座	1469	0.000187761983247132	0.590869322644491
一切	1467	0.000187506350866945	0.591056828995358
结束	1464	0.000187122902296665	0.591243951897655
防治	1459	0.000186483821346198	0.591430435719001
口	1458	0.000186356005156105	0.591616791724157
煤矿	1457	0.000186228188966012	0.591803019913123
以下	1454	0.000185844740395732	0.591988864653519
自身	1453	0.000185716924205638	0.592174581577724
商品	1450	0.000185333475635358	0.59235991505336
拉	1447	0.000184950027065078	0.592544865080425
鼓励	1447	0.000184950027065078	0.59272981510749
导致	1445	0.000184694394684892	0.592914509502175
职能	1444	0.000184566578494798	0.59309907608067
矛盾	1444	0.000184566578494798	0.593283642659164
段	1437	0.000183671865164145	0.593467314524328
功能	1435	0.000183416232783958	0.593650730757112
美元	1433	0.000183160600403771	0.593833891357516
始终	1432	0.000183032784213678	0.59401692414173
模式	1430	0.000182777151833491	0.594199701293563
专门	1430	0.000182777151833491	0.594382478445397
首次	1430	0.000182777151833491	0.59456525559723
很多	1430	0.000182777151833491	0.594748032749064
病	1429	0.000182649335643398	0.594930682084707
称	1428	0.000182521519453305	0.59511320360416
考察	1427	0.000182393703263211	0.595295597307424
难	1427	0.000182393703263211	0.595477991010687
专项	1421	0.000181626806122651	0.59565961781681
                                                                                                                                                                                                                                                                                                                                                                                                                                                                                                                                                                                                                                                                                                                                                                                                                                                                                                                                                                                                                                                                                                                                                                                                                                                                                                                                                                                                                                                                                                                                                                                                                                                                                                                                                                                                                                                                                                                                                                                                                                                                                                                                                                                                                                                                                                                                                                                                                                                                                                                                                                                                                                                                                                                                                                                                                                                                                                                                                                                                                                                                                                                                                                                                                                                                                                                                                                                                                                                                                                                                                                                                                                                                                                                                                                                                                                                                                                                                                                                                                                                                                                                                                                                                                                                                                                                                                                                                                                                                                                                                                                                                                                                                                                                                                                                                                                                                                                                                                                                                                                                                                                                                                                                                                                                                                                                                                                                                                                                                                                                                                                                                                                                                                          