的	421376	0.0531892790359443	0.0531892790359443
和	104464	0.0131862394754587	0.066375518511403
在	93474	0.0117989982073157	0.0781745167187187
了	89093	0.0112459951139823	0.089420511832701
是	55976	0.00706571585310036	0.0964862276858013
为	44240	0.00558430879914892	0.10207053648495
发展	43084	0.00543838969942433	0.107508926184375
个	37971	0.0047929880066113	0.112301914190986
工作	33107	0.00417901698493272	0.116480931175919
等	32975	0.00416235494240361	0.120643286118322
对	32030	0.0040430698652066	0.124686355983529
中	31995	0.00403865189938449	0.128725007882913
上	29438	0.00371588793918052	0.132440895822094
要	28073	0.00354358727211817	0.135984483094212
有	28043	0.00353980044427064	0.139524283538483
省	27370	0.00345484927289119	0.142979132811374
建设	26178	0.00330438597974956	0.146283518791123
元	25540	0.00322385277419221	0.149507371565316
到	25457	0.00321337588381406	0.15272074744913
与	24696	0.00311731668408187	0.155838064133212
人	24052	0.00303602611295502	0.158874090246167
我	22844	0.00288354317829471	0.161757633424461
经济	21437	0.00270594095224583	0.164463574376707
多	21026	0.00265406141073475	0.167117635787442
社会	20858	0.00263285517478861	0.16975049096223
这	20316	0.00256443981834334	0.172314930780574
将	19713	0.00248832457860811	0.174803255359182
以	19662	0.00248188697126732	0.177285142330449
贵州	19629	0.00247772146063504	0.179762863791084
他	18952	0.00239226537887591	0.18215512916996
地	18838	0.00237787543305532	0.184533004603015
活动	18070	0.0022809326401587	0.186813937243174
也	17497	0.00220860422827099	0.189022541471445
教育	17131	0.0021624049285312	0.191184946399976
不	16944	0.00213880036828163	0.193323746768258
从	16607	0.00209626166879444	0.195420008437052
大	15986	0.00201787433235069	0.197437882769403
企业	15801	0.00199452222729096	0.199432404996694
就	15508	0.00195753754198014	0.201389942538674
中国	15345	0.00193696244400859	0.203326904982683
说	15343	0.00193670998881876	0.205263614971502
群众	15001	0.00189354015135698	0.207157155122859
问题	14947	0.00188672386123144	0.20904387898409
新	14790	0.0018669061288294	0.210910785112919
进行	14662	0.00185074899667996	0.212761534109599
年	13879	0.00175191278985958	0.214513446899459
把	13811	0.00174332931340519	0.216256776212864
着	13602	0.00171694774606744	0.217973723958932
后	13432	0.00169548905493147	0.219669213013863
并	13275	0.00167567132252943	0.221344884336393
图片	12993	0.0016400751407627	0.222984959477155
好	12886	0.00162656878810653	0.224611528265262
文化	12657	0.00159766266887043	0.226209190934132
两	12555	0.00158478745418885	0.227793978388321
还	12541	0.00158302026786001	0.229376998656181
我们	12533	0.00158201044710067	0.230959009103282
名	12168	0.00153593737495579	0.232494946478237
国家	12155	0.00153429641622186	0.234029242894459
都	12005	0.00151536227698424	0.235544605171444
下	11984	0.00151271149749097	0.237057316668935
该	11551	0.00145805494889171	0.238515371617826
加强	11487	0.00144997638281699	0.239965348000643
做	11465	0.00144719937572881	0.241412547376372
来	11441	0.00144416991345079	0.242856717289823
农村	11409	0.00144013063041343	0.244296847920236
政府	11286	0.00142460463623858	0.245721452556475
重要	11152	0.00140769013851964	0.247129142694994
已	10999	0.00138837731649727	0.248517520011492
记者	10941	0.00138105611599205	0.249898576127484
管理	10886	0.00137411359827159	0.251272689725755
向	10821	0.00136590880460196	0.252638598530357
提高	10795	0.0013626268871341	0.254001225417491
开展	10753	0.00135732532814757	0.255358550745639
部门	10422	0.00131554399422988	0.256674094739869
出	10327	0.00130355237271272	0.257977647112582
组织	10231	0.00129143452360065	0.259269081636182
而	10052	0.00126883978411042	0.260537921420293
领导	9911	0.00125104169322706	0.26178896311352
农民	9817	0.00123917629930481	0.263028139412825
次	9762	0.00123223378158435	0.264260373194409
人民	9725	0.00122756336057241	0.265487936554981
旅游	9724	0.00122743713297749	0.266715373687959
县	9698	0.00122415521550964	0.267939528903468
会	9648	0.00121784383576376	0.269157372739232
要求	9493	0.00119827855855155	0.270355651297784
实现	9467	0.0011949966410837	0.271550647938867
被	9457	0.00119373436513452	0.272744382304002
干部	9410	0.0011878016681734	0.273932183972175
项目	9327	0.00117732477779525	0.275109508749971
服务	9317	0.00117606250184608	0.276285571251817
时	9310	0.00117517890868166	0.277460750160498
党员	9252	0.00116785770817644	0.278628607868675
家	9195	0.00116066273526615	0.279789270603941
全省	9058	0.00114336955476245	0.280932640158703
市场	9046	0.00114185482362344	0.282074494982327
生产	8979	0.00113339757476397	0.283207892557091
全国	8920	0.00112595014666384	0.284333842703755
通过	8846	0.00111660930463995	0.285450452008395
各	8782	0.00110853073856523	0.28655898274696
党	8645	0.00109123755806154	0.287650220305021
及	8574	0.0010822753988224	0.288732495703844
他们	8518	0.00107520665350702	0.289807702357351
工程	8500	0.0010729345567985	0.290880636914149
本报讯	8441	0.00106548712869837	0.291946124042848
先进性	8330	0.00105147586566253	0.29299759990851
村	8244	0.00104062029249963	0.29403822020101
解决	8225	0.0010382219681962	0.295076442169206
资源	8148	0.00102850244338755	0.296104944612594
由	8050	0.00101613213908564	0.297121076751679
用	7949	0.00100338315199898	0.298124459903678
民族	7940	0.00100224710364472	0.299126707007323
技术	7920	0.000999722551746371	0.300126429559069
学习	7874	0.000993916082380168	0.301120345641449
开发	7823	0.000987478475039377	0.302107824116489
使	7803	0.000984953923141027	0.30309277803963
又	7799	0.000984449012761357	0.304077227052391
但	7793	0.000983691647191852	0.305060918699583
实施	7767	0.000980409729723998	0.306041328429307
之	7755	0.000978894998584989	0.307020223427892
会议	7743	0.000977380267445979	0.307997603695338
于	7598	0.000959077266182946	0.308956680961521
建立	7594	0.000958572355803276	0.309915253317324
重点	7482	0.000944434865172519	0.310859688182497
产业	7474	0.000943425044413179	0.31180311322691
进一步	7461	0.000941784085679252	0.312744897312589
有关	7394	0.000933326836819782	0.313678224149409
据	7339	0.000926384319099321	0.314604608468508
积极	7305	0.000922092580872127	0.31552670104938
制度	7219	0.000911237007709224	0.31643793805709
环境	7186	0.000907071497076948	0.317345009554167
增长	7102	0.00089646837910388	0.318241477933271
目前	7023	0.0008864963991054	0.319127974332376
情况	6999	0.000883466936827381	0.320011441269203
生活	6988	0.000882078433283288	0.320893519702487
全面	6938	0.000875767053537415	0.321769286756024
坚持	6930	0.000874757232778075	0.322644043988802
基础	6925	0.000874126094803488	0.323518170083606
人员	6925	0.000874126094803488	0.324392296178409
所	6826	0.000861629562906658	0.325253925741316
投资	6775	0.000855191955565867	0.326109117696882
改革	6767	0.000854182134806527	0.326963299831688
里	6766	0.00085405590721161	0.3278173557389
市	6725	0.000848880575819993	0.32866623631472
合作	6672	0.000842190513289367	0.329508426828009
自己	6645	0.000838782368226596	0.330347209196236
推进	6629	0.000836762726707916	0.331183971922944
代表	6621	0.000835752905948576	0.332019724828892
落实	6612	0.000834616857594319	0.332854341686487
思想	6609	0.000834238174809567	0.333688579861296
成为	6602	0.000833354581645144	0.334521934442941
同时	6575	0.000829946436582373	0.335351880879524
单位	6573	0.000829693981392538	0.336181574860916
农业	6553	0.000827169429494188	0.33700874429041
参加	6545	0.000826159608734849	0.337834903899145
第一	6462	0.000815682718356699	0.338650586617502
没有	6447	0.000813789304432936	0.339464375921935
精神	6437	0.000812527028483762	0.340276902950419
促进	6423	0.000810759842154917	0.341087662792573
让	6395	0.000807225469497228	0.341894888262071
给	6345	0.000800914089751354	0.342695802351822
位	6334	0.000799525586207262	0.343495327938029
资金	6255	0.000789553606208782	0.344284881544238
可	6230	0.000786397916335845	0.345071279460574
起	6156	0.000777057074311952	0.345848336534886
作为	6070	0.00076620150114905	0.346614538036035
内	6057	0.000764560542415123	0.34737909857845
种	6025	0.000760521259377764	0.348139619837828
能	5988	0.000755850838365817	0.348895470676194
方面	5977	0.000754462334821725	0.349649933011015
区	5925	0.000747898499886016	0.350397831510901
安全	5909	0.000745878858367337	0.351143710369269
省委	5856	0.000739188795836711	0.351882899165105
今年	5851	0.000738557657862124	0.352621456822968
科技	5834	0.000736411788748527	0.353357868611716
公司	5809	0.00073325609887559	0.354091124710592
贵阳	5803	0.000732498733306085	0.354823623443898
天	5800	0.000732120050521333	0.355555743494419
电	5785	0.000730226636597571	0.356285970131017
比	5779	0.000729469271028066	0.357015439402045
能力	5776	0.000729090588243313	0.357744529990288
本	5775	0.000728964360648396	0.358473494350936
科学	5768	0.000728080767483973	0.35920157511842
政策	5755	0.000726439808750046	0.35992801492717
主要	5740	0.000724546394826284	0.360652561321997
她	5675	0.000716341601156649	0.361368902923153
努力	5667	0.000715331780397309	0.362084234703551
其	5624	0.000709903993815858	0.362794138697367
作	5597	0.000706495848753086	0.36350063454612
地区	5546	0.000700058241412295	0.364200692787532
城市	5539	0.000699174648247873	0.36489986743578
加快	5532	0.00069829105508345	0.365598158490863
小	5530	0.000698038599893615	0.366296197090757
不断	5527	0.000697659917108863	0.366993857007866
学生	5516	0.000696271413564771	0.36769012842143
高	5515	0.000696145185969853	0.3683862736074
以上	5474	0.000690969854578237	0.369077243461979
户	5460	0.000689202668249392	0.369766446130228
举行	5417	0.000683774881667941	0.370450221011896
生态	5345	0.000674686494833883	0.37112490750673
关系	5260	0.000663957149265898	0.371788864655996
认真	5231	0.000660296549013292	0.372449161205009
达	5197	0.000656004810786098	0.373105166015795
世界	5146	0.000649567203445306	0.37375473321924
贵阳市	5144	0.000649314748255471	0.374404047967496
我国	5115	0.000645654148002865	0.375049702115499
余	5082	0.000641488637370588	0.375691190752869
提出	5073	0.000640352589016331	0.376331543341886
一些	5064	0.000639216540662074	0.376970759882548
措施	5046	0.000636944443953559	0.377607704326501
可以	5036	0.000635682168004385	0.378243386494506
完成	5004	0.000631642884967026	0.378875029379473
前	4948	0.000624574139651647	0.379499603519124
条	4944	0.000624069229271977	0.380123672748396
提供	4938	0.000623311863702472	0.380746984612099
历史	4932	0.000622554498132968	0.381369539110232
国际	4909	0.000619651263449866	0.381989190373682
最	4884	0.000616495573576929	0.382605685947259
或	4868	0.000614475932058249	0.383220161879317
更	4864	0.00061397102167858	0.383834132900995
责任	4856	0.00061296120091924	0.384447094101915
研究	4842	0.000611194014590395	0.385058288116505
取得	4818	0.000608164552312376	0.385666452668817
得	4806	0.000606649821173366	0.386273102489991
中央	4769	0.00060197940016142	0.386875081890152
作用	4766	0.000601600717376667	0.387476682607529
目标	4764	0.000601348262186833	0.388078030869716
产品	4763	0.000601222034591915	0.388679252904308
点	4745	0.0005989499378834	0.389278202842191
培训	4735	0.000597687661934226	0.389875890504125
增加	4719	0.000595668020415546	0.390471558524541
届	4715	0.000595163110035876	0.391066721634577
基本	4685	0.000591376282188352	0.391658097916765
规定	4681	0.000590871371808682	0.392248969288574
就是	4676	0.000590240233834095	0.392839209522408
去	4669	0.000589356640669673	0.393428566163078
和谐	4664	0.000588725502695085	0.394017291665773
投入	4656	0.000587715681935746	0.394605007347708
各级	4642	0.000585948495606901	0.395190955843315
时间	4641	0.000585822268011984	0.395776778111327
充分	4622	0.000583423943708552	0.396360202055036
过	4616	0.000582666578139047	0.396942868633175
亩	4611	0.000582035440164459	0.397524904073339
日	4610	0.000581909212569542	0.398106813285909
至	4598	0.000580394481430532	0.398687207767339
机制	4593	0.000579763343455945	0.399266971110795
项	4582	0.000578374839911853	0.399845345950707
乡	4557	0.000575219150038916	0.400420565100746
宣传	4557	0.000575219150038916	0.400995784250785
创新	4555	0.000574966694849081	0.401570750945634
社会主义	4548	0.000574083101684659	0.402144834047319
以来	4523	0.000570927411811722	0.40271576145913
中心	4521	0.000570674956621887	0.403286436415752
政治	4507	0.000568907770293042	0.403855344186045
水	4467	0.000563858666496344	0.404419202852542
水平	4458	0.000562722618142086	0.404981925470684
几	4446	0.000561207887003077	0.405543133357687
学校	4439	0.000560324293838654	0.406103457651526
近	4437	0.000560071838648819	0.406663529490174
实际	4436	0.000559945611053902	0.407223475101228
保护	4408	0.000556411238396213	0.407779886339624
形成	4407	0.000556285010801295	0.408336171350426
结合	4375	0.000552245727763936	0.40888841707819
批	4369	0.000551488362194431	0.409439905440384
按照	4365	0.000550983451814762	0.409990888892199
地方	4365	0.000550983451814762	0.410541872344014
支持	4359	0.000550226086245257	0.411092098430259
共	4353	0.000549468720675752	0.411641567150935
需要	4344	0.000548332672321495	0.412189899823256
人才	4343	0.000548206444726577	0.412738106267983
发生	4333	0.000546944168777402	0.41328505043676
必须	4304	0.000543283568524796	0.413828334005285
方式	4301	0.000542904885740043	0.414371238891025
已经	4298	0.000542526202955291	0.41491376509398
条件	4292	0.000541768837385786	0.415455533931366
发挥	4289	0.000541390154601034	0.415996924085967
开始	4258	0.000537477099158592	0.416534401185126
这些	4248	0.000536214823209417	0.417070616008335
保持	4246	0.000535962368019582	0.417606578376355
贫困	4242	0.000535457457639913	0.418142035833995
其中	4197	0.000529777215868626	0.418671813049863
共同	4176	0.00052712643637536	0.419198939486239
完善	4157	0.000524728112071928	0.41972366759831
监督	4148	0.00052359206371767	0.420247259662028
意见	4130	0.000521319967009156	0.420768579629037
收入	4113	0.000519174097895559	0.421287753726933
北京	4097	0.000517154456376879	0.42180490818331
切实	4090	0.000516270863212457	0.422321179046522
同	4082	0.000515261042453117	0.422836440088975
行政	4073	0.00051412499409886	0.423350565083074
表示	4027	0.000508318524732656	0.423858883607807
继续	4025	0.000508066069542821	0.42436694967735
质量	4011	0.000506298883213977	0.424873248560564
广大	4004	0.000505415290049554	0.425378663850613
以及	4001	0.000505036607264802	0.425883700457878
这个	3998	0.00050465792448005	0.426388358382358
走	3997	0.000504531696885132	0.426892890079243
同志	3995	0.000504279241695297	0.427397169320938
万	3974	0.00050162846220203	0.42789879778314
看	3974	0.00050162846220203	0.428400426245343
任务	3966	0.000500618641442691	0.428901044886785
机关	3961	0.000499987503468103	0.429401032390253
办	3947	0.000498220317139259	0.429899252707393
报	3942	0.000497589179164671	0.430396841886557
规划	3913	0.000493928578912065	0.430890770465469
采取	3910	0.000493549896127312	0.431384320361597
保障	3910	0.000493549896127312	0.431877870257724
专家	3908	0.000493297440937477	0.432371167698661
胡锦涛	3883	0.00049014175106454	0.432861309449726
得到	3880	0.000489763068279788	0.433351072518006
重大	3853	0.000486354923217016	0.433837427441223
深入	3839	0.000484587736888172	0.434322015178111
加大	3816	0.00048168450220507	0.434803699680316
战略	3815	0.000481558274610152	0.435285257954926
外	3813	0.000481305819420317	0.435766563774346
贯彻	3805	0.000480295998660978	0.436246859773007
指导	3805	0.000480295998660978	0.436727155771668
利用	3798	0.000479412405496555	0.437206568177165
部分	3796	0.00047915995030672	0.437685728127472
美国	3787	0.000478023901952463	0.438163752029424
人口	3744	0.000472596115371012	0.438636348144795
贵州省	3728	0.000470576473852332	0.439106924618647
优势	3722	0.000469819108282828	0.43957674372693
推动	3720	0.000469566653092993	0.440046310380023
经营	3712	0.000468556832333653	0.440514867212357
稳定	3698	0.000466789646004808	0.440981656858362
增强	3697	0.000466663418409891	0.441448320276772
基地	3694	0.000466284735625138	0.441914605012397
这样	3681	0.000464643776891211	0.442379248789288
很	3665	0.000462624135372532	0.442841872924661
达到	3658	0.000461740542208109	0.443303613466869
委	3650	0.00046073072144877	0.443764344188317
就业	3627	0.000457827486765668	0.444222171675083
新华社	3623	0.000457322576385998	0.444679494251469
结构	3596	0.000453914431323226	0.445133408682792
具有	3594	0.000453661976133391	0.445587070658926
组	3593	0.000453535748538474	0.446040606407464
再	3593	0.000453535748538474	0.446494142156003
困难	3590	0.000453157065753721	0.446947299221756
占	3583	0.000452273472589299	0.447399572694346
扶贫	3575	0.000451263651829959	0.447850836346176
去年	3564	0.000449875148285867	0.448300711494461
事业	3549	0.000447981734362105	0.448748693228823
机构	3543	0.0004472243687926	0.449195917597616
决定	3541	0.000446971913602765	0.449642889511219
确保	3523	0.000444699816894251	0.450087589328113
由于	3513	0.000443437540945076	0.450531026869058
了解	3508	0.000442806402970489	0.450973833272029
影响	3500	0.000441796582211149	0.45141562985424
局	3486	0.000440029395882304	0.451855659250122
岁	3466	0.000437504843983955	0.452293164094106
第二	3459	0.000436621250819533	0.452729785344926
利益	3451	0.000435611430060193	0.453165396774986
设施	3436	0.000433718016136431	0.453599114791122
观	3435	0.000433591788541513	0.454032706579664
成	3433	0.000433339333351678	0.454466045913015
协调	3428	0.000432708195377091	0.454898754108393
健康	3384	0.000427154181200722	0.455325908289593
突出	3367	0.000425008312087125	0.45575091660168
根据	3363	0.000424503401707455	0.456175420003388
召开	3361	0.000424250946517621	0.456599670949906
你	3351	0.000422988670568446	0.457022659620474
认为	3332	0.000420590346265014	0.457443249966739
介绍	3324	0.000419580525505674	0.457862830492245
为了	3309	0.000417687111581912	0.458280517603827
工业	3309	0.000417687111581912	0.458698204715408
实行	3309	0.000417687111581912	0.45911589182699
各项	3307	0.000417434656392077	0.459533326483382
大力	3301	0.000416677290822572	0.459950003774205
体系	3300	0.000416551063227655	0.460366554837433
村民	3284	0.000414531421708975	0.460781086259142
吨	3278	0.00041377405613947	0.461194860315281
帮助	3276	0.000413521600949635	0.461608381916231
部	3259	0.000411375731836038	0.462019757648067
制定	3255	0.000410870821456369	0.462430628469523
国	3242	0.000409229862722441	0.462839858332246
统一	3234	0.000408220041963102	0.463248078374209
职工	3233	0.000408093814368184	0.463656172188577
力度	3228	0.000407462676393597	0.46406363486497
其他	3222	0.000406705310824092	0.464470340175795
进	3219	0.00040632662803934	0.464876666803834
法律	3195	0.00040329716576132	0.465279963969595
阶段	3173	0.000400520158673136	0.465680484128268
良好	3171	0.000400267703483301	0.466080751831752
进入	3166	0.000399636565508714	0.46648038839726
镇	3158	0.000398626744749374	0.46687901514201
计划	3139	0.000396228420445942	0.467275243562456
公路	3127	0.000394713689306932	0.467669957251763
处理	3123	0.000394208778927262	0.46806416603069
发现	3118	0.000393577640952675	0.468457743671643
检查	3112	0.00039282027538317	0.468850563947026
非	3103	0.000391684227028913	0.469242248174055
交通	3093	0.000390421951079738	0.469632670125134
调整	3088	0.000389790813105151	0.47002246093824
处	3086	0.000389538357915316	0.470411999296155
先进	3083	0.000389159675130564	0.470801158971285
关于	3076	0.000388276081966141	0.471189435053252
特色	3057	0.000385877757662709	0.471575312810914
应	3052	0.000385246619688122	0.471960559430602
长	3042	0.000383984343738947	0.472344543774341
和平	3042	0.000383984343738947	0.47272852811808
正在	3035	0.000383100750574525	0.473111628868655
图	3031	0.000382595840194855	0.47349422470885
党委	3003	0.000379061467537166	0.473873286176387
路	2994	0.000377925419182909	0.47425121159557
出现	2993	0.000377799191587991	0.474629010787158
台	2991	0.000377546736398156	0.475006557523556
内容	2983	0.000376536915638816	0.475383094439195
因	2982	0.000376410688043899	0.475759505127239
送	2981	0.000376284460448981	0.476135789587688
日本	2976	0.000375653322474394	0.476511442910162
维护	2975	0.000375527094879477	0.476886970005041
扩大	2964	0.000374138591335384	0.477261108596377
场	2959	0.000373507453360797	0.477634616049738
各种	2957	0.000373254998170962	0.478007871047909
有效	2952	0.000372623860196375	0.478380494908105
强	2947	0.000371992722221787	0.478752487630327
书记	2945	0.000371740267031953	0.479124227897359
分	2942	0.0003713615842472	0.479495589481606
不能	2942	0.0003713615842472	0.479866951065853
军	2937	0.000370730446272613	0.480237681512126
文明	2931	0.000369973080703108	0.480607654592829
一定	2931	0.000369973080703108	0.480977627673532
现在	2930	0.00036984685310819	0.48134747452664
报告	2924	0.000369089487538686	0.481716564014179
信息	2922	0.000368837032348851	0.482085401046528
件	2911	0.000367448528804758	0.482452849575333
贷款	2894	0.000365302659691161	0.482818152235024
系统	2863	0.00036138960424872	0.483179541839272
每	2863	0.00036138960424872	0.483540931443521
自然	2857	0.000360632238679215	0.4839015636822
却	2851	0.00035987487310971	0.48426143855531
版	2850	0.000359748645514793	0.484621187200825
抓	2849	0.000359622417919875	0.484980809618745
当地	2846	0.000359243735135123	0.48534005335388
希望	2844	0.000358991279945288	0.485699044633825
相关	2837	0.000358107686780866	0.486057152320606
自	2831	0.000357350321211361	0.486414502641817
参与	2826	0.000356719183236773	0.486771221825054
成立	2823	0.000356340500452021	0.487127562325506
人们	2806	0.000354194631338424	0.487481756956845
财政	2801	0.000353563493363837	0.487835320450208
级	2798	0.000353184810579084	0.488188505260788
行为	2795	0.000352806127794332	0.488541311388582
方	2787	0.000351796307034992	0.488893107695617
山	2785	0.000351543851845157	0.489244651547462
只	2783	0.000351291396655322	0.489595942944117
当	2780	0.00035091271387057	0.489946855657988
标准	2766	0.000349145527541725	0.49029600118553
起来	2746	0.000346620975643376	0.490642622161173
个人	2746	0.000346620975643376	0.490989243136816
西部	2743	0.000346242292858623	0.491335485429675
带	2732	0.000344853789314531	0.491680339218989
那	2718	0.000343086602985687	0.492023425821975
车	2699	0.000340688278682255	0.492364114100657
综合	2695	0.000340183368302585	0.49270429746896
明确	2691	0.000339678457922915	0.493043975926883
基层	2684	0.000338794864758493	0.493382770791641
共产党员	2683	0.000338668637163575	0.493721439428805
集中	2682	0.000338542409568658	0.494059981838374
乡镇	2676	0.000337785043999153	0.494397766882373
号	2669	0.00033690145083473	0.494734668333208
建议	2668	0.000336775223239813	0.495071443556447
价格	2667	0.000336648995644896	0.495408092552092
传统	2661	0.000335891630075391	0.495743984182168
构建	2661	0.000335891630075391	0.496079875812243
食品	2658	0.000335512947290638	0.496415388759534
使用	2658	0.000335512947290638	0.496750901706824
高度	2655	0.000335134264505886	0.49708603597133
它	2652	0.000334755581721133	0.497420791553051
强调	2646	0.000333998216151629	0.497754789769203
联系	2641	0.000333367078177041	0.49808815684738
持续	2632	0.000332231029822784	0.498420387877203
家庭	2626	0.000331473664253279	0.498751861541456
农户	2624	0.000331221209063444	0.49908308275052
种植	2622	0.000330968753873609	0.499414051504393
指出	2620	0.000330716298683774	0.499744767803077
存在	2618	0.000330463843493939	0.500075231646571
依法	2609	0.000329327795139682	0.500404559441711
六	2608	0.000329201567544765	0.500733761009255
行动	2605	0.000328822884760012	0.501062583894015
米	2600	0.000328191746785425	0.501390775640801
抓好	2590	0.00032692947083625	0.501717705111637
实践	2588	0.000326677015646415	0.502044382127283
全县	2585	0.000326298332861663	0.502370680460145
大赛	2582	0.00032591965007691	0.502696600110222
无	2574	0.000324909829317571	0.50302150993954
老	2569	0.000324278691342983	0.503345788630883
素质	2568	0.000324152463748066	0.503669941094631
医疗	2568	0.000324152463748066	0.503994093558379
各地	2564	0.000323647553368396	0.504317741111747
负责人	2559	0.000323016415393809	0.504640757527141
规范	2559	0.000323016415393809	0.504963773942535
重视	2557	0.000322763960203974	0.505286537902739
成功	2557	0.000322763960203974	0.505609301862943
站	2555	0.000322511505014139	0.505931813367957
分别	2553	0.000322259049824304	0.506254072417781
黔	2552	0.000322132822229386	0.50657620524001
每年	2550	0.000321880367039551	0.50689808560705
如	2531	0.000319482042736119	0.507217567649786
安排	2531	0.000319482042736119	0.507537049692522
第三	2521	0.000318219766786945	0.507855269459309
获得	2512	0.000317083718432687	0.508172353177742
及时	2510	0.000316831263242853	0.508489184440985
总	2504	0.000316073897673348	0.508805258338658
经过	2498	0.000315316532103843	0.509120574870762
看到	2495	0.00031493784931909	0.509435512720081
体制	2489	0.000314180483749586	0.50974969320383
打	2487	0.000313928028559751	0.51006362123239
公里	2480	0.000313044435395328	0.510376665667786
成果	2479	0.000312918207800411	0.510689583875586
因为	2477	0.000312665752610576	0.511002249628197
许多	2471	0.000311908387041071	0.511314158015238
社区	2466	0.000311277249066484	0.511625435264304
如果	2465	0.000311151021471566	0.511936586285776
月	2460	0.000310519883496979	0.512247106169273
严重	2451	0.000309383835142722	0.512556490004415
认识	2450	0.000309257607547804	0.512865747611963
农	2449	0.000309131379952887	0.513174878991916
彩	2449	0.000309131379952887	0.513484010371869
规模	2443	0.000308374014383382	0.513792384386252
百	2438	0.000307742876408795	0.514100127262661
不仅	2432	0.00030698551083929	0.5144071127735
仅	2422	0.000305723234890115	0.51471283600839
保证	2413	0.000304587186535858	0.515017423194926
省政府	2409	0.000304082276156188	0.515321505471082
经	2406	0.000303703593371436	0.515625209064454
示范	2405	0.000303577365776518	0.51592878643023
不同	2404	0.000303451138181601	0.516232237568412
期间	2403	0.000303324910586683	0.516535562478999
按	2399	0.000302820000207013	0.516838382479206
具体	2396	0.000302441317422261	0.517140823796628
行业	2395	0.000302315089827343	0.517443138886455
整改	2392	0.000301936407042591	0.517745075293498
领域	2391	0.000301810179447673	0.518046885472946
改善	2391	0.000301810179447673	0.518348695652393
学	2377	0.000300042993118829	0.518648738645512
讲话	2375	0.000299790537928994	0.518948529183441
办法	2375	0.000299790537928994	0.51924831972137
造成	2375	0.000299790537928994	0.519548110259299
孩子	2363	0.000298275806789984	0.519846386066089
入	2361	0.000298023351600149	0.520144409417689
来自	2359	0.000297770896410314	0.520442180314099
数	2357	0.000297518441220479	0.52073969875532
正	2346	0.000296129937676387	0.521035828692996
销售	2344	0.000295877482486552	0.521331706175483
受	2335	0.000294741434132295	0.521626447609615
国务院	2334	0.000294615206537378	0.521921062816152
劳动	2332	0.000294362751347543	0.5222154255675
随	2331	0.000294236523752625	0.522509662091253
严格	2328	0.000293857840967873	0.522803519932221
过程	2312	0.000291838199449193	0.52309535813167
只有	2306	0.000291080833879688	0.523386438965549
接	2303	0.000290702151094936	0.523677141116644
党组织	2297	0.000289944785525431	0.52396708590217
专业	2285	0.000288430054386422	0.524255515956556
意识	2282	0.000288051371601669	0.524543567328158
钱	2279	0.000287672688816917	0.524831240016975
找	2270	0.000286536640462659	0.525117776657438
卫生	2268	0.000286284185272825	0.52540406084271
低	2266	0.00028603173008299	0.525690092572793
转	2248	0.000283759633374475	0.525973852206168
两岸	2244	0.000283254722994805	0.526257106929163
才	2242	0.00028300226780497	0.526540109196968
包括	2241	0.000282876040210053	0.526822985237178
长期	2241	0.000282876040210053	0.527105861277388
民	2239	0.000282623585020218	0.527388484862408
美	2227	0.000281108853881208	0.527669593716289
原则	2225	0.000280856398691373	0.527950450114981
土地	2223	0.000280603943501538	0.528231054058482
知识	2222	0.000280477715906621	0.528511531774389
这种	2217	0.000279846577932033	0.528791378352321
黄	2212	0.000279215439957446	0.529070593792278
老人	2212	0.000279215439957446	0.529349809232236
贡献	2211	0.000279089212362529	0.529628898444598
建成	2211	0.000279089212362529	0.529907987656961
全部	2208	0.000278710529577776	0.530186698186538
特别是	2208	0.000278710529577776	0.530465408716116
交流	2206	0.000278458074387941	0.530743866790504
编辑	2202	0.000277953164008271	0.531021819954512
煤矿	2196	0.000277195798438767	0.531299015752951
比赛	2196	0.000277195798438767	0.53157621155139
形式	2196	0.000277195798438767	0.531853407349829
体现	2194	0.000276943343248932	0.532130350693078
负责	2190	0.000276438432869262	0.532406789125947
之一	2184	0.000275681067299757	0.532682470193247
举办	2179	0.00027504992932517	0.532957520122572
州	2179	0.00027504992932517	0.533232570051897
调查	2174	0.000274418791350582	0.533506988843248
事故	2170	0.000273913880970912	0.533780902724218
全	2166	0.000273408970591242	0.53405431169481
力量	2163	0.00027303028780649	0.534327341982616
近日	2157	0.000272272922236985	0.534599614904853
创造	2157	0.000272272922236985	0.53487188782709
花	2153	0.000271768011857315	0.535143655838947
酒	2150	0.000271389329072563	0.53541504516802
接受	2141	0.000270253280718306	0.535685298448738
行	2137	0.000269748370338636	0.535955046819077
经验	2136	0.000269622142743718	0.536224668961821
重	2135	0.000269495915148801	0.536494164876969
改	2132	0.000269117232364048	0.536763282109333
信	2127	0.000268486094389461	0.537031768203723
执行	2121	0.000267728728819956	0.537299496932543
台湾	2121	0.000267728728819956	0.537567225661363
事	2120	0.000267602501225039	0.537834828162588
想	2106	0.000265835314896194	0.538100663477484
队伍	2104	0.000265582859706359	0.53836624633719
头	2099	0.000264951721731772	0.538631198058922
增收	2094	0.000264320583757185	0.538895518642679
执法	2094	0.000264320583757185	0.539159839226437
则	2091	0.000263941900972432	0.539423781127409
面积	2090	0.000263815673377515	0.539687596800786
直接	2079	0.000262427169833422	0.53995002397062
建	2077	0.000262174714643588	0.540212198685263
改造	2076	0.00026204848704867	0.540474247172312
告诉	2072	0.000261543576669	0.540735790748981
主题	2067	0.000260912438694413	0.540996703187676
最大	2062	0.000260281300719825	0.541256984488395
报道	2061	0.000260155073124908	0.54151713956152
生	2057	0.000259650162745238	0.541776789724266
先后	2056	0.000259523935150321	0.542036313659416
围绕	2054	0.000259271479960486	0.542295585139376
区域	2052	0.000259019024770651	0.542554604164147
转变	2049	0.000258640341985898	0.542813244506133
手	2041	0.000257630521226559	0.543070875027359
蔬菜	2035	0.000256873155657054	0.543327748183016
吃	2035	0.000256873155657054	0.543584621338673
队	2035	0.000256873155657054	0.543841494494331
主席	2032	0.000256494472872301	0.544097988967203
都是	2031	0.000256368245277384	0.54435435721248
现场	2030	0.000256242017682466	0.544610599230163
联合	2029	0.000256115790087549	0.54486671502025
民主	2029	0.000256115790087549	0.545122830810338
线	2024	0.000255484652112962	0.545378315462451
执政	2024	0.000255484652112962	0.545633800114564
发	2019	0.000254853514138374	0.545888653628702
新闻	2017	0.000254601058948539	0.546143254687651
即	2014	0.000254222376163787	0.546397477063815
开	2013	0.000254096148568869	0.546651573212383
青年	2001	0.00025258141742986	0.546904154629813
培养	1994	0.000251697824265437	0.547155852454079
正式	1983	0.000250309320721345	0.5474061617748
启动	1983	0.000250309320721345	0.547656471095522
这里	1981	0.00025005686553151	0.547906527961053
优秀	1978	0.000249678182746758	0.5481562061438
品牌	1976	0.000249425727556923	0.548405631871357
受到	1975	0.000249299499962005	0.548654931371319
粮食	1971	0.000248794589582336	0.548903725960901
铁路	1970	0.000248668361987418	0.549152394322889
分析	1968	0.000248415906797583	0.549400810229686
这次	1967	0.000248289679202666	0.549649099908889
还有	1966	0.000248163451607748	0.549897263360496
当前	1964	0.000247910996417913	0.550145174356914
网	1963	0.000247784768822996	0.550392959125737
团结	1961	0.000247532313633161	0.550640491439371
关键	1958	0.000247153630848408	0.550887645070219
出席	1953	0.000246522492873821	0.551134167563093
更加	1949	0.000246017582494151	0.551380185145587
节	1949	0.000246017582494151	0.551626202728081
曾	1946	0.000245638899709399	0.55187184162779
对于	1945	0.000245512672114481	0.552117354299905
广泛	1943	0.000245260216924646	0.55236261451683
公开	1937	0.000244502851355142	0.552607117368185
因此	1931	0.000243745485785637	0.55285086285397
左右	1927	0.000243240575405967	0.553094103429376
机遇	1925	0.000242988120216132	0.553337091549592
小康	1924	0.000242861892621214	0.553579953442214
意义	1922	0.00024260943743138	0.553822562879645
明显	1922	0.00024260943743138	0.554065172317076
十分	1922	0.00024260943743138	0.554307781754508
两国	1920	0.000242356982241545	0.554550138736749
可能	1918	0.00024210452705171	0.554792243263801
还是	1915	0.000241725844266957	0.555033969108068
委员会	1908	0.000240842251102535	0.555274811359171
民间	1906	0.0002405897959127	0.555515401155083
过去	1902	0.00024008488553303	0.555755486040616
双方	1902	0.00024008488553303	0.555995570926149
游客	1900	0.000239832430343195	0.556235403356493
网络	1895	0.000239201292368608	0.556474604648861
超过	1891	0.000238696381988938	0.55671330103085
丰富	1888	0.000238317699204186	0.556951618730054
国内	1883	0.000237686561229598	0.557189305291284
真正	1881	0.000237434106039763	0.557426739397324
像	1881	0.000237434106039763	0.557664173503363
教师	1876	0.000236802968065176	0.557900976471429
委员	1875	0.000236676740470258	0.558137653211899
逐步	1873	0.000236424285280423	0.558374077497179
居民	1870	0.000236045602495671	0.558610123099675
形势	1870	0.000236045602495671	0.558846168702171
消费	1869	0.000235919374900754	0.559082088077071
引导	1867	0.000235666919710919	0.559317754996782
反映	1863	0.000235162009331249	0.559552917006114
近年来	1863	0.000235162009331249	0.559788079015445
协会	1862	0.000235035781736331	0.560023114797181
均	1860	0.000234783326546496	0.560257898123728
校	1849	0.000233394823002404	0.56049129294673
带来	1840	0.000232258774648147	0.560723551721378
治理	1838	0.000232006319458312	0.560955558040837
成绩	1836	0.000231753864268477	0.561187311905105
业务	1834	0.000231501409078642	0.561418813314184
道路	1833	0.000231375181483725	0.561650188495667
不少	1833	0.000231375181483725	0.561881563677151
理论	1832	0.000231248953888807	0.56211281263104
上海	1830	0.000230996498698972	0.562343809129739
养殖	1829	0.000230870271104055	0.562574679400843
根本	1827	0.00023061781591422	0.562805297216757
范围	1827	0.00023061781591422	0.563035915032671
应当	1822	0.000229986677939632	0.563265901710611
健全	1820	0.000229734222749797	0.563495635933361
医院	1815	0.00022910308477521	0.563724739018136
红	1815	0.00022910308477521	0.563953842102911
关注	1812	0.000228724401990458	0.564182566504902
应该	1801	0.000227335898446366	0.564409902403348
集团	1798	0.000226957215661613	0.56463685961901
而且	1794	0.000226452305281943	0.564863311924292
结束	1792	0.000226199850092108	0.565089511774384
什么	1791	0.000226073622497191	0.565315585396881
控制	1790	0.000225947394902273	0.565541532791783
边	1790	0.000225947394902273	0.565767480186685
煤	1787	0.000225568712117521	0.565993048898803
未	1786	0.000225442484522603	0.566218491383325
或者	1783	0.000225063801737851	0.566443555185063
风	1782	0.000224937574142934	0.566668492759206
原因	1776	0.000224180208573429	0.56689267296778
大会	1776	0.000224180208573429	0.567116853176353
所有	1775	0.000224053980978511	0.567340907157331
抗	1774	0.000223927753383594	0.567564834910715
时期	1771	0.000223549070598841	0.567788383981314
结果	1769	0.000223296615409006	0.568011680596723
公	1768	0.000223170387814089	0.568234850984537
针对	1766	0.000222917932624254	0.568457768917161
商	1762	0.000222413022244584	0.568680181939406
防	1759	0.000222034339459832	0.568902216278866
保	1755	0.000221529429080162	0.569123745707946
金融	1754	0.000221403201485244	0.569345148909431
推广	1750	0.000220898291105574	0.569566047200537
心	1750	0.000220898291105574	0.569786945491642
红军	1747	0.000220519608320822	0.570007465099963
突破	1747	0.000220519608320822	0.570227984708284
教学	1746	0.000220393380725905	0.57044837808901
权	1742	0.000219888470346235	0.570668266559356
电话	1742	0.000219888470346235	0.570888155029702
公斤	1741	0.000219762242751317	0.571107917272454
较	1740	0.0002196360151564	0.57132755328761
案件	1739	0.000219509787561482	0.571547063075172
革命	1737	0.000219257332371647	0.571766320407543
原	1737	0.000219257332371647	0.571985577739915
总书记	1735	0.000219004877181812	0.572204582617097
双	1734	0.000218878649586895	0.572423461266684
符合	1733	0.000218752421991977	0.572642213688676
才能	1733	0.000218752421991977	0.572860966110668
方案	1729	0.000218247511612308	0.57307921362228
来到	1729	0.000218247511612308	0.573297461133892
如何	1729	0.000218247511612308	0.573515708645504
城镇	1729	0.000218247511612308	0.573733956157117
歌	1727	0.000217995056422473	0.573951951213539
组成	1725	0.000217742601232638	0.574169693814772
难	1725	0.000217742601232638	0.574387436416004
矛盾	1724	0.00021761637363772	0.574605052789642
城	1723	0.000217490146042803	0.574822542935685
带动	1722	0.000217363918447885	0.575039906854133
一起	1721	0.000217237690852968	0.575257144544986
始终	1717	0.000216732780473298	0.575473877325459
禽	1714	0.000216354097688546	0.575690231423147
正确	1712	0.000216101642498711	0.575906333065646
预防	1710	0.000215849187308876	0.576122182252955
合理	1707	0.000215470504524123	0.576337652757479
变化	1707	0.000215470504524123	0.576553123262003
减少	1705	0.000215218049334288	0.576768341311338
之间	1696	0.000214082000980031	0.576982423312318
部署	1695	0.000213955773385114	0.577196379085703
产生	1694	0.000213829545790196	0.577410208631493
大型	1690	0.000213324635410526	0.577623533266904
部队	1690	0.000213324635410526	0.577836857902314
准备	1686	0.000212819725030856	0.578049677627345
获	1685	0.000212693497435939	0.578262371124781
专项	1685	0.000212693497435939	0.578475064622217
媒体	1684	0.000212567269841021	0.578687631892058
更多	1683	0.000212441042246104	0.578900072934304
没	1683	0.000212441042246104	0.57911251397655
大家	1683	0.000212441042246104	0.579324955018796
选择	1683	0.000212441042246104	0.579537396061042
片	1681	0.000212188587056269	0.579749584648099
现代	1679	0.000211936131866434	0.579961520779965
有的	1678	0.000211809904271517	0.580173330684237
住	1678	0.000211809904271517	0.580385140588508
生命	1678	0.000211809904271517	0.58059695049278
小组	1677	0.000211683676676599	0.580808634169456
制	1675	0.000211431221486764	0.581020065390943
试点	1674	0.000211304993891847	0.581231370384835
成员	1667	0.000210421400727424	0.581441791785562
统计	1667	0.000210421400727424	0.58165221318629
全市	1666	0.000210295173132507	0.581862508359422
比较	1666	0.000210295173132507	0.582072803532555
中国共产党	1666	0.000210295173132507	0.582283098705687
果树	1659	0.000209411579968085	0.582492510285656
小时	1648	0.000208023076423992	0.58270053336208
煤炭	1648	0.000208023076423992	0.582908556438503
一直	1647	0.000207896848829075	0.583116453287333
关心	1640	0.000207013255664653	0.583323466542997
到了	1639	0.000206887028069735	0.583530353571067
主任	1639	0.000206887028069735	0.583737240599137
树立	1636	0.000206508345284983	0.583943748944422
进步	1635	0.000206382117690065	0.584150131062112
放	1633	0.00020612966250023	0.584356260724612
写	1633	0.00020612966250023	0.584562390387112
见	1630	0.000205750979715478	0.584768141366828
办公室	1629	0.00020562475212056	0.584973766118948
少	1628	0.000205498524525643	0.585179264643474
不是	1627	0.000205372296930726	0.585384636940405
各类	1622	0.000204741158956138	0.585589378099361
创建	1613	0.000203605110601881	0.585792983209963
但是	1612	0.000203478883006963	0.58599646209297
能源	1609	0.000203100200222211	0.586199562293192
能够	1606	0.000202721517437459	0.586402283810629
观念	1601	0.000202090379462871	0.586604374190092
常委	1599	0.000201837924273036	0.586806212114365
人均	1596	0.000201459241488284	0.587007671355854
需求	1596	0.000201459241488284	0.587209130597342
深化	1593	0.000201080558703532	0.587410211156045
引进	1591	0.000200828103513697	0.587611039259559
鼓励	1590	0.000200701875918779	0.587811741135478
约	1590	0.000200701875918779	0.588012443011397
类	1582	0.000199692055159439	0.588212135066556
既	1580	0.000199439599969604	0.588411574666526
段	1580	0.000199439599969604	0.588611014266495
非常	1578	0.000199187144779769	0.588810201411275
歌唱	1578	0.000199187144779769	0.589009388556055
自身	1566	0.00019767241364076	0.589207060969696
金	1563	0.000197293730856007	0.589404354700552
艺术	1561	0.000197041275666172	0.589601395976218
现象	1560	0.000196915048071255	0.589798311024289
管	1559	0.000196788820476337	0.589995099844765
团	1559	0.000196788820476337	0.590191888665242
事件	1558	0.00019666259288142	0.590388551258123
以下	1555	0.000196283910096668	0.59058483516822
确定	1554	0.00019615768250175	0.590780992850722
最后	1554	0.00019615768250175	0.590977150533223
唱	1551	0.000195778999716998	0.59117292953294
快	1551	0.000195778999716998	0.591368708532657
支	1548	0.000195400316932245	0.591564108849589
口	1547	0.000195274089337328	0.591759382938927
安全生产	1545	0.000195021634147493	0.591954404573074
现代化	1543	0.000194769178957658	0.592149173752032
胜利	1541	0.000194516723767823	0.5923436904758
体育	1539	0.000194264268577988	0.592537954744378
书	1539	0.000194264268577988	0.592732219012956
给予	1537	0.000194011813388153	0.592926230826344
大量	1535	0.000193759358198318	0.593119990184542
多个	1531	0.000193254447818648	0.593313244632361
犯罪	1528	0.000192875765033896	0.593506120397395
每天	1520	0.000191865944274556	0.593697986341669
案	1519	0.000191739716679639	0.593889726058349
效益	1513	0.000190982351110134	0.594080708409459
强化	1510	0.000190603668325381	0.594271312077784
妇女	1509	0.000190477440730464	0.594461789518515
厂	1506	0.000190098757945712	0.594651888276461
方法	1501	0.000189467619971124	0.594841355896432
加工	1498	0.000189088937186372	0.595030444833618
工资	1493	0.000188457799211784	0.59521890263283
任	1485	0.000187447978452445	0.595406350611282
流感	1481	0.000186943068072775	0.595593293679355
此次	1480	0.000186816840477857	0.595780110519833
发放	1480	0.000186816840477857	0.595966927360311
仍	1480	0.000186816840477857	0.596153744200789
跨越	1475	0.00018618570250327	0.596339929903292
相	1474	0.000186059474908352	0.5965259893782
思路	1471	0.0001856807921236	0.596711670170324
开放	1469	0.000185428336933765	0.596897098507258
考察	1468	0.000185302109338848	0.597082400616596
真	1468	0.000185302109338848	0.597267702725935
省级	1468	0.000185302109338848	0.597453004835274
办理	1466	0.000185049654149013	0.597638054489423
探索	1465	0.000184923426554095	0.597822977915977
厅	1463	0.00018467097136426	0.598007648887341
座	1462	0.000184544743769343	0.598192193631111
集体	1462	0.000184544743769343	0.59837673837488
消费者	1459	0.00018416606098459	0.598560904435865
道	1459	0.00018416606098459	0.598745070496849
模式	1458	0.000184039833389673	0.598929110330239
人次	1455	0.00018366115060492	0.599112771480844
林	1454	0.000183534923010003	0.599296306403854
历史性	1454	0.000183534923010003	0.599479841326864
方向	1450	0.000183030012630333	0.599662871339494
                                                                                                                                                                                                                                                                                                                                                                                                                                                                                                                                                                                                                                                                                                                                                                                                                                                                                                                                                                                                                                                                                                                                                                                                                                                                                                                                                                                                                                                                                                                                                                                                                                                                                                                                                                                                                                                                                                                                                                                                                                                                                                                                                                                                                                                                                                                                                                                                                                                                                                                                                                                                                                                                                                                                                                                                                                                                                                                                                                                                                                                                                                                                                                                                                                                                                                                                                                                                                                                                                                                                                                                                                                                                                                                                                                                                                                                                                                                                                                                                                                                                                                                                                                                                                                                                                                                                                                                                                                                                                                                                                                                                                                                                                                                                                                                                                                                                                                                                                                                                                                                                                                                                                                                                                                                                                                                                                                                                                                                                                                                                                                                                                                                                                                                                                                                                                                                                                                                                                             