的	440625	0.0521822266714211	0.0521822266714211
和	117332	0.0138953645839686	0.0660775912553898
了	97770	0.0115786809683174	0.0776562722237072
在	97752	0.0115765492688448	0.089232821492552
是	57750	0.00683920247438201	0.096072023966934
发展	51301	0.00607546192447223	0.102147485891406
为	46669	0.00552690459353998	0.107674390484946
建设	38734	0.00458718040939762	0.112261570894344
个	38442	0.00455259950684317	0.116814170401187
工作	36937	0.00437436574538958	0.121188536146577
等	36872	0.00436666794173876	0.125555204088315
中	32807	0.00388525914419135	0.129440463232507
对	32482	0.00384677012593725	0.133287233358444
上	30829	0.00365100905770949	0.136938242416153
要	30234	0.00358054454736737	0.140518786963521
有	29970	0.00354927962177019	0.144068066585291
省	29104	0.00344672119159158	0.147514787776883
与	26504	0.0031388090455588	0.150653596822441
到	26327	0.00311784733407888	0.15377144415652
元	25459	0.00301505204840332	0.156786496204924
我	25076	0.00296969422073772	0.159756190425661
社会	24348	0.00288347881984854	0.16263966924551
农村	23996	0.00284179225238564	0.165481461497896
人	23969	0.00283859470317684	0.168320056201072
经济	23604	0.00279536857498377	0.171115424776056
贵州	23066	0.00273165444630468	0.173847079222361
以	22206	0.00262980658261691	0.176476885804978
多	22135	0.00262139821247525	0.179098284017453
新	22119	0.00261950336849966	0.181717787385953
地	21384	0.00253245897337117	0.184250246359324
文化	20869	0.00247146868290698	0.186721715042231
这	19847	0.0023504355239664	0.189072150566197
将	19567	0.00231727575439364	0.191389426320591
他	18452	0.00218522881484497	0.193574655135436
也	17561	0.0020797096909545	0.19565436482639
企业	17433	0.00206455093914981	0.19771891576554
从	17060	0.00202037738896895	0.199739293154509
不	16787	0.00198804661363551	0.201727339768145
大	16383	0.00194020180325195	0.203667541571397
活动	16357	0.00193712268179163	0.205604664253188
说	15953	0.00188927787140807	0.207493942124596
中国	15856	0.00187779037980608	0.209371732504402
群众	15780	0.00186878987092204	0.211240522375324
就	15611	0.00184877558142991	0.213089297956754
旅游	15465	0.00183148513015269	0.214920783086907
教育	15222	0.00180270718727347	0.21672349027418
问题	15123	0.00179098284017453	0.218514473114355
把	15057	0.00178316660877524	0.22029763972313
加强	14900	0.00176457345226479	0.222062213175395
进行	14692	0.00173994048058217	0.223802153655977
年	14580	0.00172667657275307	0.22552883022873
着	14038	0.00166248873308008	0.22719131896181
管理	13876	0.00164330343782727	0.228834622399638
并	13723	0.00162518399231072	0.230459806391948
好	13490	0.00159759032691625	0.232057396718865
农民	13432	0.00159072151750475	0.233648118236369
村	13362	0.00158243157511156	0.235230549811481
提高	13273	0.00157189150549736	0.236802441316978
还	13058	0.00154642953957542	0.238348870856554
后	12957	0.00153446833697953	0.239883339193533
政府	12941	0.00153257349300394	0.241415912686537
服务	12906	0.00152842852180734	0.242944341208345
我们	12900	0.0015277179553165	0.244472059163661
国家	12870	0.00152416512286228	0.245996224286523
名	12778	0.00151326977000265	0.247509494056526
下	12716	0.00150592724959726	0.249015421306123
都	12609	0.00149325548051052	0.250508676786634
图片	12562	0.00148768937633224	0.251996366162966
组织	12354	0.00146305640464962	0.253459422567616
两	12302	0.00145689816172896	0.254916320729345
做	12040	0.00142587009162873	0.256342190820973
重要	11632	0.00137755157025128	0.257719742391225
开展	11534	0.00136594565090081	0.259085688042125
该	11197	0.00132603549966503	0.26041172354179
来	11013	0.00130424479394578	0.261715968335736
向	10723	0.00126990074688828	0.262985869082625
干部	10707	0.00126800590291269	0.264253874985537
出	10573	0.00125213658461716	0.265506011570154
部门	10551	0.00124953117415073	0.266755542744305
已	10504	0.00124396506997244	0.267999507814278
记者	10465	0.00123934638778195	0.269238854202059
人民	10258	0.0012148318438478	0.270453686045907
党	10224	0.00121080530039968	0.271664491346307
次	10197	0.00120760775119088	0.272872099097498
全省	10113	0.00119765982031905	0.274069758917817
领导	10090	0.00119493598210415	0.275264694899921
产业	10077	0.00119339642137398	0.276458091321295
技术	9980	0.00118190892977199	0.277640000251067
实现	9960	0.00117954037480251	0.27881954062587
社会主义	9798	0.0011603550795497	0.279979895705419
工程	9791	0.00115952608531038	0.28113942179073
县	9779	0.00115810495232869	0.282297526743058
资源	9769	0.00115692067484394	0.283454447417902
通过	9692	0.00114780173821144	0.284602249156114
项目	9634	0.00114093292879993	0.285743182084914
会	9577	0.00113418254713691	0.286877364632051
而	9555	0.00113157713667048	0.288008941768721
重点	9523	0.0011277874487193	0.28913672921744
实施	9454	0.00111961593407459	0.290256345151515
及	9435	0.00111736580685358	0.291373710958369
生产	9413	0.00111476039638715	0.292488471354756
推进	9412	0.00111464196863867	0.293603113323394
建立	9349	0.0011071810204848	0.294710294343879
全国	9270	0.00109782522835535	0.295808119572235
市场	9233	0.0010934434016618	0.296901562973896
制度	9118	0.00107982421058727	0.297981387184484
被	9117	0.0010797057828388	0.299061092967322
要求	9109	0.00107875836085101	0.300139851328173
各	9105	0.00107828464985711	0.30121813597803
积极	9082	0.00107556081164221	0.302293696789673
时	8858	0.001049032995984	0.303342729785657
家	8731	0.00103399267192778	0.304376722457585
他们	8707	0.0010311504059644	0.305407872863549
环境	8680	0.0010279528567556	0.306435825720305
基础	8655	0.00102499216304374	0.307460817883348
之	8575	0.00101551794316581	0.308476335826514
开发	8567	0.00101457052117802	0.309490906347692
坚持	8476	0.00100379359606687	0.310494699943759
用	8430	0.000998345919637062	0.311493045863396
由	8364	0.000990529688237768	0.312483575551634
会议	8348	0.000988634844262182	0.313472210395896
民族	8348	0.000988634844262182	0.314460845240158
创新	8303	0.000983305595580845	0.315444150835739
使	8269	0.000979279052132724	0.316423429887872
解决	8268	0.00097916062438425	0.317402590512256
进一步	8104	0.00095973847363449	0.318362328985891
本报讯	7919	0.000937829340166772	0.319300158326057
增长	7845	0.000929065686779685	0.320229224012837
又	7818	0.000925868137570883	0.321155092150408
党员	7788	0.000922315305116659	0.322077407455525
促进	7787	0.000922196877368185	0.322999604332893
改革	7781	0.00092148631087734	0.32392109064377
学习	7770	0.000920183605644124	0.324841274249414
合作	7764	0.00091947303915328	0.325760747288568
科技	7743	0.000916986056435322	0.326677733345003
但	7645	0.000905380137084856	0.327583113482088
农业	7622	0.000902656298869951	0.328485769780958
于	7565	0.000895905917206924	0.329381675698165
生活	7527	0.000891405662764907	0.330273081360929
和谐	7428	0.000879681315665966	0.331152762676595
让	7409	0.000877431188444957	0.33203019386504
城市	7370	0.000872812506254465	0.332903006371295
市	7328	0.000867838540818551	0.333770844912113
有关	7327	0.000867720113070077	0.334638565025184
全面	7212	0.00085410092199555	0.335492665947179
成为	7169	0.000849008528811162	0.33634167447599
科学	7142	0.00084581097960236	0.337187485455593
里	7035	0.000833139210515626	0.338020624666108
同时	7029	0.000832428644024781	0.338853053310133
思想	7007	0.00082982323355835	0.339682876543691
代表	6948	0.000822835996398375	0.34050571254009
人员	6940	0.000821888574410582	0.3413276011145
精神	6925	0.00082011215818347	0.342147713272684
能力	6890	0.000815967186986875	0.342963680459671
第一	6849	0.000811111649299435	0.34377479210897
情况	6849	0.000811111649299435	0.344585903758269
自己	6836	0.000809572088569271	0.345395475846839
没有	6760	0.000800571579685236	0.346196047426524
安全	6714	0.000795123903255425	0.346991171329779
落实	6702	0.000793702770273735	0.347784874100053
加快	6644	0.000786833960862235	0.348571708060915
作为	6632	0.000785412827880545	0.349357120888796
所	6607	0.000782452134168691	0.350139573022965
地区	6605	0.000782215278671743	0.350921788301636
政策	6597	0.00078126785668395	0.35170305615832
目前	6582	0.000779491440456837	0.352482547598777
机制	6555	0.000776293891248035	0.353258841490025
培训	6554	0.000776175463499561	0.354035016953525
参加	6551	0.000775820180254139	0.354810837133779
据	6550	0.000775701752505665	0.355586538886285
区	6506	0.000770490931572802	0.356357029817857
方面	6383	0.000755924318510482	0.357112954136368
起	6377	0.000755213752019637	0.357868167888387
省委	6371	0.000754503185528792	0.358622671073916
投资	6367	0.000754029474534896	0.359376700548451
完善	6353	0.000752371486056258	0.360129072034507
给	6318	0.000748226514859663	0.360877298549367
单位	6303	0.00074645009863255	0.361623748648
主要	6255	0.000740765566705791	0.362364514214705
不断	6253	0.000740528711208843	0.363105042925914
规划	6249	0.000740055000214946	0.363845097926129
资金	6232	0.000738041728490886	0.36458313965462
能	6224	0.000737094306503093	0.365320233961123
户	6217	0.000736265312263774	0.366056499273387
贵阳	6203	0.000734607323785136	0.366791106597172
位	6070	0.000718856433238074	0.36750996303041
比	5938	0.000703223970439487	0.36821318700085
余	5934	0.00070275025944559	0.368915937260295
努力	5930	0.000702276548451693	0.369618213808747
最	5915	0.000700500132224581	0.370318713940971
形成	5911	0.000700026421230685	0.371018740362202
结合	5908	0.000699671137985262	0.371718411500187
种	5886	0.000697065727518831	0.372415477227706
小	5858	0.000693749750561555	0.373109226978268
本	5828	0.00069019691810733	0.373799423896375
可	5798	0.000686644085653106	0.374486067982028
水平	5787	0.00068534138041989	0.375171409362448
支持	5766	0.000682854397701933	0.37585426376015
高	5748	0.000680722698229399	0.376534986458379
今年	5736	0.000679301565247709	0.377214288023627
以上	5721	0.000677525149020597	0.377891813172648
内	5702	0.000675275021799588	0.378567088194447
作	5683	0.000673024894578579	0.379240113089026
宣传	5648	0.000668879923381984	0.379908993012408
提供	5632	0.000666985079406398	0.380575978091814
人才	5627	0.000666392940664027	0.381242371032478
其	5607	0.000664024385694544	0.381906395418173
国际	5605	0.000663787530197596	0.38257018294837
基本	5579	0.000660708408737268	0.383230891357108
收入	5565	0.00065905042025863	0.383889941777366
保护	5556	0.000657984570522362	0.384547926347889
各级	5525	0.000654313310319664	0.385202239658208
保障	5523	0.000654076454822715	0.385856316113031
提出	5508	0.000652300038595603	0.386508616151627
公司	5480	0.000648984061638327	0.387157600213265
届	5435	0.00064365481295699	0.387801255026222
充分	5425	0.000642470535472249	0.388443725561694
作用	5420	0.000641878396729878	0.389085603958424
学生	5407	0.000640338835999714	0.389725942794424
目标	5375	0.000636549148048542	0.390362491942472
贵阳市	5361	0.000634891159569904	0.390997383102042
生态	5346	0.000633114743342791	0.391630497845385
村民	5343	0.000632759460097369	0.392263257305482
投入	5336	0.00063193046585805	0.39289518777134
关系	5312	0.00062908819989467	0.393524275971235
研究	5297	0.000627311783667558	0.394151587754903
发挥	5243	0.000620916685249954	0.394772504440153
天	5228	0.000619140269022842	0.395391644709175
完成	5225	0.00061878498577742	0.396010429694953
增加	5202	0.000616061147562514	0.396626490842515
项	5197	0.000615469008820143	0.397241959851335
更	5175	0.000612863598353712	0.397854823449689
观	5160	0.0006110871821266	0.398465910631816
产品	5156	0.000610613471132703	0.399076524102949
举行	5139	0.000608600199408643	0.399685124302357
中心	5132	0.000607771205169324	0.400292895507526
中央	5127	0.000607179066426953	0.400900074573953
条件	5076	0.000601139251254772	0.401501213825208
取得	5038	0.000596638996812754	0.402097852822021
责任	5016	0.000594033586346323	0.402691886408367
点	5006	0.000592849308861581	0.403284735717229
达	5003	0.000592494025616159	0.403877229742845
我国	5003	0.000592494025616159	0.404469723768461
必须	4989	0.000590836037137521	0.405060559805599
得	4988	0.000590717609389047	0.405651277414988
体系	4963	0.000587756915677193	0.406239034330665
就是	4950	0.000586217354947029	0.406825251685612
至	4936	0.000584559366468391	0.40740981105208
她	4922	0.000582901377989753	0.40799271243007
一些	4921	0.000582782950241279	0.408575495380311
任务	4911	0.000581598672756537	0.409157094053068
学校	4899	0.000580177539774848	0.409737271592843
先进性	4896	0.000579822256529425	0.410317093849372
亩	4891	0.000579230117787054	0.410896323967159
过	4885	0.00057851955129621	0.411474843518455
就业	4861	0.00057567728533283	0.412050520803788
重大	4849	0.00057425615235114	0.412624776956139
设施	4808	0.0005694006146637	0.413194177570803
地方	4804	0.000568926903669804	0.413763104474473
贵州省	4798	0.000568216337178959	0.414331320811652
世界	4794	0.000567742626185062	0.414899063437837
共	4770	0.000564900360221683	0.415463963798059
监督	4758	0.000563479227239993	0.416027443025299
以来	4742	0.000561584383264406	0.416589027408563
历史	4719	0.000558860545049501	0.417147887953613
或	4716	0.000558505261804079	0.417706393215417
认真	4694	0.000555899851337647	0.418262293066754
方式	4681	0.000554360290607483	0.418816653357362
大力	4664	0.000552347018883423	0.419369000376245
质量	4637	0.000549149469674621	0.41991814984592
继续	4615	0.00054654405920819	0.420464693905128
广大	4601	0.000544886070729552	0.421009579975857
可以	4548	0.000538609400060422	0.421548189375918
措施	4529	0.000536359272839413	0.422084548648757
得到	4519	0.000535174995354672	0.422619723644112
贯彻	4518	0.000535056567606197	0.423154780211718
办	4508	0.000533872290121456	0.42368865250184
红军	4484	0.000531030024158076	0.424219682525998
优势	4481	0.000530674740912654	0.42475035726691
利用	4475	0.000529964174421809	0.425280321441332
前	4471	0.000529490463427912	0.42580981190476
按照	4464	0.000528661469188594	0.426338473373949
增强	4461	0.000528306185943171	0.426866779559892
推动	4461	0.000528306185943171	0.427395085745835
电	4455	0.000527595619452326	0.427922681365287
去	4449	0.000526885052961481	0.428449566418249
战略	4448	0.000526766625213007	0.428976333043462
几	4442	0.000526056058722162	0.429502389102184
事业	4436	0.000525345492231317	0.430027734594415
需要	4428	0.000524398070243524	0.430552132664659
万	4422	0.000523687503752679	0.431075820168412
政治	4419	0.000523332220507257	0.431599152388919
条	4403	0.00052143737653167	0.43212058976545
时间	4381	0.000518831966065239	0.432639421731516
近	4380	0.000518713538316765	0.433158135269832
开始	4378	0.000518476682819817	0.433676611952652
这些	4367	0.000517173977586601	0.434193785930239
达到	4362	0.00051658183884423	0.434710367769083
特色	4360	0.000516344983347282	0.43522671275243
结构	4356	0.000515871272353386	0.435742584024784
加大	4350	0.000515160705862541	0.436257744730646
乡	4339	0.000513858000629325	0.436771602731276
水	4338	0.000513739572880851	0.437285342304156
共同	4330	0.000512792150893058	0.43779813445505
实际	4288	0.000507818185457144	0.438305952640507
其中	4287	0.000507699757708669	0.438813652398215
委	4277	0.000506515480223928	0.439320167878439
指导	4240	0.000502133653530385	0.43982230153197
切实	4239	0.00050201522578191	0.440324316757752
经营	4236	0.000501659942536488	0.440825976700288
看	4225	0.000500357237303272	0.441326333937591
规定	4170	0.000493843711137194	0.441820177648729
这个	4167	0.000493488427891772	0.44231366607662
批	4134	0.000489580312192125	0.442803246388812
走	4112	0.000486974901725694	0.443290221290538
信息	4098	0.000485316913247056	0.443775538203785
机构	4089	0.000484251063510788	0.444259789267296
贫困	4088	0.000484132635762314	0.444743921903058
意见	4079	0.000483066786026047	0.445226988689084
具有	4051	0.000479750809068771	0.445706739498153
基地	4046	0.0004791586703264	0.446185898168479
以及	4043	0.000478803387080977	0.44666470155556
深入	4040	0.000478448103835555	0.447143149659396
镇	4038	0.000478211248338607	0.447621360907735
已经	4018	0.000475842693369124	0.448097203601104
同	4013	0.000475250554626753	0.44857245415573
组	3936	0.000466131617994244	0.449038585773725
北京	3927	0.000465065768257976	0.449503651541983
机关	3890	0.000460683941564433	0.449964335483547
外	3887	0.000460328658319011	0.450424664141866
发生	3880	0.000459499664079691	0.450884163805946
非	3865	0.000457723247852579	0.451341887053799
良好	3843	0.000455117837386148	0.451797004891185
交通	3834	0.000454051987649881	0.452251056878835
版	3828	0.000453341421159036	0.452704398299994
协调	3821	0.000452512426919717	0.453156910726913
很	3816	0.000451920288177346	0.453608831015091
表示	3812	0.000451446577183449	0.454060277592274
社区	3808	0.000450972866189553	0.454511250458464
人口	3781	0.000447775316980751	0.454959025775444
调整	3778	0.000447420033735328	0.45540644580918
关于	3763	0.000445643617508216	0.455852089426688
成	3753	0.000444459340023475	0.456296548766711
体制	3740	0.000442919779293311	0.456739468546005
采取	3718	0.00044031436882688	0.457179782914832
再	3717	0.000440195941078405	0.45761997885591
基层	3709	0.000439248519090612	0.458059227375001
部	3700	0.000438182669354345	0.458497410044355
扩大	3695	0.000437590530611974	0.458935000574967
稳定	3694	0.0004374721028635	0.45937247267783
这样	3685	0.000436406253127233	0.459808878930958
构建	3684	0.000436287825378759	0.460245166756336
同志	3681	0.000435932542133336	0.46068109929847
综合	3675	0.000435221975642491	0.461116321274112
文明	3672	0.000434866692397069	0.461551187966509
医疗	3656	0.000432971848421482	0.461984159814931
力度	3651	0.000432379709679112	0.46241653952461
强	3644	0.000431550715439793	0.46284809024005
介绍	3637	0.000430721721200474	0.46327881196125
占	3623	0.000429063732721836	0.463707875693972
行政	3622	0.000428945304973361	0.464136820998945
帮助	3605	0.000426932033249301	0.464563753032195
进	3605	0.000426932033249301	0.464990685065444
乱	3589	0.000425037189273715	0.465415722254718
了解	3588	0.00042491876152524	0.465840641016243
报	3588	0.00042491876152524	0.466265559777768
党委	3585	0.000424563478279818	0.466690123256048
行动	3585	0.000424563478279818	0.467114686734328
公路	3578	0.000423734484040499	0.467538421218368
突出	3573	0.000423142345298128	0.467961563563666
内容	3571	0.00042290548980118	0.468384469053467
召开	3565	0.000422194923310335	0.468806663976778
比赛	3557	0.000421247501322542	0.4692279114781
决定	3557	0.000421247501322542	0.469649158979423
参与	3540	0.000419234229598481	0.470068393209021
素质	3515	0.000416273535886628	0.470484666744908
工业	3514	0.000416155108138154	0.470900821853046
岁	3490	0.000413312842174774	0.471314134695221
统一	3484	0.000412602275683929	0.471726736970905
局	3480	0.000412128564690033	0.472138865535595
规范	3472	0.000411181142702239	0.472550046678297
部分	3469	0.000410825859456817	0.472960872537754
专家	3462	0.000409996865217498	0.473370869402971
有效	3450	0.000408575732235808	0.473779445135207
长	3439	0.000407273027002592	0.47418671816221
第二	3426	0.000405733466272429	0.474592451628482
你	3425	0.000405615038523954	0.474998066667006
当地	3420	0.000405022899781584	0.475403089566788
先进	3420	0.000405022899781584	0.475808112466569
彩	3418	0.000404786044284635	0.476212898510854
影响	3412	0.000404075477793791	0.476616973988648
抓	3401	0.000402772772560575	0.477019746761208
职工	3384	0.000400759500836514	0.477420506262045
为了	3380	0.000400285789842618	0.477820792051887
路	3377	0.000399930506597195	0.478220722558485
实行	3364	0.000398390945867031	0.478619113504352
财政	3350	0.000396732957388393	0.47901584646174
根据	3337	0.000395193396658229	0.479411039858398
行业	3333	0.000394719685664333	0.479805759544063
传统	3330	0.00039436440241891	0.480200123946482
健康	3327	0.000394009119173488	0.480594133065655
困难	3321	0.000393298552682643	0.480987431618338
法律	3306	0.000391522136455531	0.481378953754793
制定	3295	0.000390219431222315	0.481769173186016
系统	3288	0.000389390436982996	0.482158563622999
美国	3288	0.000389390436982996	0.482547954059982
场	3286	0.000389153581486048	0.482937107641468
认为	3265	0.000386666598768091	0.483323774240236
由于	3263	0.000386429743271143	0.483710203983507
扶贫	3261	0.000386192887774194	0.484096396871281
各项	3259	0.000385956032277246	0.484482352903558
保持	3257	0.000385719176780298	0.484868072080339
确保	3227	0.000382166344326073	0.485250238424665
标准	3206	0.000379679361608116	0.485629917786273
去年	3206	0.000379679361608116	0.486009597147881
胡锦涛	3202	0.00037920565061422	0.486388802798495
依法	3196	0.000378495084123375	0.486767297882618
利益	3194	0.000378258228626426	0.487145556111245
起来	3184	0.000377073951141685	0.487522630062387
理论	3184	0.000377073951141685	0.487899704013528
成果	3181	0.000376718667896263	0.488276422681424
书记	3156	0.000373757974184409	0.488650180655609
计划	3155	0.000373639546435935	0.489023820202045
行为	3149	0.00037292897994509	0.48939674918199
分	3140	0.000371863130208822	0.489768612312199
改善	3133	0.000371034135969503	0.490139646448168
各地	3119	0.000369376147490865	0.490509022595659
新华社	3116	0.000369020864245443	0.490878043459905
国	3111	0.000368428725503072	0.491246472185408
维护	3085	0.000365349604042744	0.49161182178945
实践	3073	0.000363928471061055	0.491975750260511
件	3057	0.000362033627085468	0.492337783887597
级	3055	0.00036179677158852	0.492699580659185
检查	3053	0.000361559916091572	0.493061140575277
其他	3047	0.000360849349600727	0.493421989924878
农户	3046	0.000360730921852253	0.49378272084673
报告	3040	0.000360020355361408	0.494142741202091
节	3014	0.00035694123390108	0.494499682435992
种植	3007	0.000356112239661761	0.494855794675654
举办	3005	0.000355875384164813	0.495211670059819
却	2996	0.000354809534428545	0.495566479594248
现在	2996	0.000354809534428545	0.495921289128676
治	2978	0.000352677834956011	0.496273966963632
新闻	2972	0.000351967268465166	0.496625934232097
红	2971	0.000351848840716692	0.496977783072814
第三	2969	0.000351611985219743	0.497329395058034
集中	2968	0.000351493557471269	0.497680888615505
农	2953	0.000349717141244157	0.498030605756749
成立	2951	0.000349480285747209	0.498380086042496
长征	2950	0.000349361857998734	0.498729447900495
领域	2947	0.000349006574753312	0.499078454475248
处理	2946	0.000348888147004838	0.499427342622253
进入	2944	0.00034865129150789	0.499775993913761
示范	2943	0.000348532863759415	0.500124526777521
相关	2941	0.000348296008262467	0.500472822785783
队伍	2939	0.000348059152765519	0.500820881938549
高度	2937	0.000347822297268571	0.501168704235817
当	2935	0.000347585441771622	0.501516289677589
卫生	2926	0.000346519592035355	0.501862809269624
自	2919	0.000345690597796036	0.50220849986742
使用	2917	0.000345453742299088	0.502553953609719
重视	2915	0.000345216886802139	0.502899170496521
获得	2904	0.000343914181568924	0.50324308467809
带	2904	0.000343914181568924	0.503586998859659
六	2903	0.00034379575382045	0.50393079461348
吨	2898	0.000343203615078079	0.504273998228558
自然	2898	0.000343203615078079	0.504617201843636
引导	2895	0.000342848331832656	0.504960050175468
区域	2888	0.000342019337593337	0.505302069513062
发现	2887	0.000341900909844863	0.505643970422907
正在	2868	0.000339650782623854	0.505983621205531
一定	2862	0.00033894021613301	0.506322561421664
改造	2857	0.000338348077390639	0.506660909499054
认识	2855	0.00033811122189369	0.506999020720948
土地	2854	0.000337992794145216	0.507337013515093
分别	2853	0.000337874366396742	0.50767488788149
个人	2851	0.000337637510899794	0.50801252539239
游客	2835	0.000335742666924208	0.508348268059314
每	2827	0.000334795244936414	0.50868306330425
民主	2820	0.000333966250697095	0.509017029554947
培养	2815	0.000333374111954725	0.509350403666902
台	2813	0.000333137256457776	0.50968354092336
州	2812	0.000333018828709302	0.510016559752069
经验	2806	0.000332308262218457	0.510348868014288
各种	2802	0.000331834551224561	0.510680702565512
青年	2802	0.000331834551224561	0.511012537116737
转	2796	0.000331123984733716	0.51134366110147
指出	2783	0.000329584424003552	0.511673245525474
应	2780	0.000329229140758129	0.512002474666232
希望	2779	0.000329110713009655	0.512331585379242
成功	2779	0.000329110713009655	0.512660696092251
每年	2773	0.00032840014651881	0.51298909623877
处	2767	0.000327689580027966	0.513316785818798
明确	2755	0.000326268447046276	0.513643054265844
无	2752	0.000325913163800853	0.513968967429645
乡村	2749	0.000325557880555431	0.514294525310201
期间	2741	0.000324610458567638	0.514619135768768
老	2741	0.000324610458567638	0.514943746227336
创造	2740	0.000324492030819164	0.515268238258155
米	2735	0.000323899892076793	0.515592138150232
那	2735	0.000323899892076793	0.515916038042309
山	2734	0.000323781464328319	0.516239819506637
联系	2734	0.000323781464328319	0.516563600970966
乡镇	2732	0.00032354460883137	0.516887145579797
交流	2729	0.000323189325585948	0.517210334905383
不能	2728	0.000323070897837474	0.51753340580322
因	2719	0.000322005048101206	0.517855410851321
健全	2712	0.000321176053861887	0.518176586905183
风	2709	0.000320820770616465	0.5184974076758
不仅	2704	0.000320228631874094	0.518817636307674
打	2684	0.000317860076904611	0.519135496384578
规模	2677	0.000317031082665292	0.519452527467244
负责人	2651	0.000313951961204964	0.519766479428449
专业	2642	0.000312886111468697	0.520079365539918
军	2639	0.000312530828223275	0.520391896368141
品牌	2631	0.000311583406235481	0.520703479774376
只	2622	0.000310517556499214	0.521013997330876
家庭	2620	0.000310280701002266	0.521324278031878
经过	2617	0.000309925417756843	0.521634203449635
协会	2617	0.000309925417756843	0.521944128867392
专项	2615	0.000309688562259895	0.522253817429651
网	2612	0.000309333279014473	0.522563150708666
持续	2598	0.000307675290535835	0.522870825999202
图	2591	0.000306846296296516	0.523177672295498
革命	2588	0.000306491013051093	0.523484163308549
看到	2586	0.000306254157554145	0.523790417466104
网络	2566	0.000303885602584662	0.524094303068688
接	2563	0.00030353031933924	0.524397833388027
入	2563	0.00030353031933924	0.524701363707367
原则	2560	0.000303175036093817	0.525004538743461
劳动	2557	0.000302819752848395	0.525307358496309
建	2540	0.000300806481124334	0.525608164977433
强调	2538	0.000300569625627386	0.525908734603061
贷款	2532	0.000299859059136541	0.526208593662197
优秀	2532	0.000299859059136541	0.526508452721334
省政府	2527	0.00029926692039417	0.526807719641728
月	2525	0.000299030064897222	0.527106749706625
形式	2523	0.000298793209400274	0.527405542916025
站	2523	0.000298793209400274	0.527704336125426
抓好	2520	0.000298437926154851	0.52800277405158
出现	2514	0.000297727359664006	0.528300501411245
阶段	2512	0.000297490504167058	0.528597991915412
围绕	2498	0.00029583251568842	0.5288938244311
建成	2490	0.000294885093700627	0.529188709524801
保证	2486	0.00029441138270673	0.529483120907507
党组织	2476	0.000293227105221989	0.529776348012729
知识	2472	0.000292753394228092	0.530069101406957
整	2471	0.000292634966479618	0.530361736373437
数	2470	0.000292516538731144	0.530654252912168
仅	2462	0.000291569116743351	0.530945822028912
正	2459	0.000291213833497928	0.531237035862409
意识	2458	0.000291095405749454	0.531528131268159
鼓励	2455	0.000290740122504032	0.531818871390663
建议	2455	0.000290740122504032	0.532109611513167
存在	2448	0.000289911128264713	0.532399522641432
力量	2448	0.000289911128264713	0.532689433769696
百	2445	0.00028955584501929	0.532978989614716
更加	2442	0.000289200561773868	0.53326819017649
信	2442	0.000289200561773868	0.533557390738263
送	2437	0.000288608423031497	0.533845999161295
道路	2436	0.000288489995283023	0.534134489156578
治理	2434	0.000288253139786074	0.534422742296364
公里	2428	0.00028754257329523	0.534710284869659
过程	2428	0.00028754257329523	0.534997827442954
及时	2428	0.00028754257329523	0.53528537001625
它	2425	0.000287187290049807	0.535572557306299
如	2424	0.000287068862301333	0.535859626168601
长期	2424	0.000287068862301333	0.536146695030902
执法	2422	0.000286832006804385	0.536433527037707
编辑	2422	0.000286832006804385	0.536720359044511
西部	2418	0.000286358295810488	0.537006717340321
经	2417	0.000286239868062014	0.537292957208383
安排	2410	0.000285410873822695	0.537578368082206
日	2404	0.00028470030733185	0.537863068389538
创建	2389	0.000282923891104738	0.538145992280643
许多	2389	0.000282923891104738	0.538428916171747
方	2382	0.000282094896865419	0.538711011068613
线	2363	0.00027984476964441	0.538990855838257
逐步	2361	0.000279607914147462	0.539270463752405
改	2351	0.00027842363666272	0.539548887389067
医院	2343	0.000277476214674927	0.539826363603742
八	2341	0.000277239359177979	0.54010360296292
黔	2335	0.000276528792687134	0.540380131755607
如果	2332	0.000276173509441711	0.540656305265049
自主	2329	0.000275818226196289	0.540932123491245
总	2328	0.000275699798447815	0.541207823289693
人们	2327	0.000275581370699341	0.541483404660393
按	2327	0.000275581370699341	0.541758986031092
现代	2326	0.000275462942950867	0.542034448974043
严格	2325	0.000275344515202392	0.542309793489245
丰富	2324	0.000275226087453918	0.542585019576699
才	2316	0.000274278665466125	0.542859298242165
办法	2310	0.00027356809897528	0.543132866341141
重	2309	0.000273449671226806	0.543406316012367
国务院	2299	0.000272265393742065	0.543678581406109
严重	2295	0.000271791682748168	0.543950373088858
转变	2294	0.000271673254999694	0.544222046343857
特别是	2293	0.00027155482725122	0.544493601171108
脏	2289	0.000271081116257323	0.544764682287366
公共	2288	0.000270962688508849	0.545035644975875
只有	2288	0.000270962688508849	0.545306607664384
花	2287	0.000270844260760375	0.545577451925144
随	2287	0.000270844260760375	0.545848296185904
增收	2286	0.000270725833011901	0.546119022018916
学	2278	0.000269778411024108	0.54638880042994
不同	2273	0.000269186272281737	0.546657986702222
大赛	2268	0.000268594133539366	0.546926580835762
孩子	2266	0.000268357278042418	0.547194938113804
合理	2264	0.000268120422545469	0.547463058536349
具体	2263	0.000268001994796995	0.547731060531147
新型	2261	0.000267765139300047	0.547998825670447
执行	2260	0.000267646711551573	0.548266472381998
因为	2260	0.000267646711551573	0.54853411909355
事故	2253	0.000266817717312254	0.548800936810862
来自	2250	0.000266462434066831	0.549067399244929
联合	2233	0.000264449162342771	0.549331848407272
城镇	2229	0.000263975451348874	0.54959582385862
先后	2223	0.000263264884858029	0.549859088743478
行	2221	0.000263028029361081	0.55012211677284
景区	2221	0.000263028029361081	0.550385144802201
找	2218	0.000262672746115659	0.550647817548316
负责	2212	0.000261962179624814	0.550909779727941
受	2206	0.000261251613133969	0.551171031341075
价格	2205	0.000261133185385495	0.55143216452646
钱	2200	0.000260541046643124	0.551692705573104
全县	2200	0.000260541046643124	0.551953246619747
贡献	2199	0.00026042261889465	0.552213669238641
这种	2194	0.000259830480152279	0.552473499718794
明显	2193	0.000259712052403805	0.552733211771198
广泛	2192	0.000259593624655331	0.552992805395853
调查	2189	0.000259238341409908	0.553252043737263
食品	2188	0.000259119913661434	0.553511163650924
现场	2187	0.00025900148591296	0.553770165136837
体现	2181	0.000258290919422115	0.554028456056259
委员	2178	0.000257935636176693	0.554286391692436
接受	2176	0.000257698780679744	0.554544090473116
权	2170	0.0002569882141889	0.554801078687305
事	2169	0.000256869786440425	0.555057948473745
提升	2166	0.000256514503195003	0.55531446297694
全部	2163	0.000256159219949581	0.55557062219689
深化	2163	0.000256159219949581	0.555826781416839
大型	2161	0.000255922364452632	0.556082703781292
造成	2161	0.000255922364452632	0.556338626145744
居民	2158	0.00025556708120721	0.556594193226952
农民工	2157	0.000255448653458736	0.55684964188041
想	2156	0.000255330225710262	0.557104972106121
带动	2154	0.000255093370213313	0.557360065476334
号	2153	0.000254974942464839	0.557615040418799
成绩	2149	0.000254501231470943	0.55786954165027
直接	2149	0.000254501231470943	0.558124042881741
城	2140	0.000253435381734675	0.558377478263475
队	2139	0.000253316953986201	0.558630795217462
反映	2134	0.00025272481524383	0.558883520032705
业务	2129	0.00025213267650146	0.559135652709207
团结	2109	0.000249764121531977	0.559385416830739
意义	2108	0.000249645693783502	0.559635062524522
则	2106	0.000249408838286554	0.559884471362809
教师	2106	0.000249408838286554	0.560133880201095
开	2105	0.00024929041053808	0.560383170611634
十分	2104	0.000249171982789606	0.560632342594423
城乡	2098	0.000248461416298761	0.560880804010722
这里	2096	0.000248224560801813	0.561129028571524
关键	2094	0.000247987705304864	0.561377016276829
大会	2086	0.000247040283317071	0.561624056560146
体育	2078	0.000246092861329278	0.561870149421475
近年来	2077	0.000245974433580804	0.562116123855056
相	2077	0.000245974433580804	0.562362098288636
难	2075	0.000245737578083856	0.56260783586672
主题	2073	0.000245500722586907	0.562853336589307
国内	2072	0.000245382294838433	0.563098718884146
当前	2070	0.000245145439341485	0.563343864323487
发	2070	0.000245145439341485	0.563589009762829
低	2069	0.000245027011593011	0.563834036774422
选手	2069	0.000245027011593011	0.564079063786015
教学	2069	0.000245027011593011	0.564324090797608
讲话	2067	0.000244790156096062	0.564568880953704
销售	2066	0.000244671728347588	0.564813552682051
保险	2058	0.000243724306359795	0.565057276988411
范围	2057	0.000243605878611321	0.565300882867022
出席	2054	0.000243250595365899	0.565544133462388
正确	2048	0.000242540028875054	0.565786673491263
商品	2047	0.000242421601126579	0.56602909509239
部署	2046	0.000242303173378105	0.566271398265768
像	2043	0.000241947890132683	0.566513346155901
创	2032	0.000240645184899467	0.5667539913408
车	2030	0.000240408329402519	0.566994399670203
关注	2029	0.000240289901654045	0.567234689571857
原	2029	0.000240289901654045	0.567474979473511
全	2028	0.000240171473905571	0.567715150947416
上海	2027	0.000240053046157097	0.567955203993573
能源	2021	0.000239342479666252	0.56819454647324
黄	2016	0.000238750340923881	0.568433296814164
形势	2013	0.000238395057678458	0.568671691871842
树立	2009	0.000237921346684562	0.568909613218527
控制	2007	0.000237684491187614	0.569147297709714
推广	2005	0.000237447635690665	0.569384745345405
启动	2002	0.000237092352445243	0.56962183769785
面积	2002	0.000237092352445243	0.569858930050295
转移	2000	0.000236855496948295	0.570095785547244
近日	2000	0.000236855496948295	0.570332641044192
部队	1990	0.000235671219463553	0.570568312263656
全市	1989	0.000235552791715079	0.570803865055371
美	1985	0.000235079080721182	0.571038944136092
更多	1977	0.000234131658733389	0.571273075794825
左右	1973	0.000233657947739493	0.571506733742565
包括	1972	0.000233539519991018	0.571740273262556
劳动力	1970	0.00023330266449407	0.57197357592705
农家	1969	0.000233184236745596	0.572206760163795
时期	1965	0.000232710525751699	0.572439470689547
都是	1963	0.000232473670254751	0.572671944359802
强化	1960	0.000232118387009329	0.572904062746811
报道	1953	0.00023128939277001	0.573135352139581
人次	1952	0.000231170965021536	0.573366523104603
告诉	1951	0.000231052537273061	0.573597575641876
什么	1950	0.000230934109524587	0.5738285097514
还有	1944	0.000230223543033742	0.574058733294434
还是	1942	0.000229986687536794	0.574288719981971
各类	1938	0.000229512976542897	0.574518232958514
过去	1929	0.00022844712680663	0.57474668008532
团	1929	0.00022844712680663	0.574975127212127
整治	1924	0.000227854988064259	0.575202982200191
双	1923	0.000227736560315785	0.575430718760507
公开	1920	0.000227381277070363	0.575658100037577
日本	1917	0.00022702599382494	0.575885126031402
快	1917	0.00022702599382494	0.576112152025227
民	1913	0.000226552282831044	0.576338704308058
生	1908	0.000225960144088673	0.576564664452147
头	1902	0.000225249577597828	0.576789914029745
养殖	1901	0.000225131149849354	0.577015045179594
遵义	1900	0.00022501272210088	0.577240057901695
支	1900	0.00022501272210088	0.577465070623796
获	1898	0.000224775866603932	0.5776898464904
电视	1892	0.000224065300113087	0.577913911790513
道德	1888	0.00022359158911919	0.578137503379632
曾	1884	0.000223117878125293	0.578360621257758
变化	1877	0.000222288883885974	0.578582910141644
住	1869	0.000221341461898181	0.578804251603542
根本	1868	0.000221223034149707	0.579025474637692
监管	1867	0.000221104606401233	0.579246579244093
委员会	1867	0.000221104606401233	0.579467683850494
设计	1866	0.000220986178652759	0.579688670029147
手	1865	0.000220867750904285	0.579909537780051
建筑	1863	0.000220630895407336	0.580130168675458
探索	1860	0.000220275612161914	0.58035044428762
之一	1857	0.000219920328916492	0.580570364616537
公有制	1856	0.000219801901168017	0.580790166517705
艺术	1856	0.000219801901168017	0.581009968418873
老人	1856	0.000219801901168017	0.581229770320041
展示	1855	0.000219683473419543	0.58144945379346
作品	1851	0.000219209762425647	0.581668663555886
这次	1846	0.000218617623683276	0.581887281179569
和平	1846	0.000218617623683276	0.582105898803252
正式	1842	0.000218143912689379	0.582324042715942
因此	1841	0.000218025484940905	0.582542068200883
主体	1840	0.000217907057192431	0.582759975258075
大家	1840	0.000217907057192431	0.582977882315267
有的	1839	0.000217788629443957	0.583195670944711
真正	1839	0.000217788629443957	0.583413459574155
核心	1835	0.00021731491845006	0.583630774492605
需求	1834	0.000217196490701586	0.583847970983307
而且	1834	0.000217196490701586	0.584065167474009
既	1831	0.000216841207456164	0.584282008681465
受到	1831	0.000216841207456164	0.584498849888921
人均	1828	0.000216485924210741	0.584715335813132
制	1826	0.000216249068713793	0.584931584881845
管	1820	0.000215538502222948	0.585147123384068
模式	1819	0.000215420074474474	0.585362543458543
蔬菜	1819	0.000215420074474474	0.585577963533017
引进	1814	0.000214827935732103	0.585792791468749
均	1813	0.000214709507983629	0.586007500976733
放	1811	0.000214472652486681	0.58622197362922
对于	1811	0.000214472652486681	0.586436446281706
着力	1809	0.000214235796989732	0.586650682078696
统计	1805	0.000213762085995836	0.586864444164692
形象	1804	0.000213643658247362	0.587078087822939
如何	1804	0.000213643658247362	0.587291731481187
主任	1801	0.000213288375001939	0.587505019856189
最大	1800	0.000213169947253465	0.587718189803442
贵	1798	0.000212933091756517	0.587931122895199
铁路	1795	0.000212577808511094	0.58814370070371
突破	1793	0.000212340953014146	0.588356041656724
一起	1791	0.000212104097517198	0.588568145754241
心	1787	0.000211630386523301	0.588779776140764
所有	1786	0.000211511958774827	0.588991288099539
试点	1783	0.000211156675529405	0.589202444775069
设备	1782	0.00021103824778093	0.589413483022849
不少	1780	0.000210801392283982	0.589624284415133
打造	1779	0.000210682964535508	0.589834967379669
带来	1778	0.000210564536787034	0.590045531916456
之间	1776	0.000210327681290086	0.590255859597746
改变	1775	0.000210209253541611	0.590466068851288
来到	1773	0.000209972398044663	0.590676041249332
主席	1767	0.000209261831553818	0.590885303080886
才能	1764	0.000208906548308396	0.591094209629195
省级	1763	0.000208788120559922	0.591302997749754
产生	1760	0.000208432837314499	0.591511430587069
没	1758	0.000208195981817551	0.591719626568887
即	1755	0.000207840698572128	0.591927467267459
关心	1752	0.000207485415326706	0.592134952682785
残疾人	1752	0.000207485415326706	0.592342438098112
加工	1749	0.000207130132081284	0.592549568230193
超过	1748	0.000207011704332809	0.592756579934526
民间	1748	0.000207011704332809	0.592963591638859
事件	1745	0.000206656421087387	0.593170248059946
安全生产	1743	0.000206419565590439	0.593376667625537
媒体	1739	0.000205945854596542	0.593582613480133
考核	1739	0.000205945854596542	0.59378855933473
口	1738	0.000205827426848068	0.593994386761578
村里	1737	0.000205708999099594	0.594200095760677
矛盾	1736	0.00020559057135112	0.594405686332029
道	1736	0.00020559057135112	0.59461127690338
知识产权	1730	0.000204880004860275	0.59481615690824
高校	1729	0.000204761577111801	0.595020918485352
现象	1728	0.000204643149363327	0.595225561634715
通	1722	0.000203932582872482	0.595429494217588
观念	1716	0.000203222016381637	0.595632716233969
大量	1716	0.000203222016381637	0.595835938250351
结果	1713	0.000202866733136214	0.596038804983487
动	1711	0.000202629877639266	0.596241434861126
考察	1710	0.000202511449890792	0.596443946311017
多个	1703	0.000201682455651473	0.596645628766669
针对	1702	0.000201564027902999	0.596847192794572
不是	1702	0.000201564027902999	0.597048756822475
进步	1700	0.00020132717240605	0.597250083994881
组成	1699	0.000201208744657576	0.597451292739538
分析	1698	0.000201090316909102	0.597652383056447
吃	1695	0.00020073503366368	0.597853118090111
伊朗	1694	0.000200616605915205	0.598053734696026
减少	1693	0.000200498178166731	0.598254232874193
演出	1692	0.000200379750418257	0.598454612624611
致富	1690	0.000200142894921309	0.598654755519533
未	1689	0.000200024467172835	0.598854779986705
开放	1687	0.000199787611675886	0.599054567598381
一直	1686	0.000199669183927412	0.599254236782309
结束	1684	0.000199432328430464	0.599453669110739
比较	1682	0.000199195472933516	0.599652864583673
政协	1681	0.000199077045185042	0.599851941628858
税收	1681	0.000199077045185042	0.600051018674043
金	1675	0.000198366478694197	0.600249385152737
确定	1673	0.000198129623197248	0.600447514775934
给予	1672	0.000198011195448774	0.600645525971383
校	1670	0.000197774339951826	0.600843300311335
小组	1665	0.000197182201209455	0.601040482512544
电话	1664	0.000197063773460981	0.601237546286005
公斤	1658	0.000196353206970136	0.601433899492975
成员	1653	0.000195761068227765	0.601629660561203
能够	1649	0.000195287357233869	0.601824947918437
自身	1647	0.000195050501736921	0.602019998420174
集体	1646	0.000194932073988446	0.602214930494162
推	1644	0.000194695218491498	0.602409625712654
少	1640	0.000194221507497602	0.602603847220151
片	1640	0.000194221507497602	0.602798068727649
集团	1637	0.000193866224252179	0.602991934951901
石	1637	0.000193866224252179	0.603185801176154
思路	1636	0.000193747796503705	0.603379548972657
消费	1636	0.000193747796503705	0.603573296769161
金融	1631	0.000193155657761334	0.603766452426922
非常	1630	0.00019303723001286	0.603959489656935
应该	1630	0.00019303723001286	0.604152526886948
常委	1630	0.00019303723001286	0.604345564116961
机遇	1625	0.000192445091270489	0.604538009208231
商	1625	0.000192445091270489	0.604730454299502
双方	1624	0.000192326663522015	0.604922780963024
两岸	1619	0.000191734524779644	0.605114515487803
海	1617	0.000191497669282696	0.605306013157086
公	1617	0.000191497669282696	0.605497510826369
决策	1613	0.0001910239582888	0.605688534784658
培育	1613	0.0001910239582888	0.605879558742947
寨	1612	0.000190905530540325	0.606070464273487
方案	1609	0.000190550247294903	0.606261014520782
但是	1607	0.000190313391797955	0.60645132791258
职业	1606	0.000190194964049481	0.606641522876629
小康	1604	0.000189958108552532	0.606831480985182
较	1603	0.000189839680804058	0.607021320665986
煤矿	1598	0.000189247542061687	0.607210568208048
法规	1597	0.000189129114313213	0.607399697322361
安顺	1596	0.000189010686564739	0.607588708008926
价值	1595	0.000188892258816265	0.607777600267742
保	1594	0.000188773831067791	0.607966374098809
经费	1592	0.000188536975570842	0.60815491107438
始终	1590	0.000188300120073894	0.608343211194454
竞争	1589	0.00018818169232542	0.60853139288678
                                                                                                                                                                                                                                                                                                                                                                                                                                                                                                                                                                                                                                                                                                                                                                                                                                                                                                                                                                                                                                                                                                                                                                                                                                                                                                                                                                                                                                                                                                                                                                                                                                                                                                                                                                                                                                                                                                                                                                                                                                                                                                                                                                                                                                                                                                                                                                                                                                                                                                                                                                                                                                                                                                                                                                                                                                                                                                                                                                                                                                                                                                                                                                                                                                                                                                                                                                                                                                                                                                                                                                                                                                                                                                                                                                                                                                                                                                                                                                                                                                                                                                                                                                                                                                                                                                                                                                                                                                                                                                                                                                                                                                                                                                                                                                                                                                                                                                                                                                                                                                                                                                                                                                                                                                                                                                                                                                                                                                                                                                                                                                                                                                                                                                                                                                                                                                                                                                                                                                                                           