中	2988	0.00542436388985709	0.140200200418264
上	1866	0.00338750435691879	0.187755968978738
人	1694	0.0030752585105147	0.210010747066341
会	1516	0.00275212036714302	0.227113468688277
已	1488	0.00270128964796096	0.232561432554897
都	1273	0.00231098233995585	0.260570974207041
不	1205	0.00218753630765656	0.276346650981759
说	1126	0.00204412106425003	0.286866794469618
电	1018	0.00184805971883351	0.29849795224817
部	896	0.00162658301382596	0.312220431044499
使	889	0.00161387533403044	0.313834306378529
下	884	0.00160479841989079	0.31543910479842
新	850	0.00154307540374114	0.321671314046706
后	831	0.00150858313001046	0.326235186476124
时	815	0.00147953700476356	0.32922149122807
两	763	0.00138513709771117	0.336377730335773
应	732	0.00132886023004531	0.341762155803416
大	723	0.00131252178459394	0.345719690368305
军	674	0.00122356802602533	0.354629589287789
里	642	0.00116547577553154	0.36420028755664
次	639	0.00116002962704775	0.366522162193563
年	629	0.00114187579876844	0.371124157662368
余	612	0.00111101429069362	0.376735505983502
市	573	0.00104021436040432	0.384066021842686
报	562	0.00102024514929708	0.389198109097246
条	554	0.00100572208667364	0.391214999419078
曾	525	0.000953075984663646	0.400990835947485
匪	519	0.000942183687696061	0.403826463924713
作	511	0.000927660625072615	0.406634861159521
党	506	0.000918583710932962	0.408473843964215
去	481	0.000873199140234693	0.415611929243639
最	454	0.000824183803880562	0.426587733821308
内	431	0.000782429998838155	0.432170036017195
前	424	0.00076972231904264	0.434493726036947
均	421	0.000764276170558847	0.436027724526548
苏	414	0.000751568490763332	0.441321380852794
出	405	0.000735230045311955	0.446524268037644
更	405	0.000735230045311955	0.447259498082956
团	395	0.000717076217032648	0.450873925293366
处	385	0.00069892238875334	0.455820843499477
天	381	0.000691660857441617	0.457901272220286
原	368	0.000668060880678517	0.465366126408737
正	366	0.000664430115022656	0.466694986638783
厂	359	0.000651722435227141	0.471300612873243
很	341	0.000619045544324387	0.481410479841989
名	336	0.000609968630184733	0.485092076217033
省	329	0.000597260950389218	0.487502904612525
全	329	0.000597260950389218	0.488100165562914
做	324	0.000588184036249564	0.491658315905658
元	319	0.000579107122109911	0.493985636691066
种	318	0.00057729173928198	0.494562928430348
局	311	0.000564584059486465	0.498569478331591
师	305	0.00055369176251888	0.500248707447427
亦	302	0.000548245614035088	0.503563596491228
外	295	0.000535537934239572	0.506796793307773
好	284	0.000515568723132334	0.513649863483211
共	283	0.000513753340304403	0.51467737016382
县	282	0.000511937957476473	0.515189308121297
国	277	0.000502861043336819	0.518756535378181
日	271	0.000491968746369234	0.52123090217265
受	255	0.000462922621122342	0.528408925874289
称	252	0.00045747647263855	0.530247908678983
区	247	0.000448399558498896	0.532954644475427
讯	246	0.000446584175670965	0.533847812826769
须	245	0.000444768792843035	0.534292581619612
底	240	0.000435691878703381	0.538257377715813
月	239	0.00043387649587545	0.538691254211688
分	238	0.000432061113047519	0.539123315324736
反	237	0.000430245730219589	0.539553561054955
美	232	0.000421168816079935	0.542951957708842
伪	226	0.00041027651911235	0.546270477518299
兼	223	0.000404830370628558	0.549118813175323
项	219	0.000397568839316835	0.55313080922505
设	214	0.000388491925177181	0.555868406529569
间	213	0.000386676542349251	0.557416928081794
达	211	0.000383045776693389	0.559341233879401
位	208	0.000377599628209597	0.561241939700244
走	208	0.000377599628209597	0.562374738584873
致	206	0.000373968862553735	0.562748707447427
只	205	0.000372153479725805	0.563865167886604
英	201	0.000364891948414082	0.566433934588126
成	200	0.000363076565586151	0.566797011153712
才	198	0.000359445799930289	0.568605132450331
写	198	0.000359445799930289	0.568964578250262
占	197	0.000357630417102359	0.571112176135704
便	196	0.000355815034274428	0.571467991169978
长	196	0.000355815034274428	0.571823806204253
特	192	0.000348553502962705	0.573227097130243
再	191	0.000346738120134774	0.574962603113745
数	189	0.000343107354478913	0.577030324154758
开	189	0.000343107354478913	0.577373431509237
蒋	188	0.000341291971650982	0.578056015452539
件	188	0.000341291971650982	0.578738599395841
接	184	0.000334030440339259	0.582777826187987
凡	184	0.000334030440339259	0.583111856628326
苗	182	0.000330399674683397	0.585762315557105
法	176	0.000319507377715813	0.588686897292901
南	172	0.00031224584640409	0.593733661554549
现	170	0.000308615080748228	0.59528581387243
旧	168	0.000304984315092367	0.59712842744278
总	161	0.000292276635296851	0.604596912396887
行	161	0.000292276635296851	0.60518146566748
家	159	0.00028864586964099	0.606341495294528
无	159	0.00028864586964099	0.606630141164169
看	155	0.000281384338329267	0.611195828976415
斤	154	0.000279568955501336	0.611475397931916
西	153	0.000277753572673405	0.612591858371094
驻	153	0.000277753572673405	0.612869611943767
却	152	0.000275938189845475	0.613145550133613
制	151	0.000274122807017544	0.615066225165563
号	149	0.000270492041361682	0.616427762286511
路	149	0.000270492041361682	0.616698254327873
尔	149	0.000270492041361682	0.617239238410596
工	148	0.000268676658533752	0.618851298361799
话	146	0.00026504589287789	0.619646436040433
万	145	0.000263230510049959	0.620174712443361
字	144	0.000261415127222029	0.620958957825027
事	144	0.000261415127222029	0.621220372952249
民	143	0.000259599744394098	0.623821816544673
米	139	0.000252338213082375	0.626121906587661
小	136	0.000246892064598583	0.628367535145811
书	136	0.000246892064598583	0.629108211339607
学	136	0.000246892064598583	0.629355103404206
犯	135	0.000245076681770652	0.630580486813059
手	132	0.00023963053328686	0.633715652956896
未	132	0.00023963053328686	0.633955283490182
斯	131	0.000237815150458929	0.634193098640641
份	130	0.000235999767630998	0.636329804229116
女	130	0.000235999767630998	0.636801803764378
请	129	0.000234184384803067	0.637506172301615
高	129	0.000234184384803067	0.637740356686418
队	129	0.000234184384803067	0.638442909840827
届	128	0.000232369001975137	0.639377831997212
委	128	0.000232369001975137	0.639610200999187
想	127	0.000230553619147206	0.640995338096898
夫	126	0.000228738236319275	0.641454629952365
敌	126	0.000228738236319275	0.641912106425003
岁	123	0.000223292087835483	0.643938073660974
北	123	0.000223292087835483	0.644161365748809
系	123	0.000223292087835483	0.64460794992448
仍	122	0.000221476705007552	0.645050903334495
支	121	0.000219661322179621	0.647476254792611
布	120	0.00021784593935169	0.64856548448937
城	119	0.00021603055652376	0.651384774021146
派	116	0.000210584408039967	0.653512402695481
吨	116	0.000210584408039967	0.653933571511561
级	116	0.000210584408039967	0.654565324735681
送	115	0.000208769025212037	0.655193447194145
粮	114	0.000206953642384106	0.656024892529337
俘	113	0.000205138259556175	0.656436984431278
约	113	0.000205138259556175	0.657257537469502
逃	111	0.000201507493900314	0.66030374985477
门	111	0.000201507493900314	0.66050525734867
点	110	0.000199692111072383	0.660906456953643
克	110	0.000199692111072383	0.66150553328686
业	108	0.000196061345416521	0.662890670384571
入	107	0.000194245962588591	0.663869161728826
站	107	0.000194245962588591	0.664257653654003
副	107	0.000194245962588591	0.664451899616591
实	107	0.000194245962588591	0.664840391541769
发	105	0.000190615196932729	0.666183774834438
进	105	0.000190615196932729	0.66637439003137
折	105	0.000190615196932729	0.666565005228303
保	105	0.000190615196932729	0.667136850819101
吃	102	0.000185169048448937	0.668826972231905
案	102	0.000185169048448937	0.669197310328803
周	102	0.000185169048448937	0.669382479377251
马	102	0.000185169048448937	0.669937986522598
住	100	0.000181538282793075	0.671953061461602
百	100	0.000181538282793075	0.672860752875567
营	99	0.000179722899965145	0.673399921575463
车	98	0.000177907517137214	0.675004719995353
员	98	0.000177907517137214	0.675894257581039
拉	96	0.000174276751481352	0.67782400952713
声	96	0.000174276751481352	0.678346839781574
道	95	0.000172461368653422	0.678693577901709
定	95	0.000172461368653422	0.679038500639016
机	94	0.000170645985825491	0.679898992099455
文	94	0.000170645985825491	0.680922868014408
继	93	0.00016883060299756	0.682622066341351
山	93	0.00016883060299756	0.682790896944349
极	92	0.000167015220169629	0.683291942604858
面	92	0.000167015220169629	0.683625973045197
交	92	0.000167015220169629	0.683960003485536
金	92	0.000167015220169629	0.684127018705706
期	92	0.000167015220169629	0.684294033925875
署	91	0.000165199837341699	0.685127294643895
仅	91	0.000165199837341699	0.685457694318579
缴	91	0.000165199837341699	0.686118493667945
非	90	0.000163384454513768	0.687761415127222
相	89	0.000161569071685837	0.689063044614849
找	89	0.000161569071685837	0.689386182758221
组	88	0.000159753688857906	0.690833042872081
东	87	0.000157938306029976	0.692579441152551
计	86	0.000156122923202045	0.693361871151389
兹	86	0.000156122923202045	0.694923100383409
头	84	0.000152492157546183	0.69646617578715
先	83	0.000150676774718253	0.698287004763565
予	83	0.000150676774718253	0.698889711862438
湘	83	0.000150676774718253	0.699341742186592
重	83	0.000150676774718253	0.699492418961311
京	82	0.000148861391890322	0.699791957127919
权	82	0.000148861391890322	0.70038740269548
带	81	0.000147046009062391	0.702320785407226
班	81	0.000147046009062391	0.702761923434413
讲	81	0.000147046009062391	0.703350107470663
抗	80	0.00014523062623446	0.704225121993725
版	80	0.00014523062623446	0.70437035261996
告	79	0.00014341524340653	0.705092874985476
辆	79	0.00014341524340653	0.705809951202509
加	78	0.000141599860578599	0.707372995817358
李	78	0.000141599860578599	0.707797795399093
德	77	0.000139784477750668	0.708220779598001
产	77	0.000139784477750668	0.708360564075752
属	76	0.000137969094922737	0.7104500697107
问	76	0.000137969094922737	0.711001946090391
越	76	0.000137969094922737	0.711139915185313
收	76	0.000137969094922737	0.712381637039618
愿	76	0.000137969094922737	0.712657575229463
台	75	0.000136153712094807	0.713616097362611
校	75	0.000136153712094807	0.714024558498895
立	75	0.000136153712094807	0.71443301963518
提	74	0.000134338329266876	0.715111972812826
公	73	0.000132522946438945	0.717252309166957
运	73	0.000132522946438945	0.717384832113396
方	73	0.000132522946438945	0.717517355059835
身	72	0.000130707563611014	0.719893691181596
信	72	0.000130707563611014	0.720547228999651
海	72	0.000130707563611014	0.721592889508539
尚	71	0.000128892180783084	0.722624026954803
胞	71	0.000128892180783084	0.723139595677936
死	71	0.000128892180783084	0.723268487858719
买	70	0.000127076797955153	0.724412179040315
亚	69	0.000125261415127222	0.724918670849308
院	69	0.000125261415127222	0.72529445509469
旗	69	0.000125261415127222	0.725920762170326
步	69	0.000125261415127222	0.726046023585454
挺	68	0.000123446032299291	0.726670515278262
社	68	0.000123446032299291	0.727164299407459
座	68	0.000123446032299291	0.727287745439758
赴	67	0.000121630649471361	0.72839149819914
水	67	0.000121630649471361	0.728634759498083
桂	67	0.000121630649471361	0.728999651446497
半	67	0.000121630649471361	0.729121282095968
转	67	0.000121630649471361	0.729607804693854
盟	67	0.000121630649471361	0.729729435343325
荷	66	0.00011981526664343	0.730575403741141
战	66	0.00011981526664343	0.730695219007784
