上	23725	0.00442385221779039	0.121110063392077
中	21765	0.00405838328852299	0.1251684466806
省	16377	0.00305371666051647	0.167867710689575
人	15703	0.00292804010014595	0.173826532410288
元	15615	0.0029116312910768	0.176738163701365
不	15169	0.00282846846329452	0.182458498299357
说	13614	0.00253851734849308	0.190541887867047
年	11440	0.00213314517898934	0.206435870551651
已	10588	0.00197427807300167	0.210432161414947
后	10313	0.00192300054466058	0.214286739836281
都	9807	0.00182864989251298	0.219891466915832
两	9670	0.00180310436021214	0.223521542994902
大	9511	0.00177345662564402	0.227083186881605
新	9413	0.00175518317918065	0.228838370060785
下	8802	0.00164125383439372	0.235664434633551
厂	8462	0.00157785616299019	0.243635945957587
好	8365	0.00155976918026624	0.245195715137854
使	8252	0.00153869877771154	0.248288589183649
出	8158	0.00152117118620586	0.249809760369855
时	7202	0.00134291185131829	0.256943863040146
名	7052	0.00131494229040497	0.260928220224118
次	6612	0.00123289824505922	0.268447929907535
会	6437	0.00120026709066035	0.278136958735388
里	6264	0.00116800886374032	0.28049199576429
家	6129	0.00114283625891833	0.281634832023208
县	5907	0.00110144130876661	0.284973278813822
党	5494	0.00102443178438527	0.295576725819802
位	5405	0.00100783651157669	0.297598179218877
做	5249	0.00097874816822684	0.305549738922795
作	5204	0.000970357299952843	0.307495115116186
种	5174	0.000964763387770179	0.309429117021473
去	5125	0.000955626664538494	0.311342048524205
天	4735	0.000882905806163857	0.324306499398748
办	4734	0.000882719342424435	0.325189218741172
条	4607	0.000859038447517823	0.330391743534789
达	4247	0.00079191150132585	0.343618548890699
内	4136	0.000771214026249992	0.349840284483998
项	3860	0.00071975003416948	0.355743540010364
前	3762	0.00070147658770611	0.361437023829879
亩	3751	0.000699425486572466	0.362836247730503
区	3746	0.000698493167875356	0.363534740898379
电	3719	0.000693458646910958	0.36561865965016
更	3690	0.000688051198467716	0.369072527495477
小	3623	0.000675558127926432	0.371800678466962
届	3578	0.000667167259652435	0.375156466385342
很	3569	0.000665489085997636	0.37582195547134
市	3559	0.000663624448603415	0.377150882542202
外	3434	0.000640316481175646	0.379734897043114
乡	3377	0.000629688048028584	0.381003782789882
看	3237	0.000603583124509484	0.388369286960796
却	3084	0.000575054172377896	0.395371932694794
成	3078	0.000573935389941363	0.395945868084736
村	3070	0.000572443680025986	0.397091128372267
应	3067	0.000571884288807719	0.397663012661074
走	3020	0.000563120493054878	0.39992313964661
万	3011	0.000561442319400079	0.401046397212889
高	2941	0.000548389857640529	0.403811840932259
吨	2915	0.000543541800415553	0.405443212188463
占	2874	0.000535896787099245	0.408682273805965
搞	2864	0.000534032149705024	0.409751270424073
酒	2740	0.000510910646016678	0.415993144101229
抓	2726	0.000508300153664768	0.416501444254894
最	2722	0.000507554298707079	0.417008998553601
点	2697	0.000502892705221526	0.419533531121637
日	2674	0.000498604039214816	0.4215331682632
近	2651	0.000494315373208107	0.422523104255792
部	2635	0.000491331953377352	0.423506141090026
只	2615	0.00048760267858891	0.424972678400581
岁	2601	0.000484992186237	0.425457670586818
户	2592	0.0004833140125822	0.426425417394419
水	2531	0.000471939724477449	0.429758083809111
共	2475	0.000461497755069809	0.432084591885881
全	2470	0.000460565436372699	0.432545157322254
报	2451	0.000457022625323678	0.433919954473013
无	2437	0.000454412132971768	0.434829338130175
再	2431	0.000453293350535235	0.435736857149943
便	2416	0.000450496394443903	0.436187353544387
局	2403	0.000448072365831415	0.437084617058486
余	2360	0.000440054425036263	0.439305400195004
分	2353	0.000438749178860308	0.440183644407682
米	2328	0.000434087585374754	0.441488517656158
才	2237	0.000417119385087339	0.447047561119551
场	2224	0.000414695356474851	0.448295562927503
月	2207	0.000411525472904674	0.449534241548485
仅	2200	0.000410220226728719	0.449944461775213
长	2183	0.000407050343158543	0.451989409605456
带	2160	0.000402761677151833	0.454824777227109
路	2142	0.000399405329842235	0.456427619531182
总	2068	0.000385607013124996	0.461927553989178
台	2042	0.00038075895590002	0.463839180245733
想	2035	0.000379453709724065	0.464598274128921
批	2032	0.000378894318505799	0.464977168447427
级	2013	0.000375351507456778	0.466861570998027
事	1998	0.000372554551365446	0.467981285753257
件	1978	0.000368825276577003	0.468719682161369
获	1961	0.000365655393006827	0.469820191151438
处	1941	0.000361926118218384	0.470547399735184
钱	1935	0.000360807335781851	0.471631126988706
正	1905	0.000355213423599186	0.474138691356455
曾	1885	0.000351484148810744	0.475906181142437
车	1868	0.000348314265240567	0.478003152355979
干	1848	0.000344584990452124	0.480078866703226
老	1845	0.000344025599233858	0.480767290829173
进	1834	0.000341974498100214	0.481794146642171
建	1825	0.000340296324445415	0.482816154397943
山	1824	0.000340109860705993	0.483156264258649
见	1776	0.00033115960121373	0.486172688171281
数	1761	0.000328362645122398	0.4884771935268
镇	1743	0.000325006297812799	0.489781880311536
站	1735	0.000323514587897422	0.490753915785144
开	1725	0.0003216499505032	0.492042380224551
未	1717	0.000320158240587823	0.493324877824297
国	1704	0.000317734211975335	0.49460159504812
花	1682	0.000313632009708048	0.496489540409769
吃	1661	0.000309716271180183	0.498359771716173
受	1629	0.000303749431518674	0.500806548904871
组	1625	0.000303003576560986	0.501716491953251
行	1624	0.000302817112821564	0.502322126178894
学	1620	0.000302071257863875	0.503229458734922
百	1618	0.000301698330385031	0.504135113117295
图	1617	0.000301511866645609	0.504738323314326
找	1607	0.000299647229251387	0.506238424097977
双	1582	0.000294985635765834	0.50921252074176
书	1575	0.000293680389589879	0.510684279037019
均	1571	0.00029293453463219	0.510977213571652
烟	1565	0.000291815752195657	0.511853033755717
写	1562	0.000291256360977391	0.513018618590845
片	1560	0.000290883433498546	0.513309502024344
没	1560	0.000290883433498546	0.513600385457842
快	1557	0.00029032404228028	0.513890709500123
海	1527	0.000284730130097616	0.516759640594872
手	1522	0.000283797811400505	0.51761196634777
买	1522	0.000283797811400505	0.517895764159171
院	1511	0.000281746710266861	0.519310464550167
号	1494	0.000278576826696685	0.520709315523312
方	1472	0.000274474624429398	0.522367537557993
份	1456	0.000271491204598643	0.524548230990535
头	1448	0.000269999494683266	0.525359348257021
少	1432	0.000267016074852512	0.52723759750422
女	1429	0.000266456683634245	0.527504054187855
委	1429	0.000266456683634245	0.527770510871489
仍	1407	0.000262354481366958	0.529620231166556
话	1402	0.000261422162669848	0.529881653329226
放	1390	0.000259184597796782	0.530922493922681
改	1359	0.000253404221874695	0.532712359357394
请	1341	0.000250047874565097	0.53422047808184
贵	1324	0.00024687799099492	0.536701564598591
州	1316	0.000245386281079543	0.537439774542964
讲	1308	0.000243894571164166	0.538173136430111
队	1307	0.000243708107424744	0.5386607391087
段	1305	0.000243335179945899	0.539390931112277
接	1299	0.000242216397509367	0.540847585844643
住	1263	0.000235503702890169	0.544905969133166
块	1260	0.000234944311671903	0.545376230683988
原	1243	0.000231774428101726	0.546776759830788
美	1241	0.000231401500622882	0.547239935759513
座	1234	0.000230096254446927	0.548393400451578
发	1230	0.000229350399489239	0.549082383968743
相	1226	0.00022860454453155	0.549310988513274
张	1200	0.000223756487306574	0.551561792311839
间	1199	0.000223570023567152	0.551785362335406
越	1197	0.000223197096088308	0.552455140087411
问	1192	0.000222264777391197	0.552900415497151
心	1178	0.000219654285039287	0.555107213853212
面	1171	0.000218349038863332	0.556857176047689
字	1167	0.000217603183905643	0.558164100397298
难	1153	0.000214992691553733	0.560107798417035
先	1145	0.000213500981638356	0.560962734662285
低	1139	0.000212382199201823	0.561601186506067
机	1135	0.000211636344244135	0.562237214321236
支	1135	0.000211636344244135	0.56244885066548
重	1127	0.000210144634328758	0.563290175057753
线	1125	0.000209771706849913	0.563709904935192
入	1106	0.000206228895800893	0.567036790973962
真	1105	0.00020604243206147	0.567242833406023
班	1099	0.000204923649624938	0.568679536518271
门	1093	0.000203804867188405	0.56949643416068
道	1092	0.000203618403448983	0.569700052564129
红	1081	0.000201567302315339	0.57111922808487
现	1067	0.000198956809963429	0.573722075423464
类	1045	0.000194854607696142	0.576278306827202
声	1044	0.00019466814395672	0.576667643115116
案	1042	0.000194295216477875	0.576861938331594
矿	1039	0.000193735825259609	0.577638186878808
辆	1037	0.000193362897780765	0.578218648499629
转	1027	0.000191498260386543	0.579758466059777
听	1027	0.000191498260386543	0.579949964320164
送	1023	0.000190752405428854	0.580523340318887
非	1020	0.000190193014210588	0.581094478752737
校	1010	0.000188328376816367	0.582041714549002
制	1008	0.000187955449337522	0.582417625447677
太	990	0.000184599102027924	0.586889025919019
回	989	0.000184412638288502	0.587257851195596
法	980	0.000182734464633702	0.588540535259081
产	976	0.000181988609676014	0.5892699814077
讯	961	0.000179191653584681	0.590892215940673
生	946	0.000176394697493349	0.591779037485365
团	940	0.000175275915056816	0.592129962242957
期	938	0.000174902987577972	0.592479954681853
牌	936	0.000174530060099128	0.592654484741952
约	934	0.000174157132620284	0.593002985470932
口	928	0.000173038350183751	0.593522659912701
城	923	0.00017210603148664	0.593694765944188
爱	913	0.000170241394092419	0.594208473546296
套	912	0.000170054930352996	0.594378528476649
交	912	0.000170054930352996	0.594548583407002
挂	911	0.000169868466613574	0.594718451873616
科	901	0.000168003829219353	0.596069568129468
黄	901	0.000168003829219353	0.596237571958688
身	900	0.000167817365479931	0.596405389324168
步	899	0.000167630901740508	0.596740837591388
黔	889	0.000165766264346287	0.598240938375039
早	889	0.000165766264346287	0.598406704639386
坡	889	0.000165766264346287	0.598572470903732
收	888	0.000165579800606865	0.598738050704339
农	883	0.000164647481909754	0.599398132341893
金	881	0.00016427455443091	0.600055417023356
林	878	0.000163715163212643	0.600711023531164
代	876	0.000163342235733799	0.601037894466371
派	872	0.000162596380776111	0.601363646619142
属	867	0.000161664062079	0.60201272689607
设	863	0.000160918207121311	0.602495854444913
强	847	0.000157934787290557	0.605516380559812
病	838	0.000156256613635758	0.606772586772299
权	831	0.000154951367459803	0.607394816270751
药	826	0.000154019048762692	0.609093128009408
推	813	0.000151595020150204	0.611080831471648
创	811	0.00015122209267136	0.611383648584469
定	809	0.000150849165192515	0.611685533378594
版	808	0.000150662701453093	0.611987045245239
运	799	0.000148984527798294	0.613184515379808
刚	799	0.000148984527798294	0.613333499907607
明	797	0.00014861160031945	0.613631096035725
子	789	0.000147119890404073	0.614519595754071
卖	788	0.00014693342666465	0.614666529180736
包	783	0.00014600110796754	0.615838826710483
粮	783	0.00014600110796754	0.616276830034385
厅	782	0.000145814644228117	0.616422644678613
土	779	0.000145255253009851	0.616567899931623
活	770	0.000143577079355052	0.618299588679637
变	767	0.000143017688136785	0.618585996983389
谈	765	0.000142644760657941	0.619300339569115
旧	765	0.000142644760657941	0.619442984329773
加	761	0.000141898905700252	0.620011325807532
跑	759	0.000141525978221408	0.620861786923036
工	755	0.00014078012326372	0.621849485350755
需	754	0.000140593659524297	0.622271639256807
南	752	0.000140220732045453	0.622832895112468
货	751	0.000140034268306031	0.622972929380774
句	750	0.000139847804566609	0.623252811453646
满	745	0.000138915485869498	0.624367305224173
称	741	0.00013816963091181	0.624920916066517
铁	740	0.000137983167172387	0.625196882400862
左	733	0.000136677920996432	0.626570560769184
读	726	0.000135372674820477	0.626978916358519
房	719	0.000134067428644522	0.627921677025038
文	714	0.000133135109947412	0.628722165858377
江	709	0.000132202791250301	0.629516687852054
系	709	0.000132202791250301	0.629648890643305
证	707	0.000131829863771457	0.629912550370847
田	704	0.00013127047255319	0.630307107643465
树	700	0.000130524617595502	0.631092119986432
坐	690	0.00012865998020128	0.632385432483064
石	689	0.000128473516461858	0.632771039496189
社	683	0.000127354734025325	0.633920215522247
力	683	0.000127354734025325	0.634302279724324
半	680	0.000126795342807059	0.635064170563602
梯	679	0.000126608879067637	0.63519077944267
军	677	0.000126235951588792	0.635570046688655
差	674	0.000125676560370526	0.636074058176313
假	671	0.000125117169152259	0.636701508659468
枚	671	0.000125117169152259	0.636826625828621
溪	667	0.000124371314194571	0.637325229867835
画	666	0.000124184850455149	0.637573786032485
筑	662	0.00012343899549746	0.638192659183627
光	661	0.000123252531758038	0.638315911715385
苗	658	0.000122693140539772	0.639298948549619
寨	655	0.000122133749321505	0.639788788793081
楼	648	0.00012082850314555	0.641608488426102
桥	646	0.000120455575666706	0.642090683656247
今	640	0.000119336793230173	0.643407490584047
节	640	0.000119336793230173	0.643646164170507
股	639	0.000119150329490751	0.643765314499998
兼	637	0.000118777402011906	0.644360506756233
深	633	0.000118031547054218	0.645071120067171
华	631	0.000117658619575374	0.64577800410332
增	631	0.000117658619575374	0.645895662722896
驻	630	0.000117472155835951	0.646013134878732
室	630	0.000117472155835951	0.646130607034567
关	626	0.000116726300878263	0.646715916712614
主	624	0.000116353373399419	0.646832270086013
煤	624	0.000116353373399419	0.647064976832812
死	622	0.000115980445920574	0.647529085080234
限	620	0.00011560751844173	0.647991888081479
拉	618	0.000115234590962886	0.648568806891252
篇	616	0.000114861663484041	0.64914367459989
远	613	0.000114302272265775	0.649487327271645
副	610	0.000113742881047509	0.649601070152693
笔	608	0.000113369953568664	0.650055295821925
选	604	0.000112624098610976	0.650732905050985
竟	603	0.000112437634871554	0.651070590883079
群	603	0.000112437634871554	0.65118302851795
完	602	0.000112251171132131	0.651407717323954
凡	598	0.000111505316174443	0.652078800322134
穿	595	0.000110945924956176	0.652411824560742
儿	593	0.000110572997477332	0.653186394934301
极	590	0.000110013606259066	0.653846849499335
乱	586	0.000109267751301377	0.654614520714536
销	584	0.000108894823822533	0.65483249682592
情	578	0.000107776041386	0.655807329255619
易	578	0.000107776041386	0.656022881338391
西	576	0.000107403113907156	0.656345650071331
领	571	0.000106470795210045	0.658268650615991
换	568	0.000105911403991778	0.6589048648949
养	566	0.000105538476512934	0.659433303132422
马	565	0.000105352012773512	0.659538655145196
牛	561	0.000104606157815823	0.660273695205998
特	559	0.000104233230336979	0.660482348130411
歌	558	0.000104046766597557	0.660690628127346
防	558	0.000104046766597557	0.661106815193736
指	555	0.000103487375379291	0.661624811461851
笑	555	0.000103487375379291	0.66172829883723
王	555	0.000103487375379291	0.661935273587988
春	555	0.000103487375379291	0.662038760963368
白	551	0.000102741520421602	0.663275388483215
番	551	0.000102741520421602	0.663378130003637
调	551	0.000102741520421602	0.663480871524058
首	551	0.000102741520421602	0.663789096085323
担	549	0.000102368592942758	0.664301498441255
庭	547	0.000101995665463913	0.66501621395446
落	546	0.000101809201724491	0.665220018821648
提	543	0.000101249810506225	0.66562595038237
装	543	0.000101249810506225	0.665727200192877
试	540	0.000100690419287958	0.666231025216795
风	540	0.000100690419287958	0.666331715636083
飞	538	0.000100317491809114	0.66663285457525
信	538	0.000100317491809114	0.666733172067059
含	537	0.000100131028069692	0.667033938078747
些	537	0.000100131028069692	0.667134069106817
热	537	0.000100131028069692	0.667234200134887
北	536	9.99445643302698e-005	0.667633978392208
油	535	9.97581005908477e-005	0.667733736492799
河	534	9.95716368514255e-005	0.668032824330832
街	534	9.95716368514255e-005	0.668231967604535
层	532	9.91987093725812e-005	0.668430551487019
摆	531	9.90122456331591e-005	0.668926172106403
常	531	9.90122456331591e-005	0.66912419659767
卡	530	9.88257818937369e-005	0.669223022379563
款	530	9.88257818937369e-005	0.669519499725244
赴	529	9.86393181543148e-005	0.669815604143447
富	527	9.82663906754705e-005	0.670307681951782
修	524	9.77069994572041e-005	0.67089541565844
超	524	9.77069994572041e-005	0.670993122657897
求	524	9.77069994572041e-005	0.671188536656812
度	523	9.75205357177819e-005	0.671383577728247
治	520	9.69611444995155e-005	0.672646869562833
民	518	9.65882170206712e-005	0.673226958256175
投	517	9.6401753281249e-005	0.673612938196779
气	516	9.62152895418269e-005	0.673901956992883
购	514	9.58423620629826e-005	0.674381541730677
言	512	9.54694345841383e-005	0.674764165323971
争	512	9.54694345841383e-005	0.674955104193139
敢	510	9.5096507105294e-005	0.675240953105673
锌	507	9.45371158870276e-005	0.676377636061191
量	507	9.45371158870276e-005	0.676566710292965
价	504	9.39777246687612e-005	0.676943739974077
云	503	9.3791260929339e-005	0.677507046930871
实	502	9.36047971899169e-005	0.677600651728061
克	502	9.36047971899169e-005	0.677694256525251
教	502	9.36047971899169e-005	0.677787861322441
怕	500	9.32318697110726e-005	0.678255139453433
杯	498	9.28589422322283e-005	0.679000062092424
型	497	9.26724784928061e-005	0.679463797412367
闯	497	9.26724784928061e-005	0.67955646989086
税	497	9.26724784928061e-005	0.679741814847845
菜	496	9.2486014753384e-005	0.680297103863844
唱	492	9.17401597956954e-005	0.681218980591548
右	489	9.1180768577429e-005	0.682499427090159
订	484	9.02484498803183e-005	0.683586324227251
留	480	8.95025949226297e-005	0.684214707029104
根	480	8.95025949226297e-005	0.684304209624026
广	479	8.93161311832075e-005	0.684840665802344
瓦	477	8.89432037043632e-005	0.685107868340936
钢	477	8.89432037043632e-005	0.685374697952049
保	476	8.87567399649411e-005	0.685552211431979
黑	476	8.87567399649411e-005	0.685818481651873
轮	473	8.81973487466747e-005	0.686526670934198
直	470	8.76379575284082e-005	0.687142001274291
立	470	8.76379575284082e-005	0.687580191061933
计	469	8.74514937889861e-005	0.687667642555722
列	469	8.74514937889861e-005	0.687755094049511
反	468	8.72650300495639e-005	0.688104713560928
排	468	8.72650300495639e-005	0.688191978590977
安	467	8.70785663101418e-005	0.688279057157288
茶	467	8.70785663101418e-005	0.688366135723598
访	467	8.70785663101418e-005	0.688540292856218
架	465	8.67056388312975e-005	0.689321948851876
东	465	8.67056388312975e-005	0.68958206576837
幅	464	8.65191750918753e-005	0.689668584943462
脚	462	8.61462476130311e-005	0.69061787184086
查	459	8.55868563947646e-005	0.691218471545539
短	457	8.52139289159203e-005	0.691901301759303
诗	454	8.46545376976539e-005	0.692749338846195
压	453	8.44680739582318e-005	0.693172052143465
福	452	8.42816102188096e-005	0.693593460194559
龙	448	8.3535755261121e-005	0.69418044804626
周	448	8.3535755261121e-005	0.694347519556782
奖	447	8.33492915216989e-005	0.694597567431347
补	446	8.31628277822767e-005	0.694763893086911
联	444	8.27899003034324e-005	0.695345473490169
护	443	8.26034365640103e-005	0.695428076926733
帐	438	8.16711178668996e-005	0.696905242670436
店	437	8.14846541274774e-005	0.697231367750685
令	436	8.12981903880553e-005	0.697475448785589
坝	436	8.12981903880553e-005	0.697556746975977
准	436	8.12981903880553e-005	0.697719343356753
德	434	8.0925262909211e-005	0.698124901989996
集	434	8.0925262909211e-005	0.698367677778724
倒	433	8.07387991697888e-005	0.69877211762953
清	432	8.05523354303667e-005	0.699255804569591
角	431	8.03658716909446e-005	0.699577454520095
钩	430	8.01794079515224e-005	0.699737999799737
猪	430	8.01794079515224e-005	0.699818179207689
忙	430	8.01794079515224e-005	0.69989835861564
利	429	7.99929442121003e-005	0.70029869626418
夜	427	7.9620016733256e-005	0.700537742778119
株	426	7.94335529938338e-005	0.700856036381312
园	426	7.94335529938338e-005	0.700935469934306
硬	425	7.92470892544117e-005	0.701410952469833
商	425	7.92470892544117e-005	0.701569446648342
精	424	7.90606255149895e-005	0.701727754363111
状	423	7.88741617755674e-005	0.702280619350498
知	421	7.85012342967231e-005	0.702594810751424
掉	416	7.75689155996124e-005	0.703764870716298
化	412	7.68230606419238e-005	0.70484542808625
苦	412	7.68230606419238e-005	0.704922251146891
宽	411	7.66365969025017e-005	0.704998887743794
肉	411	7.66365969025017e-005	0.705075524340696
动	410	7.64501331630795e-005	0.705305247667664
帮	409	7.62636694236574e-005	0.705381511337088
木	406	7.57042782053909e-005	0.706369396228547
促	405	7.55178144659688e-005	0.70667184041389
男	404	7.53313507265466e-005	0.706973725208014
磷	401	7.47719595082802e-005	0.708174924617372
盘	398	7.42125682900138e-005	0.709068458856683
箱	397	7.40261045505916e-005	0.709439148770654
物	397	7.40261045505916e-005	0.709587200979755
舞	394	7.34667133323252e-005	0.710545438136645
香	394	7.34667133323252e-005	0.710765838276642
缺	394	7.34667133323252e-005	0.710839304989975
愿	394	7.34667133323252e-005	0.710912771703307
鸡	393	7.3280249592903e-005	0.7109860519529
资	393	7.3280249592903e-005	0.711279172951271
脸	392	7.30937858534809e-005	0.711571548094685
翻	392	7.30937858534809e-005	0.711644641880539
体	392	7.30937858534809e-005	0.711717735666392
兴	391	7.29073221140587e-005	0.712374088029158
通	391	7.29073221140587e-005	0.712519902673387
神	389	7.25343946352145e-005	0.712737692321031
征	388	7.23479308957923e-005	0.712882574646562
尚	387	7.21614671563702e-005	0.713243941373563
铝	387	7.21614671563702e-005	0.713460425775032
患	386	7.1975003416948e-005	0.713532400778449
票	386	7.1975003416948e-005	0.713604375781866
供	385	7.17885396775259e-005	0.713820114328377
例	384	7.16020759381037e-005	0.71403529348367
表	384	7.16020759381037e-005	0.714250099711485
青	383	7.14156121986816e-005	0.714679152775895
单	382	7.12291484592594e-005	0.71517775681511
亦	381	7.10426847198373e-005	0.715390884869269
足	381	7.10426847198373e-005	0.715532970238709
初	380	7.08562209804152e-005	0.715958853419549
具	379	7.0669757240993e-005	0.716312575133233
顶	379	7.0669757240993e-005	0.716383244890474
布	378	7.04832935015709e-005	0.716524211477477
京	378	7.04832935015709e-005	0.716806144651484
优	377	7.02968297621487e-005	0.716876441481246
平	376	7.01103660227266e-005	0.717227739166317
库	375	6.99239022833044e-005	0.717717579409779
肥	374	6.97374385438823e-005	0.717787316848323
题	372	6.9364511065038e-005	0.718483385987586
姓	371	6.91780473256158e-005	0.718968751101301
印	371	6.91780473256158e-005	0.719037929148627
习	371	6.91780473256158e-005	0.719176285243278
取	370	6.89915835861937e-005	0.719521243161209
师	369	6.88051198467716e-005	0.719727658520749
合	369	6.88051198467716e-005	0.719796463640596
感	368	6.86186561073494e-005	0.720071497656244
居	368	6.86186561073494e-005	0.720140116312351
纸	368	6.86186561073494e-005	0.720277353624566
持	367	6.84321923679273e-005	0.720482836665409
火	366	6.82457286285051e-005	0.720756192507402
职	366	6.82457286285051e-005	0.720960929693287
破	365	6.8059264889083e-005	0.721301226017733
业	364	6.78728011496608e-005	0.721708835752109
眼	363	6.76863374102387e-005	0.72191189476434
止	361	6.73134099313944e-005	0.722384766807515
俄	361	6.73134099313944e-005	0.722452080217446
式	360	6.71269461919722e-005	0.722586520573569
答	360	6.71269461919722e-005	0.722855028358337
懂	360	6.71269461919722e-005	0.722922155304529
喝	358	6.6754018713128e-005	0.7231897307706
背	357	6.65675549737058e-005	0.723456187454234
拨	354	6.60081637554394e-005	0.724515860885371
颗	352	6.56352362765951e-005	0.724910791085467
古	352	6.56352362765951e-005	0.72504206155802
封	351	6.54487725371729e-005	0.725762557447147
般	350	6.52623087977508e-005	0.726023979609817
结	348	6.48893813189065e-005	0.726479696988965
星	346	6.45164538400622e-005	0.7272555726087
算	346	6.45164538400622e-005	0.727320089062541
银	345	6.43299901006401e-005	0.727384419052641
引	345	6.43299901006401e-005	0.727448749042742
紧	343	6.39570626217958e-005	0.727833796664648
语	343	6.39570626217958e-005	0.72789775372727
瓶	343	6.39570626217958e-005	0.727961710789892
穷	342	6.37705988823736e-005	0.728153395514018
急	340	6.33976714035293e-005	0.728980362198355
斯	334	6.22788889669965e-005	0.731242540285024
夫	332	6.19059614881522e-005	0.73192481110757
洞	331	6.171949774873e-005	0.732295501021541
果	331	6.171949774873e-005	0.732418940017039
停	330	6.15330340093079e-005	0.732788138221095
色	328	6.11601065304636e-005	0.733217377749245
船	328	6.11601065304636e-005	0.733400858068836
记	327	6.09736427910415e-005	0.733584151924688
玩	325	6.06007153121972e-005	0.734070449357101
乐	325	6.06007153121972e-005	0.734131050072413
专	325	6.06007153121972e-005	0.73431285221835
鱼	324	6.0414251572775e-005	0.734554509224641
载	323	6.02277878333529e-005	0.734855648163808
旱	322	6.00413240939307e-005	0.735156041248017
草	321	5.98548603545086e-005	0.735395833616914
斤	320	5.96683966150864e-005	0.735694548527468
品	320	5.96683966150864e-005	0.735754216924083
饭	319	5.94819328756643e-005	0.736170963381692
抗	318	5.92954691362422e-005	0.736289554319964
湖	317	5.910900539682e-005	0.73652636326903
传	317	5.910900539682e-005	0.736585472274427
净	315	5.87360779179757e-005	0.737233806696398
似	314	5.85496141785536e-005	0.737409455538933
墙	314	5.85496141785536e-005	0.73752655476729
梦	313	5.83631504391314e-005	0.73758491791773
医	313	5.83631504391314e-005	0.737643281068169
球	313	5.83631504391314e-005	0.737993459970804
空	312	5.81766866997093e-005	0.738576345620238
竹	311	5.79902229602871e-005	0.738750502752858
跳	311	5.79902229602871e-005	0.738808492975818
床	310	5.7803759220865e-005	0.739387649350463
栽	308	5.74308317420207e-005	0.73973372605083
奔	308	5.74308317420207e-005	0.739791156882572
质	308	5.74308317420207e-005	0.740020880209541
额	305	5.68714405237543e-005	0.740649635938872
网	305	5.68714405237543e-005	0.740763378819919
贸	303	5.649851304491e-005	0.741557527886119
晚	302	5.63120493054878e-005	0.741839647523864
撤	302	5.63120493054878e-005	0.74189595957317
轻	302	5.63120493054878e-005	0.741952271622475
籽	300	5.59391218266435e-005	0.742232713086566
川	300	5.59391218266435e-005	0.7425124086957
曲	298	5.55661943477993e-005	0.743181813520225
须	298	5.55661943477993e-005	0.743404078297616
环	297	5.53797306083771e-005	0.743792482266833
胜	297	5.53797306083771e-005	0.743958621458658
率	296	5.5193266868955e-005	0.744234774256742
桔	296	5.5193266868955e-005	0.74434516079048
尔	296	5.5193266868955e-005	0.744621127124825
侗	296	5.5193266868955e-005	0.744676320391694
观	295	5.50068031295328e-005	0.744786333997953
存	293	5.46338756506885e-005	0.745115628961773
战	293	5.46338756506885e-005	0.745224896713074
拥	293	5.46338756506885e-005	0.745334164464375
俩	292	5.44474119112664e-005	0.745443245751937
杀	292	5.44474119112664e-005	0.745769930223405
烧	292	5.44474119112664e-005	0.745878825047227
配	291	5.42609481718442e-005	0.746150316251826
瓮	291	5.42609481718442e-005	0.746421620992685
拍	291	5.42609481718442e-005	0.746475881940857
秋	289	5.38880206929999e-005	0.747501805435157
董	288	5.37015569535778e-005	0.747771059074883
英	286	5.33286294747335e-005	0.74862711410257
港	285	5.31421657353114e-005	0.748946712951939
弄	285	5.31421657353114e-005	0.749265565946351
抱	285	5.31421657353114e-005	0.749318708112086
负	285	5.31421657353114e-005	0.749424992443556
史	284	5.29557019958892e-005	0.749637001715279
遇	284	5.29557019958892e-005	0.749689957417275
毛	283	5.27692382564671e-005	0.749742726655532
跨	283	5.27692382564671e-005	0.749953803608558
展	283	5.27692382564671e-005	0.750270419038097
冬	282	5.25827745170449e-005	0.750323001812614
招	282	5.25827745170449e-005	0.750585915685199
食	281	5.23963107776228e-005	0.75074347754501
公	281	5.23963107776228e-005	0.750953062788121
屋	281	5.23963107776228e-005	0.751110251720454
杨	281	5.23963107776228e-005	0.751319836963564
响	280	5.22098470382006e-005	0.751633096045793
课	280	5.22098470382006e-005	0.751685305892832
雨	279	5.20233832987785e-005	0.751789539123169
杂	279	5.20233832987785e-005	0.752257749572858
怀	278	5.18369195593564e-005	0.752309586492417
严	277	5.16504558199342e-005	0.752464724323616
减	277	5.16504558199342e-005	0.752671326146896
鸟	277	5.16504558199342e-005	0.752774627058536
致	276	5.14639920805121e-005	0.753392567890981
窖	275	5.12775283410899e-005	0.753546400476004
效	274	5.10910646016678e-005	0.754006406521159
忘	273	5.09046008622456e-005	0.754261115989209
素	272	5.07181371228235e-005	0.754617075267766
妻	272	5.07181371228235e-005	0.754718511542012
味	270	5.03452096439792e-005	0.755172923674984
吹	270	5.03452096439792e-005	0.75537430451356
售	270	5.03452096439792e-005	0.755575685352135
圈	269	5.0158745904557e-005	0.755676189307684
遍	269	5.0158745904557e-005	0.755826665545398
议	269	5.0158745904557e-005	0.755876824291302
岩	267	4.97858184257128e-005	0.756476678141023
抵	267	4.97858184257128e-005	0.756576249777875
累	266	4.95993546862906e-005	0.757122588534382
齐	265	4.94128909468685e-005	0.757271200134701
苏	265	4.94128909468685e-005	0.757518264589436
绿	265	4.94128909468685e-005	0.757666503262276
袋	264	4.92264272074463e-005	0.758110100498361
岗	263	4.90399634680242e-005	0.758551833097052
踏	262	4.8853499728602e-005	0.758942661094881
久	261	4.86670359891799e-005	0.759088848666588
卷	261	4.86670359891799e-005	0.759234849774555
器	260	4.84805722497577e-005	0.759331997382794
喜	260	4.84805722497577e-005	0.759477439099543
挖	260	4.84805722497577e-005	0.759574400244043
抢	258	4.81076447709134e-005	0.760008674293157
退	258	4.81076447709134e-005	0.760056781937928
伤	257	4.79211810314913e-005	0.760537298994419
迈	256	4.77347172920692e-005	0.761159342029131
检	256	4.77347172920692e-005	0.761207076746423
旁	255	4.7548253552647e-005	0.761397642688113
猫	254	4.73617898132249e-005	0.762061826527935
搬	254	4.73617898132249e-005	0.762109188317748
继	253	4.71753260738027e-005	0.762250900759709
贴	253	4.71753260738027e-005	0.762298076085782
流	253	4.71753260738027e-005	0.76239242673793
寄	253	4.71753260738027e-005	0.762439602064004
赚	252	4.69888623343806e-005	0.762533766252412
扣	250	4.66159348555363e-005	0.763330712274702
犯	250	4.66159348555363e-005	0.763470560079269
划	249	4.64294711161141e-005	0.764169053247144
粉	248	4.6243007376692e-005	0.764354584667869
距	248	4.6243007376692e-005	0.764863257749013
评	247	4.60565436372699e-005	0.765047483923562
灯	247	4.60565436372699e-005	0.765139597010836
练	247	4.60565436372699e-005	0.765185653554474
赛	247	4.60565436372699e-005	0.76541593627266
睡	246	4.58700798978477e-005	0.765553919439833
编	246	4.58700798978477e-005	0.765737399759424
员	246	4.58700798978477e-005	0.766012620238812
倍	245	4.56836161584256e-005	0.766698993263625
官	245	4.56836161584256e-005	0.766744676879783
丝	244	4.54971524190034e-005	0.766835671184621
遭	243	4.53106886795813e-005	0.767198529621537
鞋	242	4.51242249401591e-005	0.767875952386858
罗	242	4.51242249401591e-005	0.767921076611798
断	241	4.4937761200737e-005	0.768056262822879
独	241	4.4937761200737e-005	0.768280951628883
井	241	4.4937761200737e-005	0.768415764912485
唯	240	4.47512974613148e-005	0.76863989432727
夏	240	4.47512974613148e-005	0.768684645624732
秒	240	4.47512974613148e-005	0.768818899517115
宝	239	4.45648337218927e-005	0.769131412744387
添	238	4.43783699824705e-005	0.769397869428021
形	238	4.43783699824705e-005	0.769575382907951
考	238	4.43783699824705e-005	0.769619761277934
寻	237	4.41919062430484e-005	0.769752336996663
柑	236	4.40054425036263e-005	0.770149318297892
灵	235	4.38189787642041e-005	0.770896292038017
纳	235	4.38189787642041e-005	0.771071567953074
盖	234	4.3632515024782e-005	0.771290476383155
甚	234	4.3632515024782e-005	0.771377741413205
刀	234	4.3632515024782e-005	0.771639536503353
诉	233	4.34460512853598e-005	0.771813880099713
喊	233	4.34460512853598e-005	0.771944218253569
戏	233	4.34460512853598e-005	0.772161448509996
阳	232	4.32595875459377e-005	0.772464825014036
李	232	4.32595875459377e-005	0.772551344189128
馆	232	4.32595875459377e-005	0.772594603776674
租	232	4.32595875459377e-005	0.772724382539312
糖	231	4.30731238065155e-005	0.772810528786924
腿	231	4.30731238065155e-005	0.77311204065357
畜	229	4.27001963276712e-005	0.773798227214644
鸭	229	4.27001963276712e-005	0.774139828785265
碗	228	4.25137325882491e-005	0.774309883715618
缴	228	4.25137325882491e-005	0.774437424913383
亮	226	4.21408051094048e-005	0.77494497921209
颇	224	4.17678776305605e-005	0.77553215352753
陈	224	4.17678776305605e-005	0.775573921405161
术	224	4.17678776305605e-005	0.775782760793314
板	223	4.15814138911384e-005	0.77615811230077
昔	223	4.15814138911384e-005	0.776282856542444
词	223	4.15814138911384e-005	0.776324437956335
营	222	4.13949501517162e-005	0.776448809270529
罚	222	4.13949501517162e-005	0.77669717897144
源	221	4.12084864122941e-005	0.77715215049563
许	221	4.12084864122941e-005	0.777399401414104
兵	221	4.12084864122941e-005	0.777440609900517
藏	220	4.10220226728719e-005	0.777768972545639
爬	219	4.08355589334498e-005	0.777891665686179
境	219	4.08355589334498e-005	0.778014172362979
围	219	4.08355589334498e-005	0.778095843480846
叶	219	4.08355589334498e-005	0.778340856834446
盒	218	4.06490951940276e-005	0.778462804120028
政	218	4.06490951940276e-005	0.778747347786387
嘴	217	4.04626314546055e-005	0.778950033871139
棵	217	4.04626314546055e-005	0.778990496502594
劳	217	4.04626314546055e-005	0.779111884396958
呈	216	4.02761677151834e-005	0.779636220432213
稿	214	3.99032402363391e-005	0.780318118327279
稳	214	3.99032402363391e-005	0.780597441008934
确	214	3.99032402363391e-005	0.780796957210116
降	213	3.97167764969169e-005	0.780836673986613
欠	213	3.97167764969169e-005	0.781035257869098
升	212	3.95303127574948e-005	0.781431866242849
塔	212	3.95303127574948e-005	0.781629517806636
羊	212	3.95303127574948e-005	0.781669048119394
跃	212	3.95303127574948e-005	0.781708578432151
皮	212	3.95303127574948e-005	0.781748108744909
柜	211	3.93438490180726e-005	0.781866140291963
沙	211	3.93438490180726e-005	0.781984171839017
巴	211	3.93438490180726e-005	0.782062859537053
拖	211	3.93438490180726e-005	0.782298922631161
意	211	3.93438490180726e-005	0.782416954178215
炉	210	3.91573852786505e-005	0.782652084953626
解	210	3.91573852786505e-005	0.782691242338905
雪	210	3.91573852786505e-005	0.782730399724184
采	210	3.91573852786505e-005	0.782769557109462
洗	210	3.91573852786505e-005	0.782887029265298
挑	210	3.91573852786505e-005	0.783043658806412
抬	209	3.89709215392283e-005	0.783433740949284
客	209	3.89709215392283e-005	0.783511682792362
皆	209	3.89709215392283e-005	0.783589624635441
菌	208	3.87844577998062e-005	0.78366719355104
肩	208	3.87844577998062e-005	0.783861115840039
蓝	208	3.87844577998062e-005	0.784016253671239
迎	208	3.87844577998062e-005	0.784132607044638
铺	207	3.8597994060384e-005	0.784402793003061
挤	206	3.84115303209619e-005	0.784902702288451
甲	206	3.84115303209619e-005	0.784941113818772
游	206	3.84115303209619e-005	0.785056348409735
侧	205	3.82250665815398e-005	0.785477010605871
核	205	3.82250665815398e-005	0.785668135938779
君	204	3.80386028421176e-005	0.786010483364358
顿	204	3.80386028421176e-005	0.786086560570043
育	203	3.78521391026955e-005	0.786427229821967
象	203	3.78521391026955e-005	0.786465081961069
造	202	3.76656753632733e-005	0.786691448940728
服	202	3.76656753632733e-005	0.786842111642181
视	201	3.74792116238512e-005	0.787067732766881
幢	201	3.74792116238512e-005	0.787105211978505
砖	201	3.74792116238512e-005	0.787217649613377
复	200	3.7292747884429e-005	0.787404672744017
章	200	3.7292747884429e-005	0.787665721979208
录	200	3.7292747884429e-005	0.787703014727093
汉	200	3.7292747884429e-005	0.787740307474977
费	200	3.7292747884429e-005	0.787814892970746
偏	199	3.71062841450069e-005	0.788186888130893
付	199	3.71062841450069e-005	0.788483738404053
亚	198	3.69198204055847e-005	0.788668896897299
夺	198	3.69198204055847e-005	0.788742736538111
册	198	3.69198204055847e-005	0.789001175280949
底	198	3.69198204055847e-005	0.78907501492176
势	197	3.67333566661626e-005	0.789111748278427
堆	197	3.67333566661626e-005	0.789221948348425
欲	197	3.67333566661626e-005	0.789258681705092
值	196	3.65468929267404e-005	0.789625082953056
血	196	3.65468929267404e-005	0.78991745809647
软	194	3.61739654478962e-005	0.790825350043716
衣	194	3.61739654478962e-005	0.790970045905508
迁	194	3.61739654478962e-005	0.791006219870956
参	194	3.61739654478962e-005	0.791042393836404
景	193	3.5987501708474e-005	0.791474243856906
救	193	3.5987501708474e-005	0.79161819386374
献	192	3.58010379690519e-005	0.791868987593263
刺	192	3.58010379690519e-005	0.791904788631232
莫	191	3.56145742296297e-005	0.792582770787771
伏	191	3.56145742296297e-005	0.79265399993623
慢	190	3.54281104902076e-005	0.79311531122756
猴	190	3.54281104902076e-005	0.793327879890501
必	189	3.52416467507854e-005	0.7938576233742
登	189	3.52416467507854e-005	0.793963348314453
协	189	3.52416467507854e-005	0.794104314901456
盐	188	3.50551830113633e-005	0.794279777280252
拟	188	3.50551830113633e-005	0.794419998012298
贷	188	3.50551830113633e-005	0.794490108378321
坪	188	3.50551830113633e-005	0.794770549842412
托	187	3.48687192719411e-005	0.795084368315859
彩	186	3.4682255532519e-005	0.795223470265468
性	186	3.4682255532519e-005	0.795431563798663
钟	186	3.4682255532519e-005	0.795535610565261
众	185	3.44957917930968e-005	0.795846259155137
司	184	3.43093280536747e-005	0.796430636514486
页	183	3.41228643142526e-005	0.796601437299797
伙	183	3.41228643142526e-005	0.796669683028426
哭	182	3.39364005748304e-005	0.797078411545239
枪	182	3.39364005748304e-005	0.797146284346389
梵	182	3.39364005748304e-005	0.797349902749837
桌	182	3.39364005748304e-005	0.797451711951562
微	182	3.39364005748304e-005	0.797553521153286
铜	181	3.37499368354083e-005	0.797621207490696
守	181	3.37499368354083e-005	0.797654957427532
泥	181	3.37499368354083e-005	0.798296206227404
觉	180	3.35634730959861e-005	0.798396896646692
罪	180	3.35634730959861e-005	0.798430460119788
钙	180	3.35634730959861e-005	0.798464023592884
冠	180	3.35634730959861e-005	0.798698967904556
谷	180	3.35634730959861e-005	0.798900348743132
融	179	3.3377009356564e-005	0.799067793181133
横	179	3.3377009356564e-005	0.799468317293412
整	178	3.31905456171418e-005	0.79970139696769
施	178	3.31905456171418e-005	0.799767778058924
亲	178	3.31905456171418e-005	0.79993373078701
志	178	3.31905456171418e-005	0.799966921332627
搭	177	3.30040818777197e-005	0.800231513378866
演	177	3.30040818777197e-005	0.800297521542622
端	176	3.28176181382975e-005	0.800659820588319
细	176	3.28176181382975e-005	0.800791091060872
财	176	3.28176181382975e-005	0.800856726297149
催	176	3.28176181382975e-005	0.800922361533426
错	176	3.28176181382975e-005	0.800955179151564
奇	175	3.26311543988754e-005	0.801282236550511
耳	174	3.24446906594533e-005	0.801543099321962
理	174	3.24446906594533e-005	0.8016728780846
酸	174	3.24446906594533e-005	0.802029769681854
佳	174	3.24446906594533e-005	0.802159548444492
灌	173	3.22582269200311e-005	0.802256323125252
迷	173	3.22582269200311e-005	0.802546647167531
摊	173	3.22582269200311e-005	0.802578905394451
珠	173	3.22582269200311e-005	0.802611163621371
刘	172	3.2071763180609e-005	0.802803780664195
聘	172	3.2071763180609e-005	0.802932067716917
妈	172	3.2071763180609e-005	0.803124498296001
针	171	3.18852994411868e-005	0.803380513010228
世	171	3.18852994411868e-005	0.803476168908552
狗	171	3.18852994411868e-005	0.803731251304081
技	170	3.16988357017647e-005	0.803953702545212
隔	170	3.16988357017647e-005	0.804112196723721
末	170	3.16988357017647e-005	0.804143895559422
痛	170	3.16988357017647e-005	0.804302389737931
岛	170	3.16988357017647e-005	0.804492582752142
亏	169	3.15123719623425e-005	0.804587119868029
扎	168	3.13259082229204e-005	0.805216434988578
塘	168	3.13259082229204e-005	0.805592345887254
料	167	3.11394444834982e-005	0.805811067853596
透	167	3.11394444834982e-005	0.80584220729808
追	167	3.11394444834982e-005	0.805966765076014
格	166	3.09529807440761e-005	0.806277973057109
熟	166	3.09529807440761e-005	0.80643273796083
桑	166	3.09529807440761e-005	0.806494643922318
霜	166	3.09529807440761e-005	0.806680361806782
毁	166	3.09529807440761e-005	0.806866079691247
残	165	3.07665170046539e-005	0.807143351271767
枫	165	3.07665170046539e-005	0.807174117788772
骑	165	3.07665170046539e-005	0.807204884305777
输	165	3.07665170046539e-005	0.80729718385679
辞	164	3.05800532652318e-005	0.807481410031339
                                                                                                                                                                                                                                                                                                                                                                                                                                                                                                                                                                                                                                                                                                                                                                                                                                                                                                                                                                                                                                                                                                                                                                                                                                                                                                                                                                                                                                                                                                                                                                                                                                                                                                                                                                                                                                                                                                                                                                                                                                                                                                                                                                                                                                                                                                                                                                                                                                                                                                                                                                                                                                                                                                                                                                                                                                                                                                                                                                                                                                                                                                                                                                                                                                                                                                                                                                                                                                                                                                                                                                                                                                                                                                                                                                                                                                                                                                                                                                                                                                                                                                                                                                                                                                                                                                                                                                                                                                                                                                                                                                                                                                                                                                                                                                                                                                                                                                                                                                                                                                                                                                                                                                                                                                                                                                                                                                                                                                                                                                                                                                                                                                                                                                                                                                                                                                                                                                                                                                                                                                                                                                                                                                                                                                                                                                                                                                                                                                                                                                                                                                                                                                                                                                                                                                                                                                                                                                                                                                                                                                                                                                                                                                                                                                                                                                                                                                                                                                                                                                                                                                                                                                                                                                                                                                                                                                                                                                                                                                                                                                                                                                                                                                                                                                                                                                                                                                                                                                                                                