上	38358	0.00435935753175672	0.121540133581043
中	35660	0.0040527318833736	0.133951539736945
元	27610	0.00313785550476571	0.158896979578254
人	27101	0.00308000804182019	0.165113024737007
不	26770	0.00304239014351967	0.168155414880527
说	25999	0.00295476657980455	0.174079040545844
省	20955	0.00238151981536999	0.193235301772258
年	18139	0.0020614835567166	0.208494530573521
已	17651	0.00200602272780223	0.210500553301323
都	16697	0.00189760135324423	0.220118461148382
后	16550	0.00188089491502617	0.221999356063409
两	16530	0.0018786219302346	0.223877977993643
大	16109	0.001830775600372	0.227565100273292
新	15444	0.00175519885605221	0.232909910361435
下	14588	0.00165791510697291	0.241411328078874
使	13715	0.00155869932082078	0.244539296099797
出	13687	0.00155551714211258	0.246094813241909
好	12790	0.00145357377421056	0.252040714158184
时	12598	0.00143175312021146	0.253472467278395
厂	11623	0.00132094511162231	0.258861259622255
名	11293	0.00128344086256136	0.264004683257865
次	10984	0.00124832324753157	0.267776133273281
会	10925	0.00124161794239643	0.269017751215678
里	10683	0.0012141148264184	0.272694190466806
家	10672	0.00121286468478304	0.273907055151589
位	9736	0.00110648899653745	0.284169922433258
去	9633	0.00109478312486085	0.285264705558118
县	9113	0.00103568552027997	0.294800104057244
种	8806	0.00100079520372933	0.297811581607598
做	8650	0.000983065922355067	0.299792487853453
作	7855	0.000892714776890064	0.311874879460775
天	7447	0.000846345887141986	0.323215596130607
条	6936	0.000788271125717311	0.332183316678037
办	6802	0.000773042127613776	0.339178654672581
达	6780	0.000770541844343047	0.339949196516924
电	6698	0.0007612226066976	0.341475051207506
小	6675	0.000758608674187291	0.343754059408776
很	6605	0.000750653227416788	0.344504712636193
党	6518	0.000740765743573448	0.345245478379766
前	6307	0.000716785754022359	0.349616200835481
项	6276	0.000713262627595422	0.350329463463076
内	6196	0.000704170688429132	0.353870319171388
届	6180	0.000702352300595874	0.354572671471984
看	5930	0.000673939990701219	0.360099320343453
却	5891	0.000669507670357653	0.361439017579605
市	5802	0.000659392888035156	0.36342287870569
更	5789	0.000657915447920634	0.364080794153611
外	5629	0.000639731569588055	0.367952823746054
亩	5605	0.000637003987838168	0.369229218355762
高	5228	0.000594158224517028	0.382202847299859
应	5225	0.000593817276798292	0.382796664576657
成	5186	0.000589384956454726	0.383386049533112
万	5038	0.00057256486899709	0.388613232658291
走	4967	0.000564495772987008	0.391442189529882
最	4621	0.000525173136092805	0.402299896931505
占	4603	0.00052312744978039	0.402823024381285
近	4574	0.00051983162183261	0.403864733311263
点	4548	0.000516876741603566	0.404381610052866
再	4499	0.000511307928864213	0.405920875353719
区	4494	0.00051073968266632	0.406942468368292
村	4486	0.000509830488749691	0.407962924890468
只	4476	0.000508693996353905	0.408980881129374
便	4456	0.000506421011562333	0.409995314241852
钱	4407	0.00050085219882298	0.411505826285092
乡	4326	0.000491646610417112	0.414974060129313
户	4315	0.000490396468781747	0.415955194014595
岁	4242	0.000482100074292508	0.417407972244128
吨	4227	0.000480395335698829	0.418370013057161
部	4225	0.000480168037219671	0.418850181094381
无	4166	0.000473462732084533	0.419803129968248
抓	4141	0.000470621501095067	0.421689820994493
搞	4083	0.000464029845199507	0.423561169373394
才	4031	0.000458120084741419	0.426780625032177
分	3999	0.000454483309074903	0.428149530122902
想	3946	0.000448459899377236	0.430402967245267
全	3896	0.000442777437398305	0.432628446654695
共	3868	0.000439595258690104	0.433508432716752
长	3842	0.00043664037846106	0.433945073095214
报	3815	0.000433571848992437	0.434378644944206
仅	3811	0.000433117252034123	0.43481176219624
月	3792	0.000430957916482129	0.435242720112722
余	3686	0.000418911097086795	0.436935866483965
局	3680	0.000418229201649323	0.437772893133461
事	3637	0.000413342284347443	0.440681177174278
镇	3631	0.000412660388909971	0.441919840236445
带	3529	0.000401068166472952	0.446387732792
场	3477	0.000395158406014863	0.448374889746032
处	3475	0.000394931107535706	0.448769820853567
米	3447	0.000391748928827505	0.44955388695742
曾	3380	0.000384134429775737	0.452271240275745
水	3332	0.000378679266275963	0.453789139519557
总	3325	0.000377883721598913	0.454167023241156
正	3275	0.000372201259619982	0.456045645171391
数	3256	0.000370041924067988	0.457899946164356
路	3248	0.000369132730151359	0.458638325273898
酒	3245	0.000368791782432623	0.459007117056331
件	3233	0.00036742799155768	0.459742200337925
批	3219	0.000365836902203579	0.460840506589213
老	3200	0.000363677566651585	0.461204184155864
吃	3168	0.00036004079098507	0.461926879670345
没	3132	0.000355949418360239	0.464790158612289
进	3065	0.000348334919308472	0.467241913657718
花	3057	0.000347425725391843	0.468633775894838
找	3015	0.000342652457329541	0.470359994194797
方	3002	0.000341175017215019	0.471042685176946
未	2999	0.000340834069496283	0.472065301034675
见	2991	0.000339924875579654	0.473085643907611
号	2980	0.000338674733944289	0.473763447972458
获	2927	0.000332651324246622	0.475777880743989
台	2900	0.000329582794777999	0.476438978370618
日	2896	0.000329128197819685	0.477097462064737
手	2847	0.000323559385080332	0.480691278318692
国	2846	0.000323445735840754	0.481014724054533
行	2824	0.000320945452570024	0.482302369938958
写	2803	0.000318558818538873	0.483579673742583
山	2769	0.0003146947443932	0.485475456707994
车	2768	0.000314581095153621	0.485790037803147
开	2717	0.000308784983935112	0.488288048089085
均	2712	0.000308216737737219	0.489213266548495
头	2702	0.000307080245341432	0.489827427039178
买	2688	0.000305489155987332	0.490744803701056
话	2679	0.000304466312831124	0.491049270013887
百	2678	0.000304352663591546	0.491353622677479
建	2650	0.000301170484883344	0.491958577579756
仍	2647	0.000300829537164608	0.49225940711692
站	2641	0.000300147641727137	0.492559554758648
受	2619	0.000297647358456407	0.493453974274131
片	2584	0.000293669635071155	0.495524322471535
书	2570	0.000292078545717055	0.497280430521504
干	2503	0.000284464046665287	0.50161558076523
组	2499	0.000284009449706973	0.502183599664644
美	2469	0.000280599972519614	0.503873336558699
学	2465	0.000280145375561299	0.50415348193426
讲	2450	0.00027844063696762	0.504990508583757
级	2433	0.000276508599894784	0.505823443860629
队	2433	0.000276508599894784	0.506099952460524
住	2385	0.00027105343639501	0.508010737125559
图	2361	0.000268325854645123	0.510707178983801
请	2329	0.000264689078978607	0.512836511136546
心	2305	0.00026196149722872	0.51494186329974
问	2304	0.000261847847989141	0.515465558995719
海	2298	0.00026116595255167	0.516249397801092
少	2289	0.000260143109395462	0.517291902275747
份	2276	0.00025866566928094	0.518070172268381
快	2270	0.000257983773843468	0.518586708062266
放	2262	0.000257074579926839	0.519616711120567
女	2207	0.000250823871750015	0.524439757549805
张	2168	0.000246391551406449	0.526182000392545
非	2153	0.00024468681281277	0.527408162038359
原	2131	0.00024218652954204	0.52911244603508
段	2115	0.000240368141708782	0.529835937094237
双	2075	0.000235822172125637	0.533882077321715
发	2065	0.000234685679729851	0.535762858587502
接	2060	0.000234117433531958	0.536699782918588
入	2060	0.000234117433531958	0.53693390035212
道	2042	0.000232071747219543	0.538100623445634
回	2041	0.000231958097979964	0.538332581543614
间	2034	0.000231162553302914	0.539489871750243
门	2004	0.000227753076115555	0.542241092541962
块	1998	0.000227071180678084	0.54246816372264
面	1986	0.00022570738980314	0.543599541902645
校	1980	0.000225025494365668	0.544275413930419
类	1974	0.000224343598928197	0.545398041118977
送	1961	0.000222866158813675	0.546515440442514
真	1960	0.000222752509574096	0.546738192952088
太	1953	0.000221956964897046	0.547849909813646
机	1943	0.00022082047250126	0.548513394074306
委	1933	0.000219683980105473	0.548953784877673
约	1920	0.000218206539990951	0.549828997671668
越	1913	0.000217410995313901	0.550264274259254
听	1889	0.000214683413564014	0.552207562606809
低	1888	0.000214569764324435	0.552422132371134
班	1874	0.000212978674970335	0.553063795977795
座	1870	0.00021252407801202	0.553276320055807
线	1865	0.000211955831814127	0.553488275887621
先	1860	0.000211387585616234	0.554123234189146
相	1860	0.000211387585616234	0.554334621774763
收	1851	0.000210364742460026	0.555176648990801
交	1847	0.000209910145501712	0.555596469281804
声	1834	0.00020843270538719	0.556642155935167
身	1829	0.000207864459189297	0.557058453099743
重	1829	0.000207864459189297	0.557266317558933
字	1826	0.000207523511470561	0.557473841070403
支	1805	0.00020513687743941	0.558504526024142
贵	1791	0.000203545788085309	0.559320413915077
改	1788	0.000203204840366573	0.55972693724505
权	1764	0.000200477258616686	0.56153930166861
难	1760	0.000200022661658372	0.561739324330268
口	1758	0.000199795363179215	0.562138915056627
生	1745	0.000198317923064693	0.563332686669161
烟	1733	0.000196954132189749	0.564122435234993
红	1722	0.000195703990554384	0.565888203470325
爱	1703	0.000193544655002391	0.568223581694427
转	1702	0.000193431005762812	0.568417012700189
早	1700	0.000193203707283655	0.568610216407473
代	1639	0.000186271103669359	0.574303588713403
州	1638	0.00018615745442978	0.574489746167833
黄	1637	0.000186043805190202	0.574675789973023
制	1607	0.000182634328002843	0.577810008702123
现	1605	0.000182407029523686	0.577992415731646
金	1599	0.000181725134086214	0.578538500327821
加	1566	0.00017797470918012	0.581414962581556
产	1558	0.000177065515263491	0.582302335844186
案	1551	0.00017626997058644	0.582654989434599
卖	1544	0.00017547442590939	0.583006165584897
城	1529	0.000173769687315711	0.584228235858086
军	1503	0.000170814807086667	0.587669989429485
强	1499	0.000170360210128352	0.588352339463915
运	1494	0.000169791963930459	0.588691923391776
节	1488	0.000169110068492987	0.589368704613466
期	1479	0.00016808722533678	0.590042644604168
税	1475	0.000167632628378465	0.590378250808643
套	1453	0.000165132345107736	0.591873647503019
刚	1440	0.000163654904993213	0.592531108353981
称	1437	0.000163313957274478	0.592694422311256
句	1417	0.000161040972482905	0.593991046485608
步	1414	0.000160700024764169	0.594956496775829
挂	1402	0.000159336233889226	0.596876600678509
辆	1378	0.000156608652139339	0.599872508283041
跑	1376	0.000156381353660182	0.600028889636701
派	1370	0.00015569945822271	0.600184589094924
股	1368	0.000155472159743553	0.600340061254668
农	1363	0.00015490391354566	0.600650323678717
牌	1363	0.00015490391354566	0.600805227592263
坐	1360	0.000154562965826924	0.60095979055809
需	1356	0.000154108368868609	0.601422570261654
林	1350	0.000153426473431138	0.602190839121206
科	1337	0.000151949033316616	0.603258914674765
院	1325	0.000150585242441672	0.604317443692201
系	1323	0.000150357943962515	0.604618273229366
包	1312	0.00014910780232715	0.605367108068949
乱	1309	0.000148766854608414	0.605515874923557
谈	1294	0.000147062116014735	0.606994224231996
拉	1294	0.000147062116014735	0.607141286348011
药	1284	0.000145925623618949	0.608898758188855
满	1281	0.000145584675900213	0.609044342864755
设	1281	0.000145584675900213	0.609189927540655
法	1277	0.000145130078941898	0.609771357050339
创	1275	0.000144902780462741	0.610061276260504
团	1275	0.000144902780462741	0.610206179040967
病	1265	0.000143766288066955	0.611360855315086
读	1258	0.000142970743389905	0.611790335791454
定	1253	0.000142402497192011	0.612361309571096
属	1253	0.000142402497192011	0.61264611456548
楼	1231	0.000139902213921282	0.614761695160237
子	1214	0.000137970176848445	0.616009677460049
桥	1208	0.000137288281410973	0.616697482657979
副	1206	0.000137060982931816	0.616834543640911
帐	1205	0.000136947333692238	0.617108438308296
商	1195	0.000135810841296451	0.618607471778337
款	1192	0.000135469893577716	0.619014222406789
俄	1191	0.000135356244338137	0.619420291139804
变	1174	0.0001334242072653	0.62049484470002
工	1172	0.000133196908786143	0.621161397490148
主	1170	0.000132969610306986	0.621560419970308
穿	1158	0.000131605819432042	0.622750782105655
活	1158	0.000131605819432042	0.622882387925087
深	1155	0.000131264871713307	0.623539394179091
假	1154	0.000131151222473728	0.623801810273278
树	1152	0.000130923923994571	0.624456998139449
粮	1151	0.000130810274754992	0.624587808414204
极	1150	0.000130696625515414	0.624849201665235
房	1146	0.000130242028557099	0.625500980054218
厅	1141	0.000129673782359206	0.625760668566655
笑	1138	0.00012933283464047	0.626019561534415
土	1136	0.000129105536161313	0.626277999905217
黔	1129	0.000128309991484262	0.627178442830398
完	1126	0.000127969043765527	0.627434494567169
矿	1125	0.000127855394525948	0.627562349961695
信	1122	0.000127514446807212	0.627689864408502
远	1121	0.000127400797567634	0.62781726520607
推	1117	0.000126946200609319	0.627944211406679
石	1099	0.000124900514296904	0.629580078561174
指	1097	0.000124673215817747	0.629829652291289
兼	1090	0.000123877671140696	0.630823628540643
儿	1086	0.000123423074182382	0.631070588338248
热	1085	0.000123309424942803	0.631317320837373
篇	1082	0.000122968477224067	0.631686567216764
光	1076	0.000122286581786596	0.632299136618092
情	1069	0.000121491037109545	0.632908069243755
竟	1066	0.000121150089390809	0.633150369422536
寨	1065	0.000121036440151231	0.633392442302839
轮	1055	0.000119899947755445	0.634596101399216
风	1050	0.000119331701557551	0.634954778399326
驻	1049	0.000119218052317973	0.63531243255628
华	1047	0.000118990753838816	0.635669632116275
价	1032	0.000117286015245136	0.638029899523845
笔	1031	0.000117172366005558	0.638264244255856
关	1029	0.0001169450675264	0.638381189323382
层	1025	0.000116490470568086	0.638847946750331
明	1025	0.000116490470568086	0.638964437220899
旧	1025	0.000116490470568086	0.639197418162036
清	1025	0.000116490470568086	0.639313908632604
调	1021	0.000116035873609771	0.640011374015897
菜	1019	0.000115808575130614	0.640127182591028
室	1013	0.000115126679693143	0.64093568328139
增	1012	0.000115013030453564	0.641050696311844
杯	1010	0.000114785731974407	0.641395508104726
马	1006	0.000114331135016092	0.641738842457493
销	994	0.000112967344141149	0.643100928593842
白	994	0.000112967344141149	0.643213895937983
群	992	0.000112740045661991	0.64366508341911
货	986	0.00011205815022452	0.643889427018039
筑	984	0.000111830851745363	0.644225146871754
版	981	0.000111489904026627	0.644671561084819
证	980	0.000111376254787048	0.644894427243632
落	976	0.000110921657828734	0.64511638420853
枚	973	0.000110580710109998	0.646002166381806
西	972	0.000110467060870419	0.646112633442676
联	970	0.000110239762391262	0.646664627799309
画	967	0.000109898814672526	0.647324588933542
卷	966	0.000109785165432947	0.647544272913647
差	965	0.000109671516193369	0.647653944429841
茶	962	0.000109330568474633	0.648201279167651
言	960	0.000109103269995476	0.648528929925356
番	956	0.000108648673037161	0.649508586370524
南	952	0.000108194076078847	0.650050579594075
飞	950	0.000107966777599689	0.650266513149274
诗	950	0.000107966777599689	0.650374479926874
克	949	0.000107853128360111	0.650806233388033
溪	947	0.000107625829880954	0.651237418602995
超	947	0.000107625829880954	0.651345044432876
歌	946	0.000107512180641375	0.651667808273279
死	944	0.000107284882162218	0.651990003867485
半	942	0.00010705758368306	0.652097061451168
首	940	0.000106830285203903	0.652203891736372
留	937	0.000106489337485167	0.652843736955199
些	934	0.000106148389766431	0.653375388097948
摆	931	0.000105807442047696	0.653799186112336
盘	930	0.000105693792808117	0.653904879905144
换	930	0.000105693792808117	0.654010573697952
坡	930	0.000105693792808117	0.654221961283569
担	927	0.000105352845089381	0.654538247117316
社	920	0.000104557300412331	0.656006595292672
防	916	0.000104102703454016	0.656632575304271
集	915	0.000103989054214438	0.656736564358486
文	913	0.00010376175573528	0.657151952329146
提	912	0.000103648106495702	0.657463123947112
江	912	0.000103648106495702	0.657670420160103
实	910	0.000103420808016545	0.65777384096812
查	910	0.000103420808016545	0.657980682584153
牛	907	0.000103079860297809	0.658290149463525
修	906	0.00010296621105823	0.658393115674583
直	891	0.000101261472464551	0.660434483315895
装	889	0.000101034173985394	0.66094022243202
田	885	0.000100579577027079	0.661343449934045
铁	882	0.000100238629308343	0.66194601820229
常	874	9.93294353917143e-005	0.662245597597819
令	860	9.77383460376136e-005	0.664512786278174
求	859	9.7624696798035e-005	0.664610410974972
幅	856	9.72837490792991e-005	0.665097511615806
唱	853	9.69428013605632e-005	0.665777134068486
油	852	9.68291521209846e-005	0.666067848823328
赴	852	9.68291521209846e-005	0.66626150712757
力	851	9.6715502881406e-005	0.666551767285453
保	843	9.5806308964777e-005	0.667416865297126
煤	838	9.52380627668839e-005	0.668467211569311
计	836	9.50107642877267e-005	0.668752471160654
忙	830	9.4328868850255e-005	0.669604613159015
倒	830	9.4328868850255e-005	0.669698942027865
知	830	9.4328868850255e-005	0.669887599765565
量	828	9.41015703710977e-005	0.669981701335937
物	826	9.38742718919405e-005	0.67016956352896
治	826	9.38742718919405e-005	0.670263437800852
河	823	9.35333241732046e-005	0.670637912045263
帮	821	9.33060256940474e-005	0.670824637745891
票	821	9.33060256940474e-005	0.670917943771585
脸	820	9.31923764544688e-005	0.671104442173733
教	820	9.31923764544688e-005	0.671197634550188
洞	818	9.29650779753115e-005	0.671569608511329
立	817	9.28514287357329e-005	0.671941014226271
列	814	9.2510481016997e-005	0.672496759007811
凡	809	9.19422348191039e-005	0.672773153958466
王	804	9.13739886212108e-005	0.673596997296172
东	804	9.13739886212108e-005	0.673779745273414
民	803	9.12603393816322e-005	0.673871005612796
脚	796	9.04647947045819e-005	0.674779517633987
领	795	9.03511454650032e-005	0.674960219924917
左	795	9.03511454650032e-005	0.675050571070382
养	792	9.00101977462674e-005	0.675771789144748
德	791	8.98965485066888e-005	0.675861685693255
今	791	8.98965485066888e-005	0.676131375338775
利	785	8.9214653069217e-005	0.677564151302142
街	785	8.9214653069217e-005	0.677653365955211
京	780	8.8646406871324e-005	0.678630522117108
富	778	8.84191083921667e-005	0.679073072256028
封	776	8.81918099130095e-005	0.679337761335006
苗	774	8.79645114338522e-005	0.679601654869308
选	772	8.7737212954695e-005	0.679865207455891
周	772	8.7737212954695e-005	0.6800406818818
购	771	8.76235637151164e-005	0.680215929009231
苦	768	8.72826159963805e-005	0.680828043813601
黑	766	8.70553175172233e-005	0.681263661348906
易	766	8.70553175172233e-005	0.68143777198394
钢	765	8.69416682776446e-005	0.681872480325328
特	761	8.64870713193302e-005	0.682132509785484
度	761	8.64870713193302e-005	0.682218996856803
动	758	8.61461236005943e-005	0.682650182071765
气	757	8.60324743610157e-005	0.682822360669726
香	757	8.60324743610157e-005	0.682908393144087
表	753	8.55778774027012e-005	0.683337078075778
感	752	8.54642281631226e-005	0.683508120181344
巴	749	8.51232804443867e-005	0.683934418479003
翻	746	8.47823327256509e-005	0.684189333723378
广	742	8.43277357673364e-005	0.684780650716906
反	740	8.41004372881791e-005	0.684948965240722
北	740	8.41004372881791e-005	0.685117166115298
古	737	8.37594895694433e-005	0.685704391736201
争	735	8.3532191090286e-005	0.68603886144828
背	734	8.34185418507074e-005	0.686122279990131
夜	732	8.31912433715502e-005	0.686372194667964
喝	729	8.28502956528143e-005	0.686455044963617
玩	723	8.21684002153426e-005	0.687115460694808
投	721	8.19411017361853e-005	0.687361624947736
怕	719	8.17138032570281e-005	0.687852589662716
持	717	8.14865047778709e-005	0.688423904390078
架	717	8.14865047778709e-005	0.688505390894855
店	716	8.13728555382922e-005	0.68874950946147
云	714	8.1145557059135e-005	0.688911914224828
眼	712	8.09182585799778e-005	0.689154896299048
卡	709	8.05773108612419e-005	0.689720301265951
排	707	8.03500123820847e-005	0.690283887845021
根	707	8.03500123820847e-005	0.690605287894549
青	704	8.00090646633488e-005	0.6914869786952
尚	703	7.98954154237702e-005	0.69172689223995
春	694	7.88725722675626e-005	0.693076022362988
引	693	7.8758923027984e-005	0.693312526430551
角	693	7.8758923027984e-005	0.693470044276607
紧	691	7.85316245488267e-005	0.693705980097972
般	686	7.79633783509336e-005	0.694802695259907
供	683	7.76224306321978e-005	0.695191602957745
居	681	7.73951321530405e-005	0.695424129301923
坝	681	7.73951321530405e-005	0.695656314698382
初	680	7.72814829134619e-005	0.695965554279275
准	678	7.70541844343047e-005	0.696582669650186
梦	676	7.68268859551474e-005	0.696736437071336
订	676	7.68268859551474e-005	0.696890090843246
亦	675	7.67132367155688e-005	0.697043630965917
具	673	7.64859382364116e-005	0.697350142965061
单	673	7.64859382364116e-005	0.697426628903297
龙	671	7.62586397572543e-005	0.697808376699042
短	671	7.62586397572543e-005	0.697884635338799
体	670	7.61449905176757e-005	0.698113297608831
右	665	7.55767443197826e-005	0.699326048644374
硬	665	7.55767443197826e-005	0.699401625388694
业	665	7.55767443197826e-005	0.699477202133014
世	663	7.53494458406254e-005	0.699703364119776
平	660	7.50084981218895e-005	0.700079315804302
含	655	7.44402519239964e-005	0.701125457054623
负	652	7.40993042052605e-005	0.701348436862677
试	652	7.40993042052605e-005	0.701422536166882
压	649	7.37583564865247e-005	0.702087952464614
算	649	7.37583564865247e-005	0.702235469177587
绿	648	7.3644707246946e-005	0.702382758592081
记	646	7.34174087677888e-005	0.702676769174871
师	640	7.27355133303171e-005	0.703845651603937
株	638	7.25082148511598e-005	0.70428161008696
资	638	7.25082148511598e-005	0.704426626516663
木	636	7.22809163720026e-005	0.704860539313374
专	636	7.22809163720026e-005	0.704932820229746
取	634	7.20536178928454e-005	0.705437422853475
存	632	7.18263194136881e-005	0.705653129110196
讯	631	7.17126701741095e-005	0.705868380769958
福	630	7.15990209345309e-005	0.706083177832761
精	629	7.14853716949523e-005	0.706154663204456
急	628	7.13717224553736e-005	0.706440491041997
梯	627	7.1258073215795e-005	0.706583120837668
愿	627	7.1258073215795e-005	0.7067256369841
通	627	7.1258073215795e-005	0.706796895057315
鸡	622	7.06898270179019e-005	0.707507316453922
抱	622	7.06898270179019e-005	0.707719385934975
瓦	621	7.05761777783233e-005	0.707789962112753
化	620	7.04625285387447e-005	0.708212964582465
掉	619	7.03488792991661e-005	0.708424238518841
似	619	7.03488792991661e-005	0.708635285156739
鱼	617	7.01215808200088e-005	0.709056128290898
拍	615	6.98942823408516e-005	0.70933604636798
展	614	6.9780633101273e-005	0.709405827001081
猪	613	6.96669838616943e-005	0.709475493984943
型	611	6.94396853825371e-005	0.709753707323432
课	610	6.93260361429585e-005	0.710031238766483
补	608	6.90987376638012e-005	0.710238762277953
男	607	6.89850884242226e-005	0.710514929930129
港	607	6.89850884242226e-005	0.710583915018553
势	606	6.8871439184644e-005	0.710790642985347
斤	606	6.8871439184644e-005	0.710859514424532
缺	602	6.84168422263295e-005	0.711613804427615
墙	601	6.83031929867509e-005	0.711955547691028
冬	600	6.81895437471723e-005	0.712228533164496
肥	599	6.80758945075936e-005	0.712432988146498
布	594	6.75076483097005e-005	0.713652899084136
园	593	6.73939990701219e-005	0.714057831324754
载	593	6.73939990701219e-005	0.714260013321964
患	592	6.72803498305433e-005	0.714461968020696
促	591	6.71667005909647e-005	0.714730862121538
访	591	6.71667005909647e-005	0.71486519552272
安	590	6.70530513513861e-005	0.714932248574072
升	589	6.69394021118074e-005	0.715200233480998
奖	589	6.69394021118074e-005	0.715334112285221
职	589	6.69394021118074e-005	0.715401051687333
颗	587	6.67121036326502e-005	0.715734839503975
英	587	6.67121036326502e-005	0.715868263711241
顶	587	6.67121036326502e-005	0.716068400022139
奔	584	6.63711559139143e-005	0.716467536151539
肉	584	6.63711559139143e-005	0.716533907307452
宽	583	6.62575066743357e-005	0.716732793476715
闯	580	6.59165589555999e-005	0.717327747245909
戏	580	6.59165589555999e-005	0.717393663804865
懂	580	6.59165589555999e-005	0.717591413481732
秋	580	6.59165589555999e-005	0.717657330040687
火	578	6.56892604764426e-005	0.718183753318415
穷	577	6.5575611236864e-005	0.718249328929652
纸	577	6.5575611236864e-005	0.718446055763363
钩	575	6.53483127577067e-005	0.718904630445063
空	575	6.53483127577067e-005	0.719166023696094
饭	573	6.51210142785495e-005	0.719557318027963
银	572	6.50073650389709e-005	0.719687332758041
兴	572	6.50073650389709e-005	0.719817347488119
草	568	6.45527680806564e-005	0.720852464762202
末	567	6.44391188410778e-005	0.721174887654887
例	565	6.42118203619206e-005	0.721625279591336
止	565	6.42118203619206e-005	0.721689491411698
公	561	6.37572234036061e-005	0.722521631143892
答	560	6.36435741640275e-005	0.722712561866384
印	558	6.34162756848702e-005	0.723093514117452
拨	558	6.34162756848702e-005	0.723220346668822
陈	551	6.26207310078199e-005	0.724291604401089
胜	549	6.23934325286626e-005	0.724729608570425
优	543	6.17115370911909e-005	0.725412754149533
液	542	6.15978878516123e-005	0.725597547813088
史	542	6.15978878516123e-005	0.725720743588791
神	541	6.14842386120337e-005	0.725966907841718
停	541	6.14842386120337e-005	0.726274329034779
色	539	6.12569401328764e-005	0.726519811392269
岩	538	6.11432908932978e-005	0.726580954683162
传	537	6.10296416537192e-005	0.726947473480803
式	532	6.04613954558261e-005	0.728163293045814
性	531	6.03477462162475e-005	0.728465259075375
斯	530	6.02340969766688e-005	0.728585840918567
柬	527	5.9893149257933e-005	0.729006343105008
果	527	5.9893149257933e-005	0.729365702000556
品	526	5.97795000183543e-005	0.729604820000629
流	523	5.94385522996185e-005	0.730200455665261
敢	521	5.92112538204613e-005	0.730378430374441
馆	520	5.90976045808826e-005	0.730615048091243
官	520	5.90976045808826e-005	0.730674145695824
晚	519	5.8983955341304e-005	0.730910308815669
合	516	5.86430076225681e-005	0.731616184242692
额	513	5.83020599038323e-005	0.731967133094511
招	512	5.81884106642537e-005	0.732607887507255
结	511	5.8074761424675e-005	0.732782339090009
费	511	5.8074761424675e-005	0.732840413851434
跨	508	5.77338137059392e-005	0.733592885466684
护	505	5.73928659872033e-005	0.734053051237737
喜	504	5.72792167476247e-005	0.734339788269194
足	504	5.72792167476247e-005	0.734511625919437
检	503	5.71655675080461e-005	0.734626070703692
医	501	5.69382690288888e-005	0.73474006089099
曲	500	5.68246197893102e-005	0.734910648399597
游	497	5.64836720705744e-005	0.735590043553798
杀	496	5.63700228309957e-005	0.735928377340023
跳	495	5.62563735914171e-005	0.736041003736446
尔	495	5.62563735914171e-005	0.736266029230812
烧	495	5.62563735914171e-005	0.736322285604403
雨	494	5.61427243518385e-005	0.736378428328755
观	494	5.61427243518385e-005	0.736434571053107
严	490	5.5688127393524e-005	0.737553675115237
床	490	5.5688127393524e-005	0.737720739497418
质	487	5.53471796747882e-005	0.73838649674287
鸭	487	5.53471796747882e-005	0.738441843922545
桔	486	5.52335304352095e-005	0.73849707745298
味	484	5.50062319560523e-005	0.738772904157437
箱	484	5.50062319560523e-005	0.738937922853306
栽	482	5.47789334768951e-005	0.739212272117649
破	481	5.46652842373164e-005	0.739540604770792
川	479	5.44379857581592e-005	0.739813249296541
血	478	5.43243365185806e-005	0.740030546642615
减	475	5.39833887998447e-005	0.740518101880407
配	474	5.38697395602661e-005	0.740625841359527
屋	474	5.38697395602661e-005	0.740733580838648
轻	473	5.37560903206875e-005	0.740894962758849
战	472	5.36424410811089e-005	0.741163174964255
阳	470	5.34151426019516e-005	0.741591405298987
境	467	5.30741948832157e-005	0.742230341323897
考	467	5.30741948832157e-005	0.742336489713664
贷	465	5.28468964040585e-005	0.74270709988393
瓶	464	5.27332471644799e-005	0.742918260171067
形	464	5.27332471644799e-005	0.74307645991256
忘	463	5.26195979249013e-005	0.743234432355575
评	461	5.2392299445744e-005	0.743601973996372
乐	459	5.21650009665868e-005	0.7440204304965
圈	459	5.21650009665868e-005	0.744124760498434
呈	459	5.21650009665868e-005	0.7443334205023
抢	458	5.20513517270082e-005	0.744437636854994
源	456	5.18240532478509e-005	0.745060775635604
俩	452	5.13694562895364e-005	0.746247955592243
网	452	5.13694562895364e-005	0.746299325048532
船	452	5.13694562895364e-005	0.746350694504822
抗	452	5.13694562895364e-005	0.746402063961112
球	452	5.13694562895364e-005	0.746453433417401
偏	451	5.12558070499578e-005	0.746556058680741
累	451	5.12558070499578e-005	0.746658570294841
丝	450	5.11421578103792e-005	0.746760968259701
退	450	5.11421578103792e-005	0.746812110417512
伤	449	5.10285085708006e-005	0.747118736065894
题	448	5.0914859331222e-005	0.7474245661696
纳	448	5.0914859331222e-005	0.747577310747594
赚	447	5.08012100916433e-005	0.747780856535679
逐	447	5.08012100916433e-005	0.74783165774577
李	447	5.08012100916433e-005	0.747882458955862
锌	444	5.04602623729075e-005	0.748744374788826
刀	444	5.04602623729075e-005	0.748794835051198
睡	442	5.02329638937502e-005	0.749198062553223
细	442	5.02329638937502e-005	0.749298528481011
犯	440	5.0005665414593e-005	0.749549011405042
率	439	4.98920161750144e-005	0.749798812433635
须	439	4.98920161750144e-005	0.74994848848216
顿	439	4.98920161750144e-005	0.749998380498335
粉	438	4.97783669354358e-005	0.750048158865271
划	438	4.97783669354358e-005	0.750147715599142
欲	438	4.97783669354358e-005	0.750247272333013
甚	434	4.93237699771213e-005	0.750990765658336
嘴	434	4.93237699771213e-005	0.75108941319829
食	433	4.92101207375426e-005	0.751286594628959
颇	433	4.92101207375426e-005	0.751335804749697
鸟	433	4.92101207375426e-005	0.751532645232647
纹	433	4.92101207375426e-005	0.751581855353384
踏	432	4.9096471497964e-005	0.751778241239376
湖	431	4.89828222583854e-005	0.751876320533133
叶	431	4.89828222583854e-005	0.752072251822166
喊	430	4.88691730188068e-005	0.752218972990462
毛	429	4.87555237792282e-005	0.752462864258598
付	429	4.87555237792282e-005	0.752706641877494
唯	427	4.85282253000709e-005	0.752998493124733
继	427	4.85282253000709e-005	0.753047021350033
砖	426	4.84145760604923e-005	0.753240793303514
遇	426	4.84145760604923e-005	0.753289207879575
状	424	4.81872775813351e-005	0.753530257916721
响	424	4.81872775813351e-005	0.753771194304628
致	424	4.81872775813351e-005	0.75381938158221
杨	424	4.81872775813351e-005	0.753867568859791
吹	423	4.80736283417564e-005	0.754011789744816
族	423	4.80736283417564e-005	0.754156010629842
皮	423	4.80736283417564e-005	0.754204084258184
盖	421	4.78463298625992e-005	0.754539804111899
侗	420	4.77326806230206e-005	0.754826541143356
奇	419	4.7619031383442e-005	0.755064636300273
环	419	4.7619031383442e-005	0.755112255331656
弄	419	4.7619031383442e-005	0.755207493394423
秒	419	4.7619031383442e-005	0.75530273145719
核	416	4.72780836647061e-005	0.755824381466855
磋	415	4.71644344251275e-005	0.75587154590128
罚	415	4.71644344251275e-005	0.756013039204555
挖	414	4.70507851855489e-005	0.756342508350094
净	412	4.68234867063916e-005	0.756905299384487
贴	411	4.6709837466813e-005	0.757045542546127
磷	406	4.61415912689199e-005	0.758299889203356
皆	406	4.61415912689199e-005	0.758346030794625
齐	405	4.60279420293413e-005	0.758392058736654
必	405	4.60279420293413e-005	0.758530142562742
觉	404	4.59142927897627e-005	0.75866811273959
底	403	4.5800643550184e-005	0.759218288708391
久	402	4.56869943106054e-005	0.759263975702701
降	401	4.55733450710268e-005	0.759537984019325
遍	401	4.55733450710268e-005	0.759629130709468
库	401	4.55733450710268e-005	0.759902570779894
怀	399	4.53460465918696e-005	0.760175215305643
罗	399	4.53460465918696e-005	0.760220561352235
语	397	4.51187481127123e-005	0.760401263643165
征	396	4.50050988731337e-005	0.760761645381869
意	395	4.48914496335551e-005	0.760851541930376
籽	394	4.47778003939765e-005	0.76089631973077
杂	394	4.47778003939765e-005	0.761164986533134
添	393	4.46641511543978e-005	0.761209650684289
距	393	4.46641511543978e-005	0.76152229974237
恩	390	4.4323203435662e-005	0.762055882922191
宝	390	4.4323203435662e-005	0.762144529329062
旁	388	4.40959049565047e-005	0.762453882559195
铝	388	4.40959049565047e-005	0.762630266179021
寄	388	4.40959049565047e-005	0.762674362083977
遭	386	4.38686064773475e-005	0.763333641322772
售	385	4.37549572377689e-005	0.763639926023436
兵	385	4.37549572377689e-005	0.763683680980674
炒	384	4.36413079981903e-005	0.763902114819144
欠	382	4.3414009519033e-005	0.764381146363968
拖	382	4.3414009519033e-005	0.764554802402044
冷	381	4.33003602794544e-005	0.764858245871719
挤	380	4.31867110398758e-005	0.765160893796716
鞋	380	4.31867110398758e-005	0.765204080507756
抵	379	4.30730618002971e-005	0.765333413342397
追	379	4.30730618002971e-005	0.765419559465997
畜	378	4.29594125607185e-005	0.765591624414719
格	375	4.26184648419827e-005	0.76657582682947
许	375	4.26184648419827e-005	0.766746300688838
枪	374	4.2504815602404e-005	0.766959165714569
稳	373	4.23911663628254e-005	0.767383531975156
员	373	4.23911663628254e-005	0.767425923141519
铺	372	4.22775171232468e-005	0.767807216340305
君	372	4.22775171232468e-005	0.767934048891675
佳	372	4.22775171232468e-005	0.768018603925921
迎	371	4.21638678836682e-005	0.76835602851823
碗	369	4.19365694045109e-005	0.768734025889069
采	367	4.17092709253537e-005	0.769026445382505
视	366	4.15956216857751e-005	0.769151459546042
独	365	4.14819724461965e-005	0.769525251895016
输	364	4.13683232066178e-005	0.769815057455942
赛	364	4.13683232066178e-005	0.769856425779149
寻	363	4.12546739670392e-005	0.77010429477067
众	363	4.12546739670392e-005	0.770228058792571
演	363	4.12546739670392e-005	0.770310568140505
星	363	4.12546739670392e-005	0.770434332162406
哭	362	4.11410247274606e-005	0.770516614211861
扣	360	4.09137262483034e-005	0.771009283665433
洗	360	4.09137262483034e-005	0.771295679749171
倍	359	4.08000770087247e-005	0.771663107740728
造	358	4.06864277691461e-005	0.771866994476532
竹	358	4.06864277691461e-005	0.771907680904301
理	358	4.06864277691461e-005	0.771948367332071
板	358	4.06864277691461e-005	0.772029740187609
议	358	4.06864277691461e-005	0.772273858754223
围	356	4.04591292899889e-005	0.77280062297967
灯	355	4.03454800504103e-005	0.773083382287741
腿	355	4.03454800504103e-005	0.773204418727892
掏	354	4.02318308108316e-005	0.773365573349615
拟	354	4.02318308108316e-005	0.773526500672858
育	354	4.02318308108316e-005	0.77360696433448
桌	354	4.02318308108316e-005	0.773727659826912
亮	351	3.98908830920958e-005	0.774528318719743
窖	351	3.98908830920958e-005	0.774568209602835
念	351	3.98908830920958e-005	0.77464799136902
刺	351	3.98908830920958e-005	0.774687882252112
剂	350	3.97772338525172e-005	0.774886882070614
昔	350	3.97772338525172e-005	0.774926659304466
松	350	3.97772338525172e-005	0.775006213772171
跃	350	3.97772338525172e-005	0.775085768239876
爬	349	3.96635846129385e-005	0.775204872642955
伊	349	3.96635846129385e-005	0.775482517735245
井	349	3.96635846129385e-005	0.775561844904471
症	349	3.96635846129385e-005	0.775601508489084
技	347	3.94362861337813e-005	0.775838808101324
客	347	3.94362861337813e-005	0.776272607248796
舞	346	3.93226368942027e-005	0.776430011445612
袋	346	3.93226368942027e-005	0.776547979356295
盐	345	3.92089876546241e-005	0.776744365242287
值	344	3.90953384150454e-005	0.777135886872635
沙	342	3.88680399358882e-005	0.777681744170332
解	342	3.88680399358882e-005	0.777759480250204
托	342	3.88680399358882e-005	0.777953820449883
确	342	3.88680399358882e-005	0.777992688489819
影	340	3.86407414567309e-005	0.778263628276975
柑	339	3.85270922171523e-005	0.778649581094584
羊	338	3.84134429775737e-005	0.779188278490187
词	338	3.84134429775737e-005	0.779265105376142
塔	337	3.82997937379951e-005	0.779533317581548
章	337	3.82997937379951e-005	0.779648216962762
复	336	3.81861444984165e-005	0.779801075189996
政	336	3.81861444984165e-005	0.779915633623491
监	334	3.79588460192592e-005	0.780182254739543
玉	334	3.79588460192592e-005	0.780372048969639
梨	332	3.7731547540102e-005	0.780712769389895
挑	332	3.7731547540102e-005	0.780976890222676
端	331	3.76178983005234e-005	0.781089857566817
捧	331	3.76178983005234e-005	0.781127475465117
器	331	3.76178983005234e-005	0.781202711261718
漪	331	3.76178983005234e-005	0.781315564956619
孤	331	3.76178983005234e-005	0.78139080075322
搬	331	3.76178983005234e-005	0.781466036549821
练	329	3.73905998213661e-005	0.781878469640252
营	328	3.72769505817875e-005	0.78210269958994
肾	328	3.72769505817875e-005	0.782289084342849
狗	328	3.72769505817875e-005	0.782400915194594
整	327	3.71633013422089e-005	0.782624235950366
母	327	3.71633013422089e-005	0.782772889155735
姓	326	3.70496521026303e-005	0.782809938807837
素	326	3.70496521026303e-005	0.78284698845994
错	326	3.70496521026303e-005	0.783032236720453
衣	324	3.6822353623473e-005	0.783512063809954
棋	323	3.67087043838944e-005	0.783585481218721
灵	323	3.67087043838944e-005	0.783622189923105
甲	322	3.65950551443158e-005	0.784208392700852
暨	321	3.64814059047372e-005	0.784427622083999
腰	321	3.64814059047372e-005	0.784719473331237
守	320	3.63677566651585e-005	0.784755841087902
摊	320	3.63677566651585e-005	0.784901312114562
幢	318	3.61404581860013e-005	0.785154863568062
苏	318	3.61404581860013e-005	0.78544398723355
拒	317	3.60268089464227e-005	0.785660375385708
冠	317	3.60268089464227e-005	0.785696402194655
串	317	3.60268089464227e-005	0.785732429003601
铜	316	3.59131597068441e-005	0.785876422590147
渡	316	3.59131597068441e-005	0.785948248909561
册	315	3.57995104672654e-005	0.786199072781311
断	313	3.55722119881082e-005	0.786770160210194
编	313	3.55722119881082e-005	0.786948021270135
堂	313	3.55722119881082e-005	0.787054737906099
塘	313	3.55722119881082e-005	0.787090310118087
效	312	3.54585627485296e-005	0.787551612381537
夏	311	3.5344913508951e-005	0.787622302208555
志	311	3.5344913508951e-005	0.787763681862591
协	311	3.5344913508951e-005	0.7877990267761
拥	311	3.5344913508951e-005	0.787834371689609
刘	310	3.52312642693723e-005	0.788010641660196
习	310	3.52312642693723e-005	0.788292491774351
雪	309	3.51176150297937e-005	0.788468307147979
炉	308	3.50039657902151e-005	0.788608663958859
塞	308	3.50039657902151e-005	0.78871367585623
术	307	3.48903165506365e-005	0.789028256951384
目	305	3.46630180714792e-005	0.789863465213048
汇	305	3.46630180714792e-005	0.78989812823112
贸	304	3.45493688319006e-005	0.790209640796805
麻	304	3.45493688319006e-005	0.7903132889033
坪	304	3.45493688319006e-005	0.790416937009796
融	303	3.4435719592322e-005	0.79048580844898
剧	303	3.4435719592322e-005	0.790554679888165
伙	303	3.4435719592322e-005	0.790657987046942
肩	303	3.4435719592322e-005	0.790692422766534
财	303	3.4435719592322e-005	0.790726858486126
怪	303	3.4435719592322e-005	0.790761294205719
稿	302	3.43220703527434e-005	0.790864487715256
胡	302	3.43220703527434e-005	0.790898809785609
亚	302	3.43220703527434e-005	0.790967453926314
告	301	3.42084211131648e-005	0.79127589796253
隔	299	3.39811226340075e-005	0.791958361646199
微	299	3.39811226340075e-005	0.792060305014101
料	298	3.38674733944289e-005	0.792094172487495
枫	297	3.37538241548503e-005	0.792466260097875
旱	297	3.37538241548503e-005	0.79250001392203
尾	297	3.37538241548503e-005	0.792533767746185
兰	297	3.37538241548503e-005	0.79256752157034
挺	297	3.37538241548503e-005	0.792601275394495
抽	295	3.3526525675693e-005	0.793038256720674
置	295	3.3526525675693e-005	0.793105309772025
币	293	3.32992271965358e-005	0.793774135546945
劳	293	3.32992271965358e-005	0.793907332455731
莫	292	3.31855779569572e-005	0.794372498793327
棵	291	3.30719287173786e-005	0.794471828228718
趟	291	3.30719287173786e-005	0.794504900157436
堆	290	3.29582794777999e-005	0.794769361937935
企	289	3.28446302382213e-005	0.795229982305947
思	288	3.27309809986427e-005	0.795557633063653
景	287	3.26173317590641e-005	0.795916651011482
酸	287	3.26173317590641e-005	0.795981885675
父	287	3.26173317590641e-005	0.796014503006759
乌	287	3.26173317590641e-005	0.796047120338518
基	285	3.23900332799068e-005	0.796566611012632
潮	284	3.22763840403282e-005	0.796760496615353
迈	284	3.22763840403282e-005	0.796921878535555
显	282	3.2049085561171e-005	0.797179180413961
孔	282	3.2049085561171e-005	0.797243278585084
慢	281	3.19354363215923e-005	0.797627640313339
登	281	3.19354363215923e-005	0.797723446622304
虎	281	3.19354363215923e-005	0.797787317494947
邮	280	3.18217870820137e-005	0.797946767378076
折	280	3.18217870820137e-005	0.79801041095224
透	279	3.17081378424351e-005	0.798360336960903
助	279	3.17081378424351e-005	0.798392045098746
献	279	3.17081378424351e-005	0.798582293925801
扎	278	3.15944886028565e-005	0.798708899178691
举	278	3.15944886028565e-005	0.798866871621706
闹	278	3.15944886028565e-005	0.798898466110309
尝	276	3.13671901236992e-005	0.799496488408972
司	276	3.13671901236992e-005	0.799684691549715
盼	275	3.12535408841206e-005	0.799809705713251
服	275	3.12535408841206e-005	0.799872212795019
脑	274	3.1139891644542e-005	0.8000283668502
页	274	3.1139891644542e-005	0.800184066308423
救	274	3.1139891644542e-005	0.800495465224868
录	273	3.10262424049634e-005	0.800681622679297
盒	272	3.09125931653848e-005	0.800774587757272
逾	272	3.09125931653848e-005	0.800836412943603
彩	272	3.09125931653848e-005	0.800867325536768
藏	272	3.09125931653848e-005	0.801083713688926
董	271	3.07989439258061e-005	0.801114512632851
糖	271	3.07989439258061e-005	0.801176110520703
晓	271	3.07989439258061e-005	0.801206909464629
骨	270	3.06852946862275e-005	0.801606727489466
施	269	3.05716454466489e-005	0.801851641600758
席	269	3.05716454466489e-005	0.801882213246204
厚	269	3.05716454466489e-005	0.801973928182544
峰	269	3.05716454466489e-005	0.802004499827991
躺	268	3.04579962070703e-005	0.802309761685499
妻	268	3.04579962070703e-005	0.802370677677913
夫	267	3.03443469674917e-005	0.802552971058197
妈	267	3.03443469674917e-005	0.802583315405164
禁	267	3.03443469674917e-005	0.802674348446067
泥	267	3.03443469674917e-005	0.802704692793034
沟	267	3.03443469674917e-005	0.802735037140002
辞	266	3.0230697727913e-005	0.802765267837729
坏	266	3.0230697727913e-005	0.803007113419553
互	266	3.0230697727913e-005	0.803128036210464
租	266	3.0230697727913e-005	0.803279189699104
圆	265	3.01170484883344e-005	0.803459891990034
钟	265	3.01170484883344e-005	0.803580360183987
伏	263	2.98897500091772e-005	0.80429953257204
陪	262	2.97761007695986e-005	0.804567972075925
终	261	2.96624515300199e-005	0.805073256595091
绝	261	2.96624515300199e-005	0.805132581498151
奥	261	2.96624515300199e-005	0.805162243949681
痛	260	2.95488022904413e-005	0.805250890356553
拆	260	2.95488022904413e-005	0.805398634368005
吸	259	2.94351530508627e-005	0.80557524528631
尼	258	2.93215038112841e-005	0.80583970706681
聘	258	2.93215038112841e-005	0.805869028570621
骑	258	2.93215038112841e-005	0.805898350074432
侧	258	2.93215038112841e-005	0.805986314585866
锅	257	2.92078545717055e-005	0.806191451463306
桩	256	2.90942053321268e-005	0.806337036139206
扑	256	2.90942053321268e-005	0.806482507165867
秀	256	2.90942053321268e-005	0.806598883987195
哥	255	2.89805560925482e-005	0.806917783753453
愈	255	2.89805560925482e-005	0.807091667090009
丢	254	2.88669068529696e-005	0.807294076385698
亲	254	2.88669068529696e-005	0.80769821308164
浪	253	2.8753257613391e-005	0.808158833449653
汉	253	2.8753257613391e-005	0.808187586707266
汤	253	2.8753257613391e-005	0.80821633996488
涨	252	2.86396083738124e-005	0.808417385469695
罪	252	2.86396083738124e-005	0.808503304294816
波	251	2.85259591342337e-005	0.80896085613336
劝	250	2.84123098946551e-005	0.809216907870131
擦	250	2.84123098946551e-005	0.809358969419605
抬	250	2.84123098946551e-005	0.809444206349289
戴	249	2.82986606550765e-005	0.809642865220073
智	249	2.82986606550765e-005	0.809671163880728
盗	249	2.82986606550765e-005	0.809756059862693
曰	247	2.80713621759192e-005	0.810235546004476
猛	247	2.80713621759192e-005	0.810263617366652
佛	247	2.80713621759192e-005	0.81034783145318
呆	246	2.79577129363406e-005	0.810516032327757
夺	246	2.79577129363406e-005	0.810711736318311
栋	246	2.79577129363406e-005	0.810739694031247
蓝	246	2.79577129363406e-005	0.810851524882992
诸	245	2.7844063696762e-005	0.811213838658768
够	245	2.7844063696762e-005	0.811269526786161
浓	244	2.77304144571834e-005	0.811547058229212
偷	244	2.77304144571834e-005	0.811574788643669
魂	243	2.76167652176048e-005	0.811796063713128
蛋	242	2.75031159780261e-005	0.812209519646715
旺	241	2.73894667384475e-005	0.812346921577365
柜	241	2.73894667384475e-005	0.812374311044104
样	241	2.73894667384475e-005	0.812401700510842
搭	241	2.73894667384475e-005	0.812511258377796
索	240	2.72758174988689e-005	0.812730033163984
熟	240	2.72758174988689e-005	0.812811860616481
禽	239	2.71621682592903e-005	0.813356922369499
标	239	2.71621682592903e-005	0.813492733210796
抛	239	2.71621682592903e-005	0.813547057547314
斗	239	2.71621682592903e-005	0.813574219715573
迷	239	2.71621682592903e-005	0.81368286838861
鲜	238	2.70485190197117e-005	0.813981311291744
桑	237	2.6934869780133e-005	0.814332487442041
涌	237	2.6934869780133e-005	0.814494096660722
限	237	2.6934869780133e-005	0.814547966400282
醉	236	2.68212205405544e-005	0.814682527099943
序	236	2.68212205405544e-005	0.815111666628592
散	235	2.67075713009758e-005	0.815191902991734
略	235	2.67075713009758e-005	0.815245318134336
钻	235	2.67075713009758e-005	0.81535214841954
奶	234	2.65939220613972e-005	0.815485572626805
洋	234	2.65939220613972e-005	0.815831293613604
谷	234	2.65939220613972e-005	0.815911075379788
迁	233	2.64802728218186e-005	0.816361353666998
汛	233	2.64802728218186e-005	0.816440794485464
瓮	232	2.63666235822399e-005	0.816625360850539
象	232	2.63666235822399e-005	0.816651727474122
备	231	2.62529743426613e-005	0.816756739371492
返	231	2.62529743426613e-005	0.816782992345835
绕	231	2.62529743426613e-005	0.816888004243206
趋	231	2.62529743426613e-005	0.817071775063604
材	231	2.62529743426613e-005	0.817281798858346
参	231	2.62529743426613e-005	0.817386810755716
软	230	2.61393251030827e-005	0.817569899680677
虫	230	2.61393251030827e-005	0.81767445698109
维	230	2.61393251030827e-005	0.817726735631296
功	229	2.60256758635041e-005	0.817882889686477
刻	229	2.60256758635041e-005	0.818013018065795
籍	229	2.60256758635041e-005	0.818039043741658
误	229	2.60256758635041e-005	0.818091095093385
横	229	2.60256758635041e-005	0.818195197796839
然	228	2.59120266239255e-005	0.818324757929959
顾	228	2.59120266239255e-005	0.818350669956583
胸	228	2.59120266239255e-005	0.818506142116327
磨	228	2.59120266239255e-005	0.818557966169574
伴	227	2.57983773843468e-005	0.818919598049914
闻	226	2.56847281447682e-005	0.819434429105205
勤	225	2.55710789051896e-005	0.819613426657542
息	224	2.5457429665611e-005	0.819945396086352
饮	224	2.5457429665611e-005	0.819970853516017
静	223	2.53437804260324e-005	0.820173944707144
纯	223	2.53437804260324e-005	0.820224632267997
泉	223	2.53437804260324e-005	0.820300663609275
岗	223	2.53437804260324e-005	0.820351351170127
捞	222	2.52301311864537e-005	0.8204018114325
移	222	2.52301311864537e-005	0.820628882613178
务	221	2.51164819468751e-005	0.820704345708259
醇	221	2.51164819468751e-005	0.820880161081887
辅	221	2.51164819468751e-005	0.821081092937462
艘	220	2.50028327072965e-005	0.821331121264536
桂	220	2.50028327072965e-005	0.821456135428073
容	220	2.50028327072965e-005	0.82148113826078
扶	220	2.50028327072965e-005	0.821506141093487
铅	219	2.48891834677179e-005	0.82158103594237
泰	219	2.48891834677179e-005	0.821879706143983
烤	219	2.48891834677179e-005	0.822004152061322
赤	218	2.47755342281393e-005	0.82242567709092
盯	217	2.46618849885606e-005	0.82289493480114
凯	217	2.46618849885606e-005	0.822944258571117
弱	216	2.4548235748982e-005	0.822993468691854
遵	216	2.4548235748982e-005	0.82309166163485
梵	216	2.4548235748982e-005	0.823140758106348
善	216	2.4548235748982e-005	0.823238951049343
针	215	2.44345865094034e-005	0.823409993154909
忧	215	2.44345865094034e-005	0.823458862327928
摸	215	2.44345865094034e-005	0.823483296914437
撤	215	2.44345865094034e-005	0.823678773606512
钙	214	2.43209372698248e-005	0.823776171004831
骗	214	2.43209372698248e-005	0.82384913381664
谢	214	2.43209372698248e-005	0.823946417565719
薄	213	2.42072880302462e-005	0.82428588784434
仪	213	2.42072880302462e-005	0.8243343024204
庭	213	2.42072880302462e-005	0.824382716996461
鬼	212	2.40936387906675e-005	0.824648087970876
猫	212	2.40936387906675e-005	0.82476855616483
普	212	2.40936387906675e-005	0.824864930719992
责	212	2.40936387906675e-005	0.824889024358783
赠	211	2.39799895510889e-005	0.825152804243844
飘	211	2.39799895510889e-005	0.825200764222947
旅	210	2.38663403115103e-005	0.825296229584192
                                                                                                       