上	43241	0.00452233568006867	0.123278906197381
中	39688	0.00415074717214138	0.131759762852695
人	29629	0.00309873231111109	0.16428447720122
元	28149	0.00294394734299052	0.170241397616228
不	27233	0.00284814799785644	0.17601613194038
说	24985	0.00261304218141384	0.189485875453321
省	23970	0.00250688897692574	0.191992764430247
年	19989	0.00209053832956899	0.203460657216975
已	19063	0.00199369314005571	0.207510375822086
大	18776	0.00196367740637287	0.211462203393305
都	18446	0.0019291645418595	0.215339985182477
后	17781	0.00185961589064316	0.221042974582217
新	17570	0.00183754857424219	0.224723091783721
两	17423	0.00182217466186805	0.226545266445589
下	16674	0.00174384091786649	0.231907205993274
出	15377	0.00160819490188516	0.241892091450306
好	14871	0.00155527517629799	0.248177511584818
使	14487	0.00151511475213697	0.251241835615854
时	13521	0.00141408618510693	0.252655921800961
名	12559	0.00131347595582855	0.260733605448096
里	11804	0.00123451470519948	0.2695547798644
次	11406	0.00119289009890759	0.275555416574458
家	11288	0.00118054913523312	0.277924567846644
会	11212	0.00117260071795125	0.279097168564595
位	10350	0.00108244893246481	0.286796988637528
厂	10235	0.00107042172210409	0.288938041250612
做	9755	0.00102022119190282	0.296178317303328
去	9723	0.0010168744898894	0.297195191793217
种	9418	0.000984976236324016	0.300173129078532
县	9365	0.000979433261114293	0.302136701900467
作	8809	0.000921284313631159	0.313595809594409
条	8628	0.000902354530367765	0.315413382541008
天	8491	0.00088802646237282	0.318097751309083
小	7689	0.000804149743161537	0.327480125819262
党	7489	0.000783232855577676	0.33224175069329
达	7188	0.000751752939763965	0.339105209016183
村	7175	0.000750393342071015	0.339855602358254
内	6944	0.000726234336911655	0.345768597309335
前	6571	0.000687224341567754	0.354171120220648
项	6534	0.00068335471736474	0.35622683193239
亩	6287	0.000657522361198672	0.362296389787037
电	6271	0.000655849010191963	0.362952238797229
市	6178	0.000646122657465467	0.364896777251462
却	6143	0.000642462202138292	0.367471541528598
看	6096	0.000637546733556084	0.368109088262154
更	6092	0.000637128395804407	0.368746216657958
办	6044	0.00063210834278428	0.371919517673306
很	5988	0.000626251614260799	0.375692610440121
应	5674	0.000593412100754137	0.380592600525516
外	5649	0.000590797489806155	0.381183398015322
成	5631	0.000588914969923607	0.384130692060326
走	5507	0.000575946499621614	0.38819986337089
高	5477	0.000572808966484034	0.38992142780348
户	5352	0.000559735911744121	0.393326383348819
最	5198	0.000543629908304548	0.398856180919364
占	5179	0.000541642803984081	0.399397823723348
届	5103	0.000533694386702214	0.401547452260342
万	5014	0.000524386371727396	0.403124376415289
乡	4997	0.000522608436282768	0.404693979659582
区	4899	0.000512359161366676	0.406766529465829
再	4896	0.000512045408052918	0.407278574873881
只	4881	0.000510476641484128	0.407789051515366
岁	4870	0.000509326212667016	0.408807913109575
抓	4846	0.000506816186156953	0.410330662525681
近	4765	0.000498344846685489	0.41284089820462
便	4699	0.000491442273782815	0.413825456103192
点	4449	0.000465296164302989	0.420552640903476
报	4439	0.000464250319923796	0.421016891223399
部	4433	0.00046362281329628	0.421480514036696
钱	4418	0.00046205404672749	0.42286908161895
山	4398	0.000459962357969104	0.423329043976919
带	4388	0.000458916513589911	0.423787960490509
镇	4387	0.000458811929151992	0.424246772419661
分	4323	0.000452118525125156	0.428337174371123
才	4296	0.000449294745301335	0.429690078660047
无	4242	0.000443647185653692	0.431472197482192
全	4172	0.000436326274999341	0.434553568776609
吨	4165	0.000435594183933906	0.434989162960543
共	4140	0.000432979572985923	0.435857422964149
仅	4077	0.000426390753397007	0.438438462307559
日	4046	0.000423148635821509	0.440133462292918
长	4045	0.000423044051383589	0.440556506344301
场	4024	0.000420847778187284	0.441399247745055
米	4018	0.000420220271559768	0.442240106625926
水	4010	0.000419383596056414	0.442659490221983
余	3988	0.000417082738422189	0.443495329049834
处	3937	0.000411748932088304	0.445152469468665
局	3906	0.000408506814512806	0.445970424357632
路	3840	0.000401604241610132	0.44920250182709
想	3788	0.000396165850838328	0.45119148866744
曾	3741	0.000391250382256121	0.452370364451666
事	3724	0.000389472446811492	0.453149518514165
月	3724	0.000389472446811492	0.453538990960976
搞	3674	0.000384243224915527	0.455079728900403
进	3566	0.000372948105620242	0.460365321808407
批	3523	0.000368450974789712	0.46370219288466
正	3518	0.000367928052600116	0.464070120937261
老	3507	0.000366777623783003	0.464804094522578
件	3456	0.000361443817449119	0.465530642612804
非	3374	0.000352867893539736	0.469444087695306
找	3339	0.00034920743821256	0.470847401683307
车	3302	0.000345337814009546	0.471889794776049
总	3284	0.000343455294126998	0.472921311087247
写	3260	0.000340945267616935	0.473262256354864
号	3250	0.000339899423237742	0.473602155778102
没	3184	0.000332996850335068	0.477635245457584
组	3172	0.000331741837080036	0.477966987294664
数	3166	0.00033111433045252	0.478629738877759
未	3152	0.00032965014832165	0.480279976723687
吃	3148	0.000329231810569973	0.480609208534257
级	3143	0.000328708888380376	0.480937917422638
见	3142	0.000328604303942457	0.48126652172658
双	3070	0.000321074224412267	0.485482425003545
片	3034	0.000317309184647172	0.487394019359834
开	3020	0.000315845002516302	0.48770986436235
手	3011	0.000314903742575028	0.488340403938566
学	2996	0.000313334976006238	0.488653738914572
方	2963	0.000309883689554901	0.489584958749806
站	2947	0.000308210338548192	0.490512727298588
花	2944	0.000307896585234434	0.490820623883822
台	2923	0.000305700312038129	0.49143244284565
国	2909	0.000304236129907259	0.492042065534282
书	2901	0.000303399454403904	0.492952995988559
百	2881	0.000301307765645518	0.494765548882138
买	2816	0.000294509777180763	0.498335329501638
头	2804	0.000293254763925732	0.498628584265564
仍	2762	0.000288862217533121	0.502117521114552
队	2752	0.000287816373153928	0.502981806909517
获	2727	0.000285201762205945	0.504698246704648
受	2704	0.000282796320133801	0.50554862276937
话	2698	0.000282168813506285	0.506678239283337
均	2696	0.000281959644630447	0.506960198927967
干	2680	0.000280286293623738	0.508364767929224
建	2670	0.000279240449244545	0.509482880155019
行	2665	0.000278717527054948	0.510319764827249
院	2593	0.000271187447524758	0.513060922945114
段	2508	0.000262297770301617	0.517059708928959
讲	2483	0.000259683159353635	0.518882092759703
快	2470	0.000258323561660684	0.519140416321363
美	2467	0.000258009808346926	0.51939842612971
入	2450	0.000256231872902298	0.520685023884993
酒	2450	0.000256231872902298	0.520941255757896
放	2448	0.000256022704026459	0.521197278461922
心	2443	0.000255499781836863	0.522220532602525
图	2429	0.000254035599705992	0.522983580661584
女	2416	0.000252676002013041	0.524502983375675
请	2408	0.000251839326509687	0.525259547199584
份	2405	0.000251525573195929	0.52551107277278
接	2364	0.000247237611241237	0.52700338811745
少	2362	0.000247028442365399	0.527250416559816
住	2329	0.000243577155914062	0.529949217980323
委	2318	0.000242426727096949	0.531406392953853
字	2293	0.000239812116148967	0.533089993235478
回	2271	0.000237511258514742	0.534519662501835
间	2268	0.000237197505200984	0.535231568770752
问	2251	0.000235419569756356	0.53641284999705
支	2248	0.000235105816442598	0.537118481199692
块	2247	0.000235001232004679	0.537353482431696
原	2226	0.000232804958808373	0.538988346365251
校	2222	0.000232386621056696	0.539685715397297
面	2197	0.000229772010108713	0.541762343996623
门	2187	0.00022872616572952	0.543136583510882
张	2161	0.000226006970343618	0.544952064768724
道	2148	0.000224647372650667	0.546077079567422
爱	2127	0.000222451099454362	0.547864427611463
真	2125	0.000222241930578523	0.548086669542041
送	2111	0.000220777748447653	0.54941520565693
发	2109	0.000220568579571815	0.549635774236502
班	2099	0.000219522735192622	0.550735479601223
线	2089	0.000218476890813428	0.551610433008856
州	2073	0.00021680353980672	0.552262621563721
身	2070	0.000216489786492962	0.552695810305583
机	2062	0.000215653110989607	0.552911463416572
太	2054	0.000214816435486253	0.553771042911831
烟	2024	0.000211678902348674	0.555689330672147
座	2019	0.000211155980159077	0.556534372930535
相	1989	0.000208018447021498	0.557370839265014
案	1983	0.000207390940393982	0.557993325839509
贵	1967	0.000205717589387273	0.559439101109306
越	1967	0.000205717589387273	0.559644818698693
重	1964	0.000205403836073515	0.560055835539716
口	1959	0.000204880913883919	0.560876300455193
海	1958	0.000204776329446	0.561081076784639
制	1954	0.000204357991694322	0.561489792768027
类	1953	0.000204253407256403	0.561694046175284
听	1945	0.000203416731753049	0.562508758946675
声	1932	0.000202057134060098	0.563320752522681
代	1927	0.000201534211870501	0.564127307707914
难	1926	0.000201429627432582	0.564328737335347
改	1913	0.000200070029739631	0.564930097853383
交	1864	0.000194945392281585	0.568883389606733
先	1819	0.000190239092575216	0.57273575737749
转	1804	0.000188670326006426	0.574440169962261
约	1790	0.000187206143875556	0.575191609148712
早	1787	0.000186892390561798	0.575378501539274
强	1781	0.000186264883934282	0.57575113589158
红	1775	0.000185637377306767	0.576308675530128
生	1770	0.00018511445511717	0.576493789985245
低	1749	0.000182918181920865	0.57741036799917
现	1734	0.000181349415352075	0.579596182751683
期	1706	0.000178421051090335	0.582289127443668
加	1702	0.000178002713338657	0.582467130157006
辆	1675	0.000175178933514836	0.583703004459899
金	1643	0.000171832231501418	0.585087388664636
收	1638	0.000171309309311822	0.58560142117701
城	1627	0.000170158880494709	0.587306042930657
法	1626	0.00017005429605679	0.587816205818827
刚	1599	0.000167230516232969	0.589500329022642
创	1596	0.000166916762919211	0.589667245785561
套	1582	0.000165452580788341	0.59099525897826
卖	1578	0.000165034243036664	0.591325432048772
权	1503	0.000157190410192716	0.598405484742595
满	1489	0.000155726228061845	0.599184952558407
句	1478	0.000154575799244733	0.600116590731392
跑	1467	0.000153425370427621	0.60057864477812
黔	1466	0.000153320785989701	0.600885286350099
称	1450	0.000151647434982992	0.602104531727363
病	1448	0.000151438266107154	0.602559160278998
版	1447	0.000151333681669235	0.602861827642336
极	1446	0.000151229097231315	0.603013056739568
包	1438	0.000150392421727961	0.604068104549297
拉	1438	0.000150392421727961	0.604218496971025
军	1436	0.000150183252852122	0.604368680223878
系	1430	0.000149555746224606	0.604518235970102
林	1429	0.000149451161786687	0.604667687131889
读	1403	0.000146731966400785	0.60628916425739
远	1402	0.000146627381962866	0.606729255572155
坐	1399	0.000146313628649108	0.607314510086751
工	1391	0.000145476953145753	0.608044614047866
设	1391	0.000145476953145753	0.608190091001011
产	1390	0.000145372368707834	0.608626312691573
奔	1388	0.000145163199831996	0.608771475891405
华	1388	0.000145163199831996	0.608916639091237
楼	1386	0.000144954030956157	0.609061593122193
粮	1378	0.000144117355452803	0.609639317557259
挂	1365	0.000142757757759852	0.610784621736913
黄	1361	0.000142339420008174	0.611069405161368
江	1357	0.000141921082256497	0.611211326243624
情	1350	0.000141188991191062	0.611777232637206
步	1346	0.000140770653439385	0.612199962935275
定	1329	0.000138992717994757	0.614016699206372
团	1328	0.000138888133556837	0.614155587339929
活	1315	0.000137528535863886	0.615120692533048
田	1307	0.000136691860360532	0.615531709374071
科	1303	0.000136273522608855	0.615940843695211
厅	1296	0.00013554143154342	0.616756393142106
桥	1296	0.00013554143154342	0.617027476005193
深	1295	0.0001354368471055	0.617162912852298
枚	1286	0.000134495587164226	0.618511320010392
篇	1283	0.000134181833850469	0.618779683678093
派	1274	0.000133240573909195	0.619180555828637
子	1265	0.000132299313967921	0.619844248671673
需	1260	0.000131776391778325	0.620371563407662
寨	1256	0.000131358054026647	0.620765846738618
主	1248	0.000130521378523293	0.621813782806569
药	1247	0.000130416794085374	0.621944199600655
副	1242	0.000129893871895777	0.622464507179303
菜	1230	0.000128638858640745	0.623626649453463
土	1212	0.000126756338758198	0.625923323710171
牌	1196	0.000125082987751489	0.627810340723549
超	1194	0.00012487381887565	0.627935214542424
农	1193	0.000124769234437731	0.628184857595738
谈	1193	0.000124769234437731	0.628309626830175
属	1182	0.000123618805620619	0.629054058859285
树	1179	0.000123305052306861	0.629547592821826
清	1178	0.000123200467868941	0.629794098342002
风	1177	0.000123095883431022	0.630163490576733
税	1172	0.000122572961241426	0.630286063537974
石	1172	0.000122572961241426	0.630408636499216
穿	1166	0.00012194545461391	0.630897464162051
保	1163	0.000121631701300152	0.631506145590741
卷	1163	0.000121631701300152	0.631871040694642
茶	1162	0.000121527116862233	0.631992567811504
完	1162	0.000121527116862233	0.632114094928366
款	1157	0.000121004194672636	0.632478048772325
差	1156	0.000120899610234717	0.63259894838256
筑	1154	0.000120690441358878	0.633203237264858
明	1146	0.000119853765855524	0.634165518678154
旧	1143	0.000119540012541766	0.634643992481634
选	1139	0.000119121674790089	0.63488244500009
令	1134	0.000118598752600492	0.635119747089729
股	1131	0.000118284999286734	0.635474915840903
南	1131	0.000118284999286734	0.63559320084019
首	1124	0.000117552908221299	0.636181383719048
变	1119	0.000117029986031702	0.63629841370508
关	1118	0.000116925401593783	0.636532264508268
笑	1111	0.000116193310528348	0.637814469717158
杯	1108	0.00011587955721459	0.638394704178735
文	1106	0.000115670388338752	0.63862614953985
河	1106	0.000115670388338752	0.638741819928189
马	1105	0.000115565803900832	0.63885738573209
乱	1101	0.000115147466149155	0.639087889833264
笔	1099	0.000114938297273316	0.639317871012248
光	1095	0.000114519959521639	0.6397766829414
王	1095	0.000114519959521639	0.639891202900922
言	1092	0.000114206206207881	0.640119824482214
坡	1092	0.000114206206207881	0.640348236894629
推	1080	0.00011295119295285	0.641710553782966
指	1079	0.00011284660851493	0.641936246999996
运	1073	0.000112219101887414	0.642498911276002
死	1069	0.000111800764135737	0.642834627321723
落	1068	0.000111696179697818	0.642946323501421
矿	1065	0.00011138242638406	0.643392585298022
竟	1064	0.000111277841946141	0.643615140981915
增	1059	0.000110754919756544	0.644170379762828
室	1059	0.000110754919756544	0.644281134682585
教	1058	0.000110650335318625	0.644502435353222
层	1057	0.000110545750880706	0.644612981104103
信	1049	0.000109709075377351	0.645603604900074
富	1049	0.000109709075377351	0.645713313975451
价	1048	0.000109604490939432	0.645822918466391
常	1044	0.000109186153187755	0.646588581136398
些	1041	0.000108872399873997	0.646697453536272
俄	1034	0.000108140308808562	0.647130642278134
铁	1034	0.000108140308808562	0.647238782586943
力	1034	0.000108140308808562	0.64745506320456
房	1034	0.000108140308808562	0.647563203513368
证	1030	0.000107721971056884	0.648317989401832
假	1028	0.000107512802181046	0.648425502204013
换	1020	0.000106676126677691	0.650031710001578
热	1020	0.000106676126677691	0.650351738381611
帐	1013	0.000105944035612256	0.651626204342096
西	1011	0.000105734866736418	0.651837778660006
油	1004	0.000105002775670982	0.652680624645198
幅	1003	0.000104898191233063	0.652995423803335
求	1000	0.000104584437919305	0.653623767106354
群	1000	0.000104584437919305	0.653728351544273
画	998	0.000104375269043467	0.653937206666798
驻	998	0.000104375269043467	0.654145957204885
帮	997	0.000104270684605547	0.654250227889491
兼	996	0.000104166100167628	0.654354393989658
治	994	0.000103956931291789	0.65445835092095
养	994	0.000103956931291789	0.654562307852242
调	986	0.000103120255788435	0.655803725130344
煤	980	0.000102492749160919	0.656934701242003
销	979	0.000102388164723	0.657037089406726
儿	979	0.000102388164723	0.657139477571449
实	976	0.000102074411409242	0.657343835563144
轮	975	0.000101969826971323	0.657649849628495
修	974	0.000101865242533403	0.657853580113562
提	966	0.000101028567030049	0.659069060451061
商	966	0.000101028567030049	0.659271117585121
社	959	0.000100296475964614	0.659773541224885
今	957	0.000100087307088775	0.660374692574045
牛	951	9.94598004612592e-005	0.660973856818885
歌	948	9.91460471475013e-005	0.661271504129203
溪	940	9.83093716441469e-005	0.662258153716534
脸	934	9.7681865016631e-005	0.663237900730962
防	934	9.7681865016631e-005	0.663628628191029
查	932	9.74726961407924e-005	0.66372610088717
装	931	9.73681117028731e-005	0.663823468998873
摆	931	9.73681117028731e-005	0.663920837110575
节	929	9.71589428270345e-005	0.664212523107932
半	927	9.69497739511959e-005	0.664891589863343
球	925	9.67406050753573e-005	0.665278866036958
民	921	9.63222673236801e-005	0.665760895711328
知	919	9.61130984478414e-005	0.665857008809776
猪	914	9.55901762582449e-005	0.666528022563466
脚	914	9.55901762582449e-005	0.666719202915983
动	913	9.54855918203256e-005	0.666910278684061
白	908	9.49626696307291e-005	0.667766511477307
飞	906	9.47535007548905e-005	0.668146048402516
坝	901	9.4230578565294e-005	0.668902089304235
番	900	9.41259941273746e-005	0.668996215298362
直	898	9.3916825251536e-005	0.669184153533303
喝	896	9.37076563756974e-005	0.669559402496557
量	896	9.37076563756974e-005	0.669653110152933
忙	894	9.34984874998588e-005	0.669746608640433
苗	894	9.34984874998588e-005	0.669840107127933
盘	893	9.33939030619395e-005	0.669933501030995
留	893	9.33939030619395e-005	0.670026894934057
黑	888	9.2870980872343e-005	0.670865034619542
联	887	9.27663964344237e-005	0.670957801015976
云	879	9.19297209310692e-005	0.672157907441101
供	877	9.17205520552306e-005	0.672617033123566
物	877	9.17205520552306e-005	0.672708753675622
货	873	9.13022143035534e-005	0.673074694623901
苦	873	9.13022143035534e-005	0.673257299052508
易	872	9.11976298656341e-005	0.67343969431224
集	871	9.10930454277148e-005	0.673530787357667
根	863	9.02563699243603e-005	0.674889862128429
春	862	9.01517854864411e-005	0.675250573854812
状	854	8.93151099830866e-005	0.675966872670122
担	851	8.90013566693287e-005	0.6767691398934
背	850	8.88967722314094e-005	0.676946933437863
通	850	8.88967722314094e-005	0.677124726982326
洞	849	8.87921877934901e-005	0.677391103545707
巴	844	8.82692656038936e-005	0.67809914019042
钢	843	8.81646811659742e-005	0.678363843402794
单	842	8.80600967280549e-005	0.67853996359625
诗	839	8.7746343414297e-005	0.679243084772381
引	830	8.68050834730233e-005	0.680726824193143
凡	830	8.68050834730233e-005	0.681074044527035
株	822	8.59684079696688e-005	0.682110790060129
夜	822	8.59684079696688e-005	0.682196758468099
鱼	821	8.58638235317495e-005	0.6823685906996
反	819	8.56546546559109e-005	0.68254000459335
北	818	8.55500702179916e-005	0.682882414043098
东	812	8.49225635904758e-005	0.683905040677073
京	811	8.48179791525565e-005	0.684074676635378
立	811	8.48179791525565e-005	0.684159494614531
街	810	8.47133947146372e-005	0.684413634798674
架	810	8.47133947146372e-005	0.684498348193389
克	808	8.45042258387986e-005	0.68483657426562
特	807	8.43996414008793e-005	0.684920973907021
短	807	8.43996414008793e-005	0.685005373548422
德	806	8.429505696296e-005	0.685258467888186
初	806	8.429505696296e-005	0.685342762945149
专	800	8.36675503354441e-005	0.685929377057439
怕	799	8.35629658975248e-005	0.686012940023336
广	799	8.35629658975248e-005	0.686096502989234
安	793	8.2935459270009e-005	0.686679665815072
木	791	8.27262903941704e-005	0.686845222980298
青	791	8.27262903941704e-005	0.686927949270692
度	789	8.25171215183318e-005	0.687093088098167
排	788	8.24125370804125e-005	0.687175500635247
赴	786	8.22033682045739e-005	0.687422424493175
气	784	8.19941993287352e-005	0.687750715043803
唱	784	8.19941993287352e-005	0.687832709243132
争	784	8.19941993287352e-005	0.688160686040447
硬	781	8.16804460149773e-005	0.688896960483399
体	781	8.16804460149773e-005	0.688978640929414
卡	780	8.1575861577058e-005	0.689060216790991
列	779	8.14712771391387e-005	0.68914168806813
居	765	8.00070950082684e-005	0.690593529235326
紧	765	8.00070950082684e-005	0.690673536330334
店	765	8.00070950082684e-005	0.690753543425342
香	761	7.95887572565912e-005	0.691312024323831
算	758	7.92750039428333e-005	0.692105820207639
利	756	7.90658350669947e-005	0.692501567720725
瓦	755	7.89612506290754e-005	0.692580528971354
准	753	7.87520817532368e-005	0.693132316465817
肉	752	7.86474973153175e-005	0.693289611460447
投	751	7.85429128773982e-005	0.693603783111957
计	750	7.84383284394789e-005	0.693839307266151
穷	746	7.80199906878017e-005	0.694230871401721
周	741	7.74970684982051e-005	0.695085640012835
梯	740	7.73924840602858e-005	0.695549994917197
古	739	7.72878996223665e-005	0.695627282816819
左	739	7.72878996223665e-005	0.695781858616064
鸡	738	7.71833151844472e-005	0.695859041931248
般	735	7.68695618706893e-005	0.696398070124284
园	734	7.676497743277e-005	0.69655160007915
倒	734	7.676497743277e-005	0.696628365056583
访	731	7.64512241190121e-005	0.697011353268243
具	728	7.61374708052542e-005	0.697545465992697
墙	725	7.58237174914962e-005	0.69800072205096
限	719	7.51962108639804e-005	0.699057024873945
亦	718	7.50916264260611e-005	0.699207208126797
龙	716	7.48824575502225e-005	0.699282090584348
患	714	7.46732886743839e-005	0.699880313569246
平	712	7.44641197985453e-005	0.70017869297063
业	712	7.44641197985453e-005	0.700476549449824
川	709	7.41503664847874e-005	0.700847928788875
闯	708	7.4045782046868e-005	0.701070275303892
斯	700	7.32091065435136e-005	0.701659713196005
麻	699	7.31045221055943e-005	0.701952131284428
核	699	7.31045221055943e-005	0.702171444850744
眼	697	7.28953532297557e-005	0.702463235432539
尚	695	7.26861843539171e-005	0.702754398507707
持	693	7.24770154780785e-005	0.703189888107203
含	693	7.24770154780785e-005	0.703262365122681
缺	693	7.24770154780785e-005	0.703407319153637
压	692	7.23724310401592e-005	0.703552168600155
掉	691	7.22678466022399e-005	0.703696808877798
载	690	7.21632621643206e-005	0.704057834357495
顶	684	7.15357555368047e-005	0.705350393425739
感	680	7.11174177851275e-005	0.706063659292349
秋	679	7.10128333472082e-005	0.706419037212399
资	677	7.08036644713696e-005	0.706985780281483
取	676	7.06990800334503e-005	0.707268681186055
翻	674	7.04899111576117e-005	0.707551059168437
试	673	7.03853267196924e-005	0.707621444495157
封	673	7.03853267196924e-005	0.707691829821877
展	672	7.02807422817731e-005	0.708113723444443
票	670	7.00715734059345e-005	0.708253866591255
颗	668	6.98624045300958e-005	0.708673668525063
梦	667	6.97578200921765e-005	0.708953013558745
男	666	6.96532356542572e-005	0.709231940254676
懂	664	6.94440667784186e-005	0.709788434048845
领	662	6.923489790258e-005	0.710065582809331
右	661	6.91303134646607e-005	0.710480469274557
斤	656	6.86073912750642e-005	0.711169053213817
敢	655	6.85028068371449e-005	0.711443273610041
购	655	6.85028068371449e-005	0.711511776416879
考	654	6.83982223992256e-005	0.711785578475351
师	652	6.8189053523387e-005	0.712195235718681
草	650	6.79798846475484e-005	0.71246725984171
拨	650	6.79798846475484e-005	0.7127391793803
课	647	6.76661313337904e-005	0.713416781953579
补	646	6.75615468958711e-005	0.713484343500475
角	645	6.74569624579518e-005	0.713956855990994
兴	644	6.73523780200325e-005	0.71422647467195
存	641	6.70386247062746e-005	0.714696790889273
抱	640	6.69340402683553e-005	0.715232890718048
负	640	6.69340402683553e-005	0.715299824758316
史	640	6.69340402683553e-005	0.715366758798584
愿	638	6.67248713925167e-005	0.716034739603575
流	637	6.66202869545974e-005	0.716167980177484
结	635	6.64111180787588e-005	0.716700210382056
印	634	6.63065336408395e-005	0.716766516915696
似	633	6.62019492029202e-005	0.717097631246149
化	631	6.59927803270816e-005	0.717493901681425
饭	631	6.59927803270816e-005	0.71782386558306
宽	627	6.55744425754043e-005	0.718283932525467
精	627	6.55744425754043e-005	0.718415081410618
型	622	6.50515203858078e-005	0.719720713533603
医	621	6.49469359478885e-005	0.719850711989936
境	621	6.49469359478885e-005	0.72004555279778
传	618	6.46331826341306e-005	0.720369450802016
破	618	6.46331826341306e-005	0.72043408398465
急	617	6.45285981962113e-005	0.720692302961873
床	616	6.4424013758292e-005	0.721207904240815
订	612	6.40056760066148e-005	0.722105761640352
英	606	6.33781693790989e-005	0.722805954452222
箱	606	6.33781693790989e-005	0.722869332621601
岩	604	6.31690005032603e-005	0.72312221779249
抢	599	6.26460783136638e-005	0.72387721284983
细	598	6.25414938757445e-005	0.724065046500333
伤	597	6.24369094378252e-005	0.724252566397522
火	596	6.23323249999059e-005	0.724377231047522
色	595	6.22277405619866e-005	0.724501791113084
升	593	6.2018571686148e-005	0.724812511478142
表	589	6.16002339344707e-005	0.725677843117486
遍	587	6.13910650586321e-005	0.726046503261152
李	586	6.12864806207128e-005	0.726169180806831
雨	584	6.10773117448742e-005	0.726413908391562
绿	584	6.10773117448742e-005	0.726536063015052
答	581	6.07635584311163e-005	0.726901271872266
优	578	6.04498051173584e-005	0.727446679716015
果	578	6.04498051173584e-005	0.727628029131367
足	574	6.00314673656812e-005	0.728169149013161
船	573	5.99268829277619e-005	0.728289002779017
栽	572	5.98222984898425e-005	0.728468678843362
晚	572	5.98222984898425e-005	0.728648145738832
冬	570	5.96131296140039e-005	0.72894683889353
网	570	5.96131296140039e-005	0.729006452023144
血	569	5.95085451760846e-005	0.72918508224311
刘	567	5.9299376300246e-005	0.729363189540886
净	565	5.90902074244074e-005	0.729836747875785
记	564	5.89856229864881e-005	0.73001391391362
公	563	5.88810385485688e-005	0.730190661613704
跨	560	5.85672852348109e-005	0.730484020962067
布	557	5.8253531921053e-005	0.730951199646253
题	557	5.8253531921053e-005	0.731009453178174
品	557	5.8253531921053e-005	0.731184213773937
银	554	5.79397786072951e-005	0.731532689121084
讯	553	5.78351941693758e-005	0.731822283429682
纸	552	5.77306097314564e-005	0.731880014039414
式	550	5.75214408556178e-005	0.7323411268262
犯	550	5.75214408556178e-005	0.732398648267056
献	550	5.75214408556178e-005	0.732571212589623
奖	550	5.75214408556178e-005	0.732628734030478
观	549	5.74168564176985e-005	0.732801089184169
屋	548	5.73122719797792e-005	0.732973235168984
玩	547	5.72076875418599e-005	0.733087755128506
响	547	5.72076875418599e-005	0.733202170503589
拍	544	5.6893934228102e-005	0.73354395244671
呈	542	5.66847653522634e-005	0.733997848907279
烧	537	5.61618431626669e-005	0.734729939972715
例	535	5.59526742868283e-005	0.734954064423176
港	535	5.59526742868283e-005	0.73506596977175
尔	535	5.59526742868283e-005	0.73523382779461
刀	533	5.57435054109896e-005	0.735401267479719
丝	531	5.5534336535151e-005	0.735846588016379
额	528	5.52205832213931e-005	0.736456106120573
踏	528	5.52205832213931e-005	0.736566547287016
促	527	5.51159987834738e-005	0.736676883869021
肥	525	5.49068299076352e-005	0.737117079768223
竹	522	5.45930765938773e-005	0.738103311017802
止	521	5.4488492155958e-005	0.738376067231895
合	520	5.43839077180387e-005	0.738430451139613
钩	518	5.41747388422001e-005	0.738756127079294
官	517	5.40701544042808e-005	0.739134827329
寄	516	5.39655699663615e-005	0.739350689608866
政	512	5.35472322146842e-005	0.740262979660836
籽	511	5.34426477767649e-005	0.740369969540828
划	511	5.34426477767649e-005	0.740476854836381
停	511	5.34426477767649e-005	0.740690625427488
忘	510	5.33380633388456e-005	0.740743963490827
曲	509	5.32334789009263e-005	0.740957106575306
轻	509	5.32334789009263e-005	0.74117004049091
乐	506	5.29197255871684e-005	0.74164757303445
庭	506	5.29197255871684e-005	0.741700492760037
环	505	5.28151411492491e-005	0.742070512501396
底	505	5.28151411492491e-005	0.742228957924843
势	504	5.27105567113298e-005	0.742334483622704
稿	504	5.27105567113298e-005	0.742387194179415
形	503	5.26059722734105e-005	0.742545116680673
畜	498	5.2083050083814e-005	0.7433811646774
距	498	5.2083050083814e-005	0.743433247727484
杀	496	5.18738812079754e-005	0.743796574064816
桔	495	5.17692967700561e-005	0.743952091124002
胜	495	5.17692967700561e-005	0.744003860420772
救	495	5.17692967700561e-005	0.744107399014312
招	494	5.16647123321368e-005	0.744469052000637
游	493	5.15601278942174e-005	0.744726852640108
累	491	5.13509590183788e-005	0.745292026942624
职	491	5.13509590183788e-005	0.745394728860661
纳	490	5.12463745804595e-005	0.745599714358983
空	490	5.12463745804595e-005	0.745702207108144
世	488	5.10372057046209e-005	0.746110818507094
喜	487	5.09326212667016e-005	0.746314653576599
亮	486	5.08280368287823e-005	0.746416414234695
配	486	5.08280368287823e-005	0.746467242271523
严	485	5.0723452390863e-005	0.746619621797572
战	480	5.02005302012665e-005	0.747527728472025
挖	480	5.02005302012665e-005	0.747577929002226
杂	479	5.00959457633472e-005	0.747878504676806
语	478	4.99913613254279e-005	0.747928496038132
赛	474	4.95730235737506e-005	0.748924139887124
顿	472	4.9363854697912e-005	0.749467978964304
俩	471	4.92592702599927e-005	0.749517238234564
瓶	470	4.91546858220734e-005	0.749763325416988
唯	469	4.90501013841541e-005	0.749861530204194
皆	469	4.90501013841541e-005	0.749959630406962
粉	467	4.88409325083155e-005	0.750204357991694
评	466	4.87363480703962e-005	0.750546139934814
库	466	4.87363480703962e-005	0.750741085327095
神	464	4.85271791945576e-005	0.751032666740014
夫	464	4.85271791945576e-005	0.751081193919209
戏	464	4.85271791945576e-005	0.751129721098403
盖	463	4.84225947566383e-005	0.751323725230744
凤	463	4.84225947566383e-005	0.751372147825501
喊	463	4.84225947566383e-005	0.751468993015014
贴	463	4.84225947566383e-005	0.751565838204527
退	463	4.84225947566383e-005	0.751662683394041
质	461	4.82134258807997e-005	0.752097336318033
怀	460	4.81088414428804e-005	0.752193554000919
哭	459	4.80042570049611e-005	0.752289667099367
费	459	4.80042570049611e-005	0.752433679870382
意	459	4.80042570049611e-005	0.752481684127387
久	458	4.78996725670418e-005	0.75267349198653
食	457	4.77950881291225e-005	0.75272128707466
爬	451	4.71675815016066e-005	0.753910307549364
羊	451	4.71675815016066e-005	0.75409897787537
须	451	4.71675815016066e-005	0.754146145456872
碗	450	4.70629970636873e-005	0.754240376035437
率	448	4.68538281878487e-005	0.754709541823943
叶	448	4.68538281878487e-005	0.754896957136694
扣	447	4.67492437499294e-005	0.754943706380444
挑	445	4.65400748740908e-005	0.755923767148186
偏	444	4.64354904361715e-005	0.756109613694369
源	443	4.63309059982522e-005	0.756434452958546
兵	440	4.60171526844943e-005	0.757034453878889
砖	438	4.58079838086557e-005	0.757493161223604
毛	437	4.57033993707364e-005	0.757676183989963
味	436	4.5598814932817e-005	0.757995794032244
协	436	4.5598814932817e-005	0.758041392847177
旁	435	4.54942304948977e-005	0.758132485892605
陈	433	4.52850616190591e-005	0.758723178797973
跳	433	4.52850616190591e-005	0.758768463859592
昔	432	4.51804771811398e-005	0.759220477800279
册	432	4.51804771811398e-005	0.759401199709004
甲	431	4.50758927432205e-005	0.75962657917272
颇	430	4.49713083053012e-005	0.759761702266512
胡	430	4.49713083053012e-005	0.759896616191428
玉	430	4.49713083053012e-005	0.760031530116344
致	429	4.48667238673819e-005	0.760211101596251
嘴	428	4.47621394294626e-005	0.76030062587511
抵	427	4.46575549915433e-005	0.760479465263952
狗	427	4.46575549915433e-005	0.760613437928927
效	427	4.46575549915433e-005	0.760747410593901
折	426	4.4552970553624e-005	0.760970175446669
练	425	4.44483861157047e-005	0.761237284101115
采	425	4.44483861157047e-005	0.761281732487231
铝	425	4.44483861157047e-005	0.761415077645578
减	423	4.42392172398661e-005	0.761947098681274
寻	421	4.40300483640275e-005	0.762432579642095
液	421	4.40300483640275e-005	0.762740789980644
锌	420	4.39254639261082e-005	0.763180567542095
降	419	4.38208794881889e-005	0.763312239349435
章	419	4.38208794881889e-005	0.763399881108411
衣	419	4.38208794881889e-005	0.763443701987899
抗	418	4.37162950502696e-005	0.763531134578
秒	418	4.37162950502696e-005	0.763662283463151
阳	417	4.36117106123503e-005	0.763749506884376
雪	417	4.36117106123503e-005	0.7638367303056
圈	414	4.32979572985923e-005	0.764445307149853
继	414	4.32979572985923e-005	0.764488605107152
塔	414	4.32979572985923e-005	0.764618498979047
弄	413	4.3193372860673e-005	0.764791481639366
视	412	4.30887884227537e-005	0.765050328123216
遇	411	4.29842039848344e-005	0.765308337931563
湖	410	4.28796195469151e-005	0.765394097170657
欲	410	4.28796195469151e-005	0.765522736029298
检	410	4.28796195469151e-005	0.765608495268392
灯	409	4.27750351089958e-005	0.765822579612813
琴	408	4.26704506710765e-005	0.765993575168811
拥	408	4.26704506710765e-005	0.766164256971495
福	408	4.26704506710765e-005	0.766206927422166
瑶	407	4.25658662331572e-005	0.766292059154632
夏	406	4.24612817952379e-005	0.766462113450689
肩	406	4.24612817952379e-005	0.766504574732484
妻	404	4.22521129193993e-005	0.76680086244511
睡	403	4.214752848148e-005	0.766843009973591
添	403	4.214752848148e-005	0.766969452559036
客	403	4.214752848148e-005	0.767011600087517
理	400	4.18337751677221e-005	0.767725179707441
售	399	4.17291907298028e-005	0.76810116076176
稳	397	4.15200218539642e-005	0.768475677633949
洗	397	4.15200218539642e-005	0.768600237699511
页	396	4.14154374160448e-005	0.768766108618052
拖	396	4.14154374160448e-005	0.7688903549303
迎	395	4.13108529781255e-005	0.769262884698169
腿	394	4.12062685402062e-005	0.76963374111503
钟	393	4.11016841022869e-005	0.76979814785144
柑	392	4.09970996643676e-005	0.769921243734871
性	392	4.09970996643676e-005	0.770044235033864
追	391	4.08925152264483e-005	0.770248906778872
编	390	4.0787930788529e-005	0.770412372255339
挤	390	4.0787930788529e-005	0.770493948116917
皮	390	4.0787930788529e-005	0.770534736047705
刺	389	4.06833463506097e-005	0.770697574017546
志	389	4.06833463506097e-005	0.770778940710247
齐	388	4.05787619126904e-005	0.770900781580423
觉	388	4.05787619126904e-005	0.770941360342336
托	388	4.05787619126904e-005	0.771103675389986
劳	385	4.02650085989325e-005	0.771911694757351
罗	385	4.02650085989325e-005	0.772032489783147
搬	385	4.02650085989325e-005	0.772072754791746
赚	384	4.01604241610132e-005	0.772112915215907
端	384	4.01604241610132e-005	0.772153075640068
付	384	4.01604241610132e-005	0.772434198609195
值	383	4.00558397230939e-005	0.772714694071695
吹	383	4.00558397230939e-005	0.772754749911418
鸟	383	4.00558397230939e-005	0.772834861590864
遭	382	3.99512552851746e-005	0.77339501584036
甚	381	3.98466708472553e-005	0.77351466043734
护	380	3.9742086409336e-005	0.773793482548833
脑	380	3.9742086409336e-005	0.773833224635242
解	380	3.9742086409336e-005	0.77395245089447
必	380	3.9742086409336e-005	0.773992192980879
星	378	3.95329175334973e-005	0.77450737592207
思	376	3.93237486576587e-005	0.775176820909191
荒	376	3.93237486576587e-005	0.775255468406507
藏	376	3.93237486576587e-005	0.775334115903822
掏	375	3.92191642197394e-005	0.775412554232262
跃	375	3.92191642197394e-005	0.775530211724921
罚	374	3.91145797818201e-005	0.775686670044048
独	372	3.89054109059815e-005	0.776271715389769
征	369	3.85916575922236e-005	0.776929865257594
井	369	3.85916575922236e-005	0.777122823545556
诉	368	3.84870731543043e-005	0.777315677249079
融	366	3.82779042784657e-005	0.777891937502014
冠	366	3.82779042784657e-005	0.77800677121485
基	366	3.82779042784657e-005	0.778045049119128
塞	366	3.82779042784657e-005	0.778083327023407
输	365	3.81733198405464e-005	0.778236020302769
抬	365	3.81733198405464e-005	0.778274193622609
磷	363	3.79641509647078e-005	0.778654671807759
冷	363	3.79641509647078e-005	0.778692635958724
佳	363	3.79641509647078e-005	0.778768564260654
禽	362	3.78595665267885e-005	0.778844283393707
演	362	3.78595665267885e-005	0.778920002526761
秀	362	3.78595665267885e-005	0.778957862093288
梨	360	3.76503976509499e-005	0.779184287401383
舞	360	3.76503976509499e-005	0.779259588196685
摊	360	3.76503976509499e-005	0.77948549058259
序	360	3.76503976509499e-005	0.779523140980241
围	359	3.75458132130306e-005	0.779748415859519
企	359	3.75458132130306e-005	0.779898599112371
鞋	359	3.75458132130306e-005	0.779936144925585
育	358	3.74412287751112e-005	0.780273429737874
戴	355	3.71274754613533e-005	0.780720737378855
锅	355	3.71274754613533e-005	0.780794992329778
圆	355	3.71274754613533e-005	0.780832119805239
汇	354	3.7022891023434e-005	0.781054466320256
器	353	3.69183065855147e-005	0.78135033569513
姜	353	3.69183065855147e-005	0.781387254001715
棵	353	3.69183065855147e-005	0.781424172308301
员	353	3.69183065855147e-005	0.781719518760984
断	352	3.68137221475954e-005	0.781977737738207
枪	352	3.68137221475954e-005	0.78208817890465
欠	352	3.68137221475954e-005	0.782161806348945
扎	351	3.67091377096761e-005	0.782382374928517
乌	351	3.67091377096761e-005	0.782565920617065
宝	350	3.66045532717568e-005	0.782785547936695
复	349	3.64999688338375e-005	0.78300496608745
幢	349	3.64999688338375e-005	0.783041466056284
贷	349	3.64999688338375e-005	0.783223965900453
杨	349	3.64999688338375e-005	0.78329696583812
板	348	3.63953843959182e-005	0.783442547375704
财	348	3.63953843959182e-005	0.783515338144496
错	348	3.63953843959182e-005	0.783551733528892
确	348	3.63953843959182e-005	0.783624524297684
词	347	3.62907999579989e-005	0.783842478266308
捧	346	3.61862155200796e-005	0.784023618512784
哥	346	3.61862155200796e-005	0.784168363374864
众	346	3.61862155200796e-005	0.784276922021424
奇	345	3.60816310821603e-005	0.784565993407833
造	344	3.5977046644241e-005	0.784890414334259
议	342	3.57678777684024e-005	0.785751771764963
料	341	3.56632933304831e-005	0.78585897081383
糖	341	3.56632933304831e-005	0.785894634107161
守	339	3.54541244546444e-005	0.786464200956069
沙	339	3.54541244546444e-005	0.786499655080524
串	337	3.52449555788058e-005	0.787171087171966
许	337	3.52449555788058e-005	0.787206332127545
汤	335	3.50357867029672e-005	0.787732705603593
坪	335	3.50357867029672e-005	0.787802777176999
庆	334	3.49312022650479e-005	0.787907570783794
侗	333	3.48266178271286e-005	0.788465319591218
慢	332	3.47220333892093e-005	0.788638929758164
倍	332	3.47220333892093e-005	0.788673651791553
洋	331	3.461744895129e-005	0.788951009720915
互	331	3.461744895129e-005	0.788985627169866
桌	331	3.461744895129e-005	0.789158714414622
扑	330	3.45128645133707e-005	0.789435026499605
痛	330	3.45128645133707e-005	0.789469539364119
鸭	330	3.45128645133707e-005	0.789538565093145
炒	329	3.44082800754514e-005	0.789710920246837
孔	329	3.44082800754514e-005	0.789814145087063
盐	329	3.44082800754514e-005	0.78991736992729
馆	329	3.44082800754514e-005	0.789986186487441
梵	328	3.43036956375321e-005	0.790226416941341
松	328	3.43036956375321e-005	0.790295024332616
骨	327	3.41991111996128e-005	0.790602920917851
维	327	3.41991111996128e-005	0.790739717362649
酸	326	3.40945267616935e-005	0.791046568103505
渡	325	3.39899423237742e-005	0.79131869681097
铺	325	3.39899423237742e-005	0.791352686753294
劝	324	3.38853578858549e-005	0.791624187954132
显	323	3.37807734479356e-005	0.791793510159124
伏	323	3.37807734479356e-005	0.791928633252916
孤	323	3.37807734479356e-005	0.791962414026364
司	323	3.37807734479356e-005	0.791996194799812
沟	323	3.37807734479356e-005	0.792029975573259
奥	320	3.34670201341777e-005	0.79266731313794
耳	319	3.33624356962583e-005	0.792800972049601
剑	319	3.33624356962583e-005	0.79290105935669
莫	318	3.3257851258339e-005	0.793333829760799
习	317	3.31532668204197e-005	0.79376555432053
刻	316	3.30486823825004e-005	0.793963950999263
素	315	3.29440979445811e-005	0.794161929340244
服	315	3.29440979445811e-005	0.794293705732023
蛋	315	3.29440979445811e-005	0.794326649829968
扶	314	3.28395135066618e-005	0.794490951981939
偷	313	3.27349290687425e-005	0.794720201069858
磋	312	3.26303446308232e-005	0.794850827032819
助	311	3.25257601929039e-005	0.795209447070445
灵	311	3.25257601929039e-005	0.795339550111216
栋	311	3.25257601929039e-005	0.795437127391795
终	311	3.25257601929039e-005	0.795469653151987
谷	310	3.24211757549846e-005	0.79589123302124
整	309	3.23165913170653e-005	0.795988391964067
罪	309	3.23165913170653e-005	0.796020708555384
潮	309	3.23165913170653e-005	0.796085341738018
席	309	3.23165913170653e-005	0.796117658329335
透	308	3.2212006879146e-005	0.796602093445778
技	308	3.2212006879146e-005	0.796634305452657
彩	307	3.21074224412267e-005	0.797020431197455
炉	307	3.21074224412267e-005	0.797052538619897
骑	307	3.21074224412267e-005	0.797084646042338
籍	307	3.21074224412267e-005	0.797116753464779
景	307	3.21074224412267e-005	0.797180968309661
趟	306	3.20028380033074e-005	0.797437304767002
棉	305	3.18982535653881e-005	0.79769322288659
营	304	3.17936691274688e-005	0.797884403239107
置	304	3.17936691274688e-005	0.797947990577362
亚	302	3.15845002516302e-005	0.7987090515321
铜	301	3.14799158137109e-005	0.798993207449927
尝	301	3.14799158137109e-005	0.799056167281554
微	301	3.14799158137109e-005	0.799213566860623
闹	300	3.13753313757916e-005	0.799495944843005
贫	300	3.13753313757916e-005	0.799558695505756
挺	300	3.13753313757916e-005	0.799590070837132
搭	299	3.12707469378722e-005	0.799777695318759
逾	297	3.10615780620336e-005	0.800245083171821
登	297	3.10615780620336e-005	0.800431452640193
务	296	3.09569936241143e-005	0.800493366627441
举	296	3.09569936241143e-005	0.800586237608313
躺	296	3.09569936241143e-005	0.800648151595562
剧	295	3.0852409186195e-005	0.800864327628741
移	295	3.0852409186195e-005	0.801018589674672
散	294	3.07478247482757e-005	0.801080085324169
泥	294	3.07478247482757e-005	0.801326067922155
功	292	3.05386558724371e-005	0.801601857084948
峰	292	3.05386558724371e-005	0.80175455036431
斗	292	3.05386558724371e-005	0.801815627676055
夺	291	3.04340714345178e-005	0.802242227598328
胸	291	3.04340714345178e-005	0.802303095741197
波	290	3.03294869965985e-005	0.802667572507346
袋	290	3.03294869965985e-005	0.802728231481339
汉	290	3.03294869965985e-005	0.802788890455332
亲	290	3.03294869965985e-005	0.802879878916322
症	290	3.03294869965985e-005	0.802970867377311
软	289	3.02249025586792e-005	0.803363895695012
桂	289	3.02249025586792e-005	0.803424345500129
参	289	3.02249025586792e-005	0.803515020207805
雷	285	2.9806564807002e-005	0.804535764321898
侧	285	2.9806564807002e-005	0.804744410275547
谢	285	2.9806564807002e-005	0.804804023405161
父	285	2.9806564807002e-005	0.804923249664389
汛	285	2.9806564807002e-005	0.804953056229196
施	284	2.97019803690827e-005	0.805012460189934
伙	284	2.97019803690827e-005	0.805071864150673
残	283	2.95973959311634e-005	0.805249762279573
妈	283	2.95973959311634e-005	0.805397749259229
堆	282	2.94928114932441e-005	0.80551582508964
险	282	2.94928114932441e-005	0.805722274770092
饮	280	2.92836426174054e-005	0.806162993591484
野	279	2.91790581794861e-005	0.806397158147986
标	279	2.91790581794861e-005	0.806426337206165
拒	279	2.91790581794861e-005	0.806455516264345
旺	278	2.90744737415668e-005	0.806718023203522
目	278	2.90744737415668e-005	0.80686339557223
拟	278	2.90744737415668e-005	0.806921544519713
念	278	2.90744737415668e-005	0.806950618993455
迈	278	2.90744737415668e-005	0.80724136373087
普	278	2.90744737415668e-005	0.807270438204612
柜	277	2.89698893036475e-005	0.807357557041399
陪	277	2.89698893036475e-005	0.807415496820006
告	276	2.88653048657282e-005	0.807647046765559
坏	276	2.88653048657282e-005	0.807733642680156
堂	276	2.88653048657282e-005	0.807964565119082
怪	274	2.86561359898896e-005	0.808539256605448
隔	273	2.85515515519703e-005	0.808739431219626
塘	273	2.85515515519703e-005	0.808853637425834
插	272	2.8446967114051e-005	0.808938978327176
聘	271	2.83423826761317e-005	0.809251372043241
警	271	2.83423826761317e-005	0.809336399191269
苏	271	2.83423826761317e-005	0.809364741573945
梅	271	2.83423826761317e-005	0.809421426339297
闻	270	2.82377982382124e-005	0.809732355873232
族	270	2.82377982382124e-005	0.80976059367147
逐	269	2.81332138002931e-005	0.809873335695547
义	269	2.81332138002931e-005	0.809929602123147
弱	268	2.80286293623738e-005	0.810126430035311
呆	266	2.78194604865352e-005	0.811021149901711
抽	266	2.78194604865352e-005	0.811048969362198
亏	265	2.77148760486159e-005	0.81146605210062
摸	265	2.77148760486159e-005	0.811632341356912
横	265	2.77148760486159e-005	0.811743200861106
肾	264	2.76102916106966e-005	0.811908967195208
租	264	2.76102916106966e-005	0.812102239236483
熟	263	2.75057071727773e-005	0.812157250650828
暨	262	2.7401122734858e-005	0.812487005383588
伴	262	2.7401122734858e-005	0.812514406506323
缴	262	2.7401122734858e-005	0.812706214365467
绝	261	2.72965382969386e-005	0.813170778438704
君	260	2.71919538590193e-005	0.813497395638326
术	259	2.70873694211e-005	0.813632937069869
旱	259	2.70873694211e-005	0.81366002443929
蛇	259	2.70873694211e-005	0.813985072872344
失	258	2.69827849831807e-005	0.814066125811731
砍	258	2.69827849831807e-005	0.81422802252163
砂	257	2.68782005452614e-005	0.814470030910975
影	256	2.67736161073421e-005	0.814631090945371
踢	256	2.67736161073421e-005	0.814791732642015
勇	256	2.67736161073421e-005	0.814872053490338
腰	256	2.67736161073421e-005	0.81495237433866
迁	255	2.66690316694228e-005	0.815245838271461
末	254	2.65644472315035e-005	0.815591489838784
浪	254	2.65644472315035e-005	0.815644618733247
泪	254	2.65644472315035e-005	0.81569774762771
捐	253	2.64598627935842e-005	0.815750771937735
盒	253	2.64598627935842e-005	0.815777231800528
窝	253	2.64598627935842e-005	0.815962450840083
牧	253	2.64598627935842e-005	0.816041830428464
猛	253	2.64598627935842e-005	0.816068290291258
谱	252	2.63552783556649e-005	0.816200485020788
窗	252	2.63552783556649e-005	0.816490393082701
友	251	2.62506939177456e-005	0.816753004606316
梁	250	2.61461094798263e-005	0.816884048907028
粗	250	2.61461094798263e-005	0.816962487235468
碘	250	2.61461094798263e-005	0.816988633344948
逃	250	2.61461094798263e-005	0.817014779454427
鲜	249	2.6041525041907e-005	0.817145091664075
碎	249	2.6041525041907e-005	0.817223216239201
切	249	2.6041525041907e-005	0.817327382339369
府	248	2.59369406039877e-005	0.817379256220576
浓	248	2.59369406039877e-005	0.8175348778642
韩	247	2.58323561660684e-005	0.817689976585634
绕	247	2.58323561660684e-005	0.817741641297966
略	247	2.58323561660684e-005	0.817767473654132
吉	247	2.58323561660684e-005	0.817948300147295
堡	247	2.58323561660684e-005	0.818051629571959
静	246	2.57277717281491e-005	0.81828328410195
磨	246	2.57277717281491e-005	0.818411922960591
母	246	2.57277717281491e-005	0.818437650732319
枫	245	2.56231872902298e-005	0.818617326796665
沈	245	2.56231872902298e-005	0.818822312294987
备	244	2.55186028523105e-005	0.818975633080976
池	244	2.55186028523105e-005	0.819205300506647
诸	244	2.55186028523105e-005	0.819307374918056
损	243	2.54140184143912e-005	0.819485482215832
智	242	2.53094339764718e-005	0.819713580874934
顾	242	2.53094339764718e-005	0.819738890308911
息	240	2.51002651006332e-005	0.820470458452157
丸	240	2.51002651006332e-005	0.820545759247459
剂	240	2.51002651006332e-005	0.820671260572962
岗	240	2.51002651006332e-005	0.820796761898465
贸	239	2.49956806627139e-005	0.820921740301779
容	239	2.49956806627139e-005	0.821096710066418
厚	238	2.48910962247946e-005	0.82134593478198
吸	238	2.48910962247946e-005	0.821445499166879
格	237	2.47865117868753e-005	0.821843547537601
薄	237	2.47865117868753e-005	0.821893120561174
桩	237	2.47865117868753e-005	0.821942693584748
蓝	237	2.47865117868753e-005	0.822165772190829
虫	237	2.47865117868753e-005	0.822215345214403
滑	236	2.4681927348956e-005	0.822437691729419
扇	235	2.45773429110367e-005	0.822659724491122
桑	235	2.45773429110367e-005	0.822684301834033
艺	234	2.44727584731174e-005	0.822831661307062
曰	234	2.44727584731174e-005	0.822978497857901
愈	232	2.42635895972788e-005	0.82385617046092
材	232	2.42635895972788e-005	0.823880434050517
纹	232	2.42635895972788e-005	0.823928961229711
毁	232	2.42635895972788e-005	0.823977488408906
尼	231	2.41590051593595e-005	0.824146601445022
虚	231	2.41590051593595e-005	0.8242190784605
煮	231	2.41590051593595e-005	0.824267396470819
识	231	2.41590051593595e-005	0.824339873486297
盗	230	2.40544207214402e-005	0.824676844545273
艘	230	2.40544207214402e-005	0.824700898965994
鼓	229	2.39498362835209e-005	0.825085455944223
鸣	229	2.39498362835209e-005	0.825109405780506
操	229	2.39498362835209e-005	0.825277054634491
尾	229	2.39498362835209e-005	0.825324954307058
稍	229	2.39498362835209e-005	0.825396803815908
监	228	2.38452518456016e-005	0.825588297921738
然	227	2.37406674076823e-005	0.826017303286084
命	227	2.37406674076823e-005	0.826136006623123
赠	227	2.37406674076823e-005	0.82615974729053
误	226	2.3636082969763e-005	0.82656239737652
劲	225	2.35314985318437e-005	0.826703900121025
旅	224	2.34269140939244e-005	0.827009495848625
卫	224	2.34269140939244e-005	0.827243764989565
岛	224	2.34269140939244e-005	0.827360899560034
丢	223	2.33223296560051e-005	0.827477615792752
骗	223	2.33223296560051e-005	0.827617549770688
沪	223	2.33223296560051e-005	0.827827450737592
醉	222	2.32177452180857e-005	0.827967280131089
钻	222	2.32177452180857e-005	0.828269110818924
姓	221	2.31131607801664e-005	0.82847744301926
杆	221	2.31131607801664e-005	0.828616121983941
婚	221	2.31131607801664e-005	0.828662348305501
窖	220	2.30085763422471e-005	0.828869425492582
醇	220	2.30085763422471e-005	0.828892434068924
盯	220	2.30085763422471e-005	0.829076502679663
善	220	2.30085763422471e-005	0.829145528408689
射	219	2.29039919043278e-005	0.829237248960745
敲	219	2.29039919043278e-005	0.829535000855501
灰	219	2.29039919043278e-005	0.829695328798831
岭	218	2.27994074664085e-005	0.829809325836163
振	217	2.26948230284892e-005	0.830014311334485
屯	217	2.26948230284892e-005	0.83008239580357
棋	217	2.26948230284892e-005	0.830150480272656
兰	217	2.26948230284892e-005	0.830286649210827
统	216	2.25902385905699e-005	0.830648720534903
旗	216	2.25902385905699e-005	0.830739081489265
赵	216	2.25902385905699e-005	0.830852032682218
                                                                                                                                                                                                                                                                                                                                                                                                                                                                                                                                                                                                                                                                                                                                                                                                                                                                                                                                                                                                                                                                                                                                                                                                                                                                                                                                                                                                                                                                                                                                                                                                                                                                                                                                                                                                                                                                                                                                                                                                                                                                                                                                                                                                                                                                                                                                                                                                                                                                                                                                                                                                                                                                                                                                                                                                                                                                                                                                                                                                                                                                                                                                                                                                                                                                                                                                                                                                                                                                                                                                                                                                                                                                                                                                                                                                                                                                                                                                                                                                                                                                                                                                                                                                                                                                                                                                                                                                                                                                                                                                                                                                                                                                                                                                                                                                                                                                                                                                                                                                                                                                                                                                                                                                                                                                                                                                                                                                                                                                                                                                                                                                                                                                                                                                                                                                                                                                                                                                                                                                                                                                                                                                                                                                                                                                                                                                                                                                                                                                                                                                                                                                                                                                                                                                                                                                                                                                                                                                                                                                                                                                                                                                                                                                                                                                                                                                                                                                                                                                                                                                                                                                                                                                                                                                                                                                                                                                                                                                                                                                                                                                                                                                                                                                                                                                                                                                                                                                                                                                                                                                                                                                                                                                                                                                                                                                                                                                                                                                                                                                                                                                                                                                                                                                                                                                                                                                                                                                                                                                                                                                                                                                                                                                                                                                                                                                                                                                                                                                                                                                                                                                                                                                                                                                                                                                                                                                                                                                                                                                                                                                                                                                                                                                                                                                                                                                                                                                                                                                                                                                                                                                                                                                                                                                                                                                                                                                                                                                                                                                                                                                                                                                                                                                                                                                                                                                                                                                                                                                                                                                                                                                                                                                                                                                                                                                                                                                                                                                                                                                                                                                                                                                                                                                                                                                                                                                                                                                                                                                                                                                                                                                                                                                                                                                                                                                                                                                                                                                                                                                                                                                                                                                                                                                                                                                                                                                                                                                                                                                                                                                                                                                                                                                                                                                                                                                                                                                                                                                                                                                                                                                                                                                                                                                                                                                                                                                                                                                                                                                                                                                                                                                                                                                                                                                                                                                                                                                                                                                                                                                                                                                                                                                                                                                                                                                                                                                                                                