上	38661	0.00435937604125897	0.121436378379091
中	36019	0.00406146673986982	0.125497845118961
元	28500	0.00321363175230544	0.161747611284967
人	26596	0.00299893859944967	0.164746549884416
不	24293	0.00273925460206162	0.181474348847733
省	24150	0.00272313006379566	0.184197478911528
说	22480	0.00253482251901145	0.189351129411147
年	18437	0.00207893784621949	0.200492621557876
已	17062	0.00192389420904686	0.210380008008145
大	16458	0.00185578776769975	0.212235795775845
两	16326	0.00184090357853118	0.215926285376589
都	16181	0.00182455352224752	0.217750838898836
后	15845	0.00178666649527297	0.219537505394109
下	14716	0.00165936157427814	0.226313419754093
好	13891	0.00156633539197456	0.240740258382758
新	13879	0.00156498228386832	0.242305240666627
出	13789	0.00155483397307157	0.243860074639698
使	13491	0.00152123178843343	0.248451959757212
名	12087	0.00136291814000407	0.254158242159218
时	11615	0.00130969588782553	0.259490164651832
县	10835	0.00122174386092033	0.269513087430742
里	10722	0.00120900209291996	0.271936278530989
次	10639	0.00119964309518518	0.273135921626174
会	10538	0.00118825443529104	0.274324176061465
家	10384	0.00117088954792771	0.277853645797567
厂	9802	0.00110526380477537	0.283505127321271
做	9341	0.00105328190169422	0.287843755704901
位	8965	0.00101088451436555	0.294063655392232
作	8508	0.000959353647319814	0.301946524942123
种	8499	0.000958338816240139	0.302904863758364
去	8238	0.000928908714929552	0.310437165549732
天	7827	0.000882564762291042	0.315837307242703
村	7566	0.000853134660980455	0.3219179495541
条	7554	0.000851781552874221	0.322769731106974
达	7277	0.00082054730742199	0.331163737243996
内	6491	0.000731918726463671	0.34949790104743
小	6307	0.000711171068834752	0.353089049961374
党	6266	0.000706547949471786	0.353795597910846
亩	6183	0.000697188951737002	0.355197756185931
市	6179	0.000696737915701591	0.355894494101632
电	6082	0.000685800291842867	0.357970161936595
项	5786	0.000652423625222431	0.369296466098835
前	5722	0.000645207048655851	0.371890599856503
办	5680	0.000640471170284032	0.372531071026787
看	5648	0.000636862882000742	0.374446959346205
更	5478	0.000617693850495762	0.378810732988809
却	5276	0.000594916530707492	0.381202464325587
外	5251	0.000592097555486171	0.381794561881073
户	5241	0.000590969965397643	0.38238553184647
区	5099	0.000574958186140542	0.387055333439101
乡	5097	0.000574732668122836	0.388204798775347
很	5051	0.000569545753715607	0.388774344529063
占	5039	0.000568192645609373	0.390479824537961
高	5037	0.000567967127591667	0.391047791665553
万	5035	0.000567741609573961	0.391615533275127
应	4990	0.000562667454175585	0.392742221291584
抓	4925	0.000555338118600151	0.397211424607466
走	4898	0.000552293625361125	0.398317928761339
最	4740	0.000534477701962379	0.402106293181767
成	4732	0.000533575629891556	0.402639868811659
近	4584	0.000516887296581339	0.40737743856861
吨	4539	0.000511813141182962	0.409435064962156
部	4470	0.000504032769572117	0.41146540367556
再	4470	0.000504032769572117	0.411969436445132
岁	4455	0.000502341384439324	0.41297423197302
届	4359	0.000491516519589454	0.416440331146147
余	4329	0.000488133749323869	0.417416711403803
只	4272	0.000481706485819258	0.418871302618005
报	4270	0.000481480967801552	0.419352783585806
便	4262	0.00048057889573073	0.419833362481537
镇	4180	0.000471332657004798	0.422689322657761
共	4151	0.000468062645748066	0.425037980053157
点	4125	0.000465130911517893	0.425970271538352
钱	4116	0.000464116080438218	0.426898954735264
局	4069	0.000458816407022135	0.428738279687671
无	4046	0.00045622294981852	0.430569937027476
日	3993	0.00045024672234932	0.433285737755696
全	3962	0.000446751193074883	0.434630163418249
才	3862	0.000435475292189601	0.437273347344768
仅	3846	0.000433671148047956	0.438141366194917
处	3844	0.00043344563003025	0.438574811824947
水	3754	0.000423297319233496	0.442847476188398
批	3665	0.000413261767445595	0.445343847885391
山	3650	0.000411570382312802	0.445755418267703
路	3637	0.000410104515197716	0.44657652937017
长	3633	0.000409653479162304	0.446986182849332
月	3532	0.000398264819268169	0.451421107426522
事	3469	0.000391161001710441	0.452207827031289
分	3463	0.000390484447657324	0.452598311478946
带	3426	0.00038631236432977	0.454152243379947
场	3347	0.000377404402630397	0.458354095085838
米	3308	0.000373006801285137	0.460603186276417
级	3307	0.000372894042276284	0.461349087119978
车	3292	0.000371202657143492	0.462836942241791
想	3277	0.000369511272010699	0.463576641339866
台	3272	0.000368947476966435	0.464314649052807
曾	3251	0.000366579537780526	0.466153522969179
正	3238	0.000365113670665439	0.467250442607299
总	3147	0.000354852600859833	0.470116663853329
搞	3139	0.00035395052878901	0.470824790428925
进	3130	0.000352935697709335	0.471884499594124
老	3076	0.000346846711231282	0.473629332497113
件	3074	0.000346621193213577	0.474669196076753
未	3031	0.000341772555832905	0.47776273948463
数	2927	0.000330045618912212	0.482798556819998
站	2879	0.000324633186487276	0.48410757615377
找	2878	0.000324520427478423	0.484432096581248
女	2778	0.000313244526593141	0.490163073206193
百	2760	0.00031121486443379	0.491722192021601
花	2753	0.00031042555137182	0.492965811130239
手	2746	0.000309636238309851	0.494204919878523
组	2745	0.000309523479300998	0.494514443357824
见	2734	0.000308283130203617	0.495749492781789
行	2727	0.000307493817141647	0.49605698659893
没	2713	0.000305915191017708	0.497283015302187
开	2669	0.000300953794628183	0.500317247471408
受	2667	0.000300728276610478	0.500617975748018
方	2646	0.000298360337424568	0.50271337640953
非	2622	0.000295654121212101	0.503903096711936
头	2622	0.000295654121212101	0.504198750833148
吃	2597	0.00029283514599078	0.506258632406872
建	2595	0.000292609627973075	0.506551242034845
写	2587	0.000291707555902252	0.506842949590747
学	2585	0.000291482037884546	0.507134431628631
均	2578	0.000290692724822577	0.508589248360851
道	2549	0.000287422713565845	0.511473285530279
书	2529	0.000285167533388788	0.51376048926585
国	2526	0.00028482925636223	0.514330147778574
委	2521	0.000284265461317966	0.514614413239892
片	2518	0.000283927184291407	0.514898340424184
仍	2511	0.000283137871229437	0.515464616166643
号	2475	0.000279078546910736	0.517145063675576
图	2467	0.000278176474839913	0.517702205938318
买	2439	0.000275019222592034	0.519361905789623
放	2424	0.000273327837459242	0.520183355169115
州	2414	0.000272200247370714	0.520728206699892
获	2406	0.000271298175299891	0.522087516551613
美	2385	0.000268930236113982	0.523706510400722
讲	2354	0.000265434706839544	0.525039998439416
话	2331	0.000262841249635929	0.525830890127509
干	2308	0.000260247792432314	0.526877180970655
住	2303	0.00025968399738805	0.527136864968043
段	2273	0.000256301227122466	0.528680648558247
份	2246	0.000253256733883439	0.529953585009186
军	2232	0.0002516781077595	0.530710423476606
接	2221	0.000250437758662119	0.531966333317209
少	2220	0.000250324999653266	0.532216658316862
线	2212	0.000249422927582443	0.532716406244098
双	2190	0.000246942229387681	0.534451203595299
快	2188	0.000246716711369976	0.534944749777047
校	2159	0.000243446700113244	0.536902809965777
请	2158	0.000243333941104391	0.537146143906881
重	2155	0.000242995664077833	0.537389139570959
门	2117	0.000238710821741425	0.539070940187999
入	2109	0.000237808749670603	0.539308748937669
心	2108	0.00023769599066175	0.539546444928331
送	2085	0.000235102533458135	0.540726355196967
贵	2078	0.000234313220396165	0.541429971412209
座	2062	0.00023250907625452	0.543064638763548
面	2031	0.000229013546980083	0.545368079796394
爱	2022	0.000227998715900407	0.546967453577962
相	2006	0.000226194571758762	0.547646826606301
队	2001	0.000225630776714498	0.547872457383015
间	1985	0.000223826632572853	0.54877137220159
问	1973	0.000222473524466619	0.549663070443598
块	1947	0.000219541790236446	0.551433386882587
回	1921	0.000216610056006272	0.553388853614113
烟	1919	0.000216384537988566	0.553605238152101
原	1914	0.000215820742944302	0.553821058895045
发	1874	0.000211310382590189	0.557026120962678
班	1869	0.000210746587545925	0.557658586243333
城	1863	0.000210070033492808	0.558078839069328
太	1851	0.000208716925386575	0.558915961951051
酒	1851	0.000208716925386575	0.559124678876438
交	1828	0.00020612346818296	0.562230061980245
低	1824	0.000205672432147548	0.562641857880575
身	1818	0.000204995878094431	0.563462743465024
张	1812	0.000204319324041314	0.563871720390133
转	1809	0.000203981047014756	0.564075701437148
声	1809	0.000203981047014756	0.564483663531177
真	1793	0.000202176902873111	0.565092449419974
难	1778	0.000200485517740318	0.566099049092003
先	1773	0.000199921722696054	0.567099559777554
支	1755	0.000197892060536704	0.569089981801824
机	1731	0.000195185844324236	0.571249655098382
版	1724	0.000194396531262266	0.572028594331537
代	1722	0.00019417101324456	0.57261122013028
口	1721	0.000194058254235708	0.572805278384515
金	1719	0.000193832736218002	0.57319305661596
生	1711	0.000192930664147179	0.574159063044802
辆	1699	0.000191577556040946	0.575699238346723
强	1682	0.000189660652890448	0.577417009087587
类	1677	0.000189096857846183	0.57836328268988
海	1661	0.000187292713704538	0.579114595965866
字	1661	0.000187292713704538	0.579301888679571
收	1640	0.000184924774518629	0.580045647101964
黔	1629	0.000183684425421248	0.580413805265869
越	1629	0.000183684425421248	0.58059748969129
早	1627	0.000183458907403542	0.580780948598693
制	1625	0.000183233389385837	0.580964181988079
听	1619	0.00018255683533272	0.582061665421244
约	1596	0.000179963378129105	0.583329865993812
加	1552	0.000175001981739581	0.585811127983618
现	1550	0.000174776463721875	0.586160793670071
改	1549	0.000174663704713022	0.586859786765949
病	1544	0.000174099909668758	0.587557088476695
案	1498	0.000168912995261528	0.591146771523525
株	1490	0.000168010923190706	0.591987502693531
卖	1471	0.000165868502022502	0.593990666485802
院	1471	0.000165868502022502	0.594156534987824
红	1468	0.000165530224995944	0.594819219682853
期	1466	0.000165304706978238	0.594984524389831
厅	1422	0.000160343310588714	0.597909154802446
权	1412	0.000159215720500185	0.599027273134231
税	1412	0.000159215720500185	0.599186488854731
创	1400	0.000157862612393952	0.600453223560184
林	1400	0.000157862612393952	0.600611086172578
法	1363	0.000153690529066397	0.603104638894349
设	1362	0.000153577770057544	0.603258216664407
刚	1354	0.000152675697986722	0.604023963093526
称	1348	0.000151999143933605	0.604328637935446
桥	1342	0.000151322589880488	0.604783169500132
套	1337	0.000150758794836224	0.605688849859238
读	1330	0.000149969481774254	0.606289517099397
坐	1329	0.000149856722765401	0.606589230544927
农	1324	0.000149292927721137	0.607187980881936
粮	1322	0.000149067409703431	0.607486228460352
活	1322	0.000149067409703431	0.607635295870055
句	1320	0.000148841891685726	0.607933092412435
步	1319	0.000148729132676873	0.608379392569475
跑	1316	0.000148390855650314	0.608676287039784
系	1310	0.000147714301597198	0.609120332016647
筑	1309	0.000147601542588345	0.609267933559235
团	1295	0.000146022916464405	0.610589018106954
副	1294	0.000145910157455552	0.61073492826441
乱	1289	0.000145346362411288	0.611608585065002
楼	1286	0.00014500808538473	0.612043834839174
工	1284	0.000144782567367024	0.612333399973908
药	1268	0.000142978423225379	0.614203057099696
需	1268	0.000142978423225379	0.614346035522922
社	1263	0.000142414628181115	0.61520131260507
情	1260	0.000142076351154556	0.61577052008176
挂	1243	0.000140159448004058	0.617463934876711
寨	1241	0.000139933929986353	0.617603868806698
华	1238	0.000139595652959794	0.617743464459657
派	1237	0.000139482893950941	0.617882947353608
石	1235	0.000139257375933236	0.618161462105475
包	1231	0.000138806339897825	0.618578332161204
满	1228	0.000138468062871266	0.619132880966742
拉	1222	0.000137791508818149	0.619822740582903
子	1213	0.000136776677738474	0.620645092034467
极	1210	0.000136438400711915	0.620781530435179
属	1200	0.000135310810623387	0.621867737967458
产	1185	0.000133619425490595	0.623610992244322
黄	1180	0.000133055630446331	0.624277059709616
款	1175	0.000132491835402067	0.625340038886072
超	1174	0.000132379076393214	0.625604797038858
江	1158	0.000130574932251569	0.627445700617389
房	1158	0.000130574932251569	0.627576275549641
猪	1156	0.000130349414233863	0.627706624963875
指	1153	0.000130011137207304	0.628226895030722
科	1150	0.000129672860180746	0.628356567890902
远	1148	0.00012944734216304	0.628745248194418
文	1143	0.000128883547118776	0.629132237112801
增	1139	0.000128432511083365	0.629646756470197
定	1138	0.000128319752074512	0.629903508733354
选	1136	0.000128094234056806	0.630159922719486
主	1134	0.000127868716039101	0.630543979903638
抗	1134	0.000127868716039101	0.630799717335717
篇	1132	0.000127643198021395	0.631055116490768
关	1128	0.000127192161985984	0.631819171534755
儿	1116	0.00012583905387975	0.632577024833255
帐	1107	0.000124824222800075	0.633076998278508
深	1098	0.000123809391720399	0.634070743423528
菜	1098	0.000123809391720399	0.634194552815249
室	1090	0.000122907319649577	0.635673274457344
光	1089	0.000122794560640724	0.635796069017985
王	1089	0.000122794560640724	0.635918863578625
奔	1087	0.000122569042623018	0.636164227181889
溪	1079	0.000121666970552196	0.637507638013362
差	1075	0.000121215934516784	0.638235948451542
旧	1072	0.000120877657490226	0.638599257978065
实	1067	0.000120313862445962	0.639322381501839
牌	1063	0.00011986282641055	0.640162887153828
完	1062	0.000119750067401698	0.640402387288631
修	1058	0.000119299031366286	0.640521686319997
矿	1056	0.000119073513348581	0.641236465677115
京	1044	0.000117720405242347	0.642537930157295
谈	1043	0.000117607646233494	0.642773145449762
飞	1041	0.000117382128215788	0.643243012239651
铁	1039	0.000117156610198083	0.643360168849849
土	1038	0.00011704385118923	0.643477212701039
树	1033	0.000116480056144966	0.644294038961168
卡	1032	0.000116367297136113	0.644526773555441
假	1024	0.00011546522506529	0.644989311009755
商	1020	0.000115014189029879	0.645795763441071
民	1019	0.000114901430021026	0.646255369161155
田	1012	0.000114112116959056	0.646941846007051
层	1011	0.000113999357950204	0.647284069598919
龙	1010	0.000113886598941351	0.647511842796802
价	1008	0.000113661080923645	0.647853051557591
调	1008	0.000113661080923645	0.647966712638515
南	1006	0.000113435562905939	0.648193809282344
变	1004	0.000113210044888234	0.64842034213113
运	1004	0.000113210044888234	0.648646762220906
马	1002	0.000112984526870528	0.648986054078544
防	997	0.000112420731826264	0.649324218346094
信	996	0.000112307972817411	0.649436526318911
保	989	0.000111518659755441	0.650331494572176
群	983	0.000110842105702325	0.65166486985186
驻	983	0.000110842105702325	0.651775711957562
节	983	0.000110842105702325	0.651997396168967
油	976	0.000110052792640355	0.65265962982796
风	974	0.000109827274622649	0.653099164444468
河	970	0.000109376238587238	0.65353734595287
落	969	0.000109263479578385	0.653646609432448
死	969	0.000109263479578385	0.653865136391605
求	963	0.000108586925525268	0.654734959385896
街	959	0.000108135889489857	0.655276879182442
明	958	0.000108023130481004	0.655384902312923
西	957	0.000107910371472151	0.655492812684396
清	957	0.000107910371472151	0.655600723055868
牛	955	0.000107684853454446	0.656139372841158
证	953	0.00010745933543674	0.656569548459931
引	951	0.000107233817419034	0.656784016094769
富	951	0.000107233817419034	0.656891249912188
言	948	0.000106895540392476	0.657426404168204
煤	948	0.000106895540392476	0.657533299708596
查	944	0.000106444504357064	0.657959979798095
笔	941	0.000106106227330506	0.658172305011765
穿	941	0.000106106227330506	0.658278411239096
教	940	0.000105993468321653	0.658384404707417
治	940	0.000105993468321653	0.658490398175739
提	932	0.000105091396250831	0.659756681845156
反	926	0.000104414842197714	0.660700249231237
俄	924	0.000104189324180008	0.66153444037873
排	917	0.000103400011118038	0.6620524552654
养	909	0.000102497939047216	0.663596577132631
苗	893	0.000100693794905571	0.664713342356309
坡	892	0.000100581035896718	0.664813923392206
赴	890	0.000100355517879012	0.664914278910085
北	886	9.99044818436008e-005	0.665615076150105
帮	884	9.96789638258951e-005	0.665714755113931
量	883	9.95662048170423e-005	0.665914000282574
首	881	9.93406867993367e-005	0.666311588547789
推	876	9.87768917550726e-005	0.666707147150845
摆	870	9.81003377019556e-005	0.667100901609759
半	870	9.81003377019556e-005	0.667199001947461
竟	869	9.79875786931028e-005	0.667394977104847
画	860	9.69727476134274e-005	0.668662050087326
常	855	9.64089525691633e-005	0.669629184106256
换	854	9.62961935603105e-005	0.669821889252386
番	854	9.62961935603105e-005	0.669918185445946
留	853	9.61834345514576e-005	0.6702067357496
笑	851	9.5957916533752e-005	0.670591243969788
直	847	9.55068804983407e-005	0.671261145241383
今	841	9.48303264452238e-005	0.672308563674617
云	839	9.46048084275181e-005	0.672781700475763
东	838	9.44920494186653e-005	0.673254273481865
些	837	9.43792904098125e-005	0.673631790643505
气	833	9.39282543744012e-005	0.674761184876174
力	829	9.34772183389899e-005	0.675042405844253
集	822	9.26879052770201e-005	0.675880318039039
物	822	9.26879052770201e-005	0.676065693849593
热	821	9.25751462681673e-005	0.676436107193674
令	818	9.22368692416088e-005	0.676898080852945
知	818	9.22368692416088e-005	0.677082554591428
业	817	9.2124110232756e-005	0.677266802811893
通	817	9.2124110232756e-005	0.677358926922126
兼	813	9.16730741973447e-005	0.677818081606175
洞	813	9.16730741973447e-005	0.678093100828767
凡	811	9.14475561796391e-005	0.678459229330512
投	806	9.0883761135375e-005	0.679188329081755
动	806	9.0883761135375e-005	0.679370096604025
德	805	9.07710021265221e-005	0.679460867606152
左	805	9.07710021265221e-005	0.679551638608278
立	805	9.07710021265221e-005	0.679642409610405
盘	798	8.99816890645524e-005	0.680364631062107
计	796	8.97561710468467e-005	0.680634125093266
歌	795	8.96434120379939e-005	0.68081352467635
销	793	8.94178940202883e-005	0.681171421770449
易	789	8.8966857984877e-005	0.682063007253449
瓦	788	8.88540989760242e-005	0.682151861352425
唱	788	8.88540989760242e-005	0.682240715451401
克	783	8.829030393176e-005	0.683037696125973
特	780	8.79520269052016e-005	0.683566535877493
担	780	8.79520269052016e-005	0.683654487904398
白	778	8.77265088874959e-005	0.68409357148487
供	777	8.76137498786431e-005	0.684268911743637
木	775	8.73882318609375e-005	0.684618915707116
装	773	8.71627138432318e-005	0.685055180312367
脸	772	8.7049954834379e-005	0.685577931077409
缺	770	8.68244368166734e-005	0.685925567101702
股	767	8.64861597901149e-005	0.686185476617108
肉	765	8.62606417724092e-005	0.686617230862005
诗	763	8.60351237547036e-005	0.687306075647087
幅	761	8.5809605736998e-005	0.687563729982316
脚	760	8.56968467281451e-005	0.687821046040518
忙	755	8.5133051683881e-005	0.68807734726764
度	755	8.5133051683881e-005	0.688247613371008
独	752	8.47947746573226e-005	0.68901211945103
化	752	8.47947746573226e-005	0.689096914225687
联	749	8.44564976307641e-005	0.689604329765525
雪	749	8.44564976307641e-005	0.689688786263155
货	743	8.37799435776472e-005	0.690528840879109
购	741	8.35544255599415e-005	0.690779842432815
广	736	8.29906305156774e-005	0.69211118805034
检	732	8.25395944802661e-005	0.692525351889857
坝	725	8.17502814182963e-005	0.693755778194459
茶	722	8.14120043917379e-005	0.694490403137135
紧	722	8.14120043917379e-005	0.694653227145918
黑	718	8.09609683563266e-005	0.695302042482858
苦	717	8.08482093474738e-005	0.695706509047613
争	716	8.07354503386209e-005	0.695948715398628
穷	711	8.01716552943568e-005	0.696430872920483
资	710	8.0058896285504e-005	0.696671275127357
周	710	8.0058896285504e-005	0.696751334023643
居	708	7.98333782677984e-005	0.696831167401911
根	704	7.93823422323871e-005	0.697149486083902
店	704	7.93823422323871e-005	0.697228868426135
兴	702	7.91568242146814e-005	0.697783529990682
补	701	7.90440652058286e-005	0.697941730880102
倒	699	7.8818547188123e-005	0.698415205958275
伤	697	7.85930291704173e-005	0.698730029110993
春	693	7.8141993135006e-005	0.699435449470376
夜	692	7.80292341261532e-005	0.699513478704502
杯	688	7.75781980907419e-005	0.700057766440235
票	688	7.75781980907419e-005	0.700212922836416
列	686	7.73526800730363e-005	0.700677828229917
访	685	7.72399210641834e-005	0.700986787914174
草	676	7.6225089984508e-005	0.702211237991307
羊	676	7.6225089984508e-005	0.702363688171276
拨	674	7.59995719668024e-005	0.702820023880103
具	669	7.54357769225383e-005	0.703349991221712
准	667	7.52102589048326e-005	0.703801703811176
含	666	7.50974998959798e-005	0.703951898810968
尚	664	7.48719818782742e-005	0.704476679238169
古	663	7.47592228694213e-005	0.704775941647664
算	663	7.47592228694213e-005	0.704925460093403
安	660	7.44209458428629e-005	0.70537300059954
竹	659	7.43081868340101e-005	0.705744992569745
课	658	7.41954278251572e-005	0.706190503413723
架	657	7.40826688163044e-005	0.706338668751355
单	656	7.39699098074516e-005	0.70648660857097
岩	655	7.38571507985988e-005	0.706634322872567
磷	654	7.37443917897459e-005	0.706855781565954
翻	654	7.37443917897459e-005	0.707077014741323
宽	649	7.31805967454818e-005	0.707591083062683
短	645	7.27295607100705e-005	0.708393588928688
巴	643	7.25040426923649e-005	0.708829515256913
展	641	7.22785246746593e-005	0.709335915965671
韵	640	7.21657656658064e-005	0.709408081731337
右	640	7.21657656658064e-005	0.709480247497003
喝	638	7.19402476481008e-005	0.709696406516974
急	636	7.17147296303951e-005	0.710055318442152
背	633	7.13764526038367e-005	0.710699172382702
怕	631	7.1150934586131e-005	0.710841587010883
青	629	7.09254165684254e-005	0.711125739713192
角	628	7.08126575595726e-005	0.711338177685871
硬	628	7.08126575595726e-005	0.71140899034343
轮	628	7.08126575595726e-005	0.71147980300099
肥	627	7.06998985507197e-005	0.711621202798091
师	621	7.00233444976028e-005	0.712395067875848
体	621	7.00233444976028e-005	0.712745184598336
献	620	6.991058548875e-005	0.712885005769314
园	618	6.96850674710443e-005	0.713233882142704
李	614	6.9234031435633e-005	0.713998275463718
感	612	6.90085134179274e-005	0.714205526521989
鱼	612	6.90085134179274e-005	0.714481560575661
眼	610	6.87829954002218e-005	0.714894709584098
促	610	6.87829954002218e-005	0.714963492579498
封	610	6.87829954002218e-005	0.715032275574898
掉	609	6.86702363913689e-005	0.71516972880669
取	606	6.83319593648105e-005	0.715717399312688
世	605	6.82192003559576e-005	0.7158538377134
战	605	6.82192003559576e-005	0.716058495314468
专	605	6.82192003559576e-005	0.716126714514823
持	600	6.76554053116935e-005	0.716805974784153
优	598	6.74298872939879e-005	0.71741374584187
史	597	6.73171282851351e-005	0.717750669760322
初	594	6.69788512585766e-005	0.718422487935067
领	594	6.69788512585766e-005	0.718556445637584
鸡	590	6.65278152231653e-005	0.718956627360003
平	590	6.65278152231653e-005	0.71908968299045
存	587	6.61895381966068e-005	0.719554362865932
患	586	6.6076779187754e-005	0.71981900825971
医	579	6.52874661257843e-005	0.720934984170326
结	576	6.49491890992258e-005	0.721586054687443
雨	567	6.39343580195504e-005	0.72287398808656
香	566	6.38215990106976e-005	0.723448946272701
懂	566	6.38215990106976e-005	0.723576589470722
火	564	6.35960809929919e-005	0.723894682634696
愿	564	6.35960809929919e-005	0.723958278715689
顶	562	6.33705629752863e-005	0.724212099244617
利	560	6.31450449575806e-005	0.724528613782467
瓶	559	6.30322859487278e-005	0.724717823399322
杂	558	6.2919526939875e-005	0.724906581980142
压	555	6.25812499133165e-005	0.725784072587034
讯	555	6.25812499133165e-005	0.725909235086861
果	555	6.25812499133165e-005	0.725971816336774
麻	554	6.24684909044637e-005	0.726284158791296
般	549	6.19046958601996e-005	0.727279144285413
跨	548	6.17919368513467e-005	0.727650121424539
饭	548	6.17919368513467e-005	0.727773705298241
网	547	6.16791778424939e-005	0.727835384476084
梯	547	6.16791778424939e-005	0.727958742831769
刀	541	6.1002623789377e-005	0.729184207739981
质	540	6.08898647805242e-005	0.729610775070471
床	539	6.07771057716714e-005	0.72997555046411
神	538	6.06643467628185e-005	0.73021832061017
型	534	6.02133107274072e-005	0.731063900417557
严	533	6.01005517185544e-005	0.731304640901458
职	533	6.01005517185544e-005	0.731545043108332
畜	531	5.98750337008488e-005	0.732024832691
忘	531	5.98750337008488e-005	0.732084707724701
英	531	5.98750337008488e-005	0.732144582758402
答	531	5.98750337008488e-005	0.732204457792103
观	528	5.95367566742903e-005	0.732622117160894
题	528	5.95367566742903e-005	0.732681653917568
品	528	5.95367566742903e-005	0.732741190674242
乐	527	5.94239976654375e-005	0.732860151428582
喜	525	5.91984796477318e-005	0.733275442858187
冠	525	5.91984796477318e-005	0.733334641337835
冬	523	5.89729616300262e-005	0.733748241382307
精	523	5.89729616300262e-005	0.733807214343937
锌	523	5.89729616300262e-005	0.733866187305567
抱	522	5.88602026211734e-005	0.734219912316338
流	522	5.88602026211734e-005	0.73433763272158
似	522	5.88602026211734e-005	0.734455353126823
式	521	5.87474436123205e-005	0.734572960773056
血	521	5.87474436123205e-005	0.734866697991118
距	521	5.87474436123205e-005	0.73492544543473
亦	520	5.86346846034677e-005	0.735042714803937
斯	520	5.86346846034677e-005	0.73510134948854
屋	519	5.85219255946149e-005	0.735335549949928
墙	517	5.82964075769093e-005	0.735568848339244
试	516	5.81836485680564e-005	0.735743399284948
奖	516	5.81836485680564e-005	0.735859766582084
颗	512	5.77326125326451e-005	0.736265022459901
值	512	5.77326125326451e-005	0.736380487684967
枚	512	5.77326125326451e-005	0.736611418135097
梦	510	5.75070945149395e-005	0.73678416493666
跳	509	5.73943355060867e-005	0.736956573461196
秋	509	5.73943355060867e-005	0.73718615080322
纳	507	5.7168817488381e-005	0.737586896320683
兵	506	5.70560584795282e-005	0.737872402131098
传	504	5.68305404618226e-005	0.738157005869443
玩	503	5.67177814529697e-005	0.738327384731819
湖	503	5.67177814529697e-005	0.738384102513272
纸	502	5.66050224441169e-005	0.738610748121067
负	500	5.63795044264113e-005	0.73894947618366
停	500	5.63795044264113e-005	0.739062235192513
考	500	5.63795044264113e-005	0.73911861469694
斤	499	5.62667454175584e-005	0.739287527692201
欠	499	5.62667454175584e-005	0.739456327928454
记	498	5.61539864087056e-005	0.73956874866028
公	497	5.60412273998528e-005	0.739849293074306
铝	497	5.60412273998528e-005	0.739905334301706
游	497	5.60412273998528e-005	0.739961375529106
载	496	5.5928468391e-005	0.740296946339452
表	495	5.58157093821472e-005	0.740464506226607
境	495	5.58157093821472e-005	0.740576137645371
退	493	5.55901913644415e-005	0.741188982858487
拍	488	5.50263963201774e-005	0.742514239489534
烧	487	5.49136373113246e-005	0.742624066764157
率	486	5.48008783024718e-005	0.742733668520762
寄	485	5.46881192936189e-005	0.743116823632843
例	481	5.42370832582076e-005	0.743443824758517
杀	481	5.42370832582076e-005	0.743552298925033
偏	480	5.41243242493548e-005	0.74371478465679
踏	479	5.4011565240502e-005	0.74414732821475
空	479	5.4011565240502e-005	0.74420133977999
卷	476	5.36732882139435e-005	0.745008243247341
布	475	5.35605292050907e-005	0.745222710882179
哭	467	5.26584571342681e-005	0.746659147895956
配	467	5.26584571342681e-005	0.746764464810224
语	464	5.23201801077097e-005	0.747657516160339
抢	464	5.23201801077097e-005	0.747709836340447
男	463	5.22074210988568e-005	0.748023644662084
福	463	5.22074210988568e-005	0.74823247434648
叶	463	5.22074210988568e-005	0.748284681767579
足	462	5.2094662090004e-005	0.748388871091759
订	462	5.2094662090004e-005	0.748440965753849
额	458	5.16436260545927e-005	0.749218551878898
费	454	5.11925900191814e-005	0.749989823499452
扣	452	5.09670720014758e-005	0.750398574906543
敢	452	5.09670720014758e-005	0.750449541978545
喊	452	5.09670720014758e-005	0.750551476122548
破	452	5.09670720014758e-005	0.750602443194549
钢	452	5.09670720014758e-005	0.750704377338552
银	450	5.07415539837701e-005	0.751060132011483
晚	450	5.07415539837701e-005	0.751212356673435
呈	450	5.07415539837701e-005	0.751364581335386
戏	449	5.06287949749173e-005	0.751668354105236
须	448	5.05160359660645e-005	0.752022079116007
阳	447	5.04032769572117e-005	0.752223917741854
犯	447	5.04032769572117e-005	0.752274321018811
轻	445	5.0177758939506e-005	0.752475370331596
合	444	5.00649999306532e-005	0.752575500331457
藏	444	5.00649999306532e-005	0.752725695331249
栽	443	4.99522409218004e-005	0.752775647572171
册	441	4.97267229040947e-005	0.753423673596047
库	440	4.96139638952419e-005	0.753721470138428
源	439	4.95012048863891e-005	0.753770971343314
印	436	4.91629278598306e-005	0.754560848200328
育	434	4.8937409842125e-005	0.75500196144296
素	433	4.88246508332722e-005	0.755148548154468
挖	433	4.88246508332722e-005	0.755246197456135
序	433	4.88246508332722e-005	0.755295022106968
势	432	4.87118918244193e-005	0.755489982433274
抵	432	4.87118918244193e-005	0.755538694325099
闯	432	4.87118918244193e-005	0.755636118108748
遭	432	4.87118918244193e-005	0.755733541892397
企	431	4.85991328155665e-005	0.755976650315483
沟	430	4.84863738067137e-005	0.756219082184517
降	428	4.8260855789008e-005	0.756509211114295
亮	428	4.8260855789008e-005	0.756557471970084
馨	428	4.8260855789008e-005	0.756653993681662
评	426	4.80353377713024e-005	0.756798325212993
官	425	4.79225787624496e-005	0.757374185471205
状	424	4.78098197535968e-005	0.757613234569973
继	422	4.75843017358911e-005	0.757899416934441
遍	422	4.75843017358911e-005	0.757947001236177
钩	420	4.73587837181855e-005	0.758231830492539
止	420	4.73587837181855e-005	0.758279189276257
馆	420	4.73587837181855e-005	0.758373906843694
累	420	4.73587837181855e-005	0.758515983194848
川	419	4.72460247093326e-005	0.75889417691054
断	418	4.71332657004798e-005	0.75908293549136
欲	418	4.71332657004798e-005	0.759224335288461
环	417	4.7020506691627e-005	0.759459663339937
桔	415	4.67949886739214e-005	0.759881945828091
核	415	4.67949886739214e-005	0.760022330794112
侗	415	4.67949886739214e-005	0.760069125782786
升	414	4.66822296650685e-005	0.760162490242116
绿	414	4.66822296650685e-005	0.760349219160777
俩	413	4.65694706562157e-005	0.760395788631433
久	413	4.65694706562157e-005	0.760442358102089
色	411	4.63439526385101e-005	0.76090715073658
曲	410	4.62311936296572e-005	0.761231445646041
划	408	4.60056756119516e-005	0.761693081028285
解	408	4.60056756119516e-005	0.761785092379509
旁	407	4.58929166030988e-005	0.761922996647336
菌	406	4.5780157594246e-005	0.762152235712333
致	404	4.55546395765403e-005	0.762609135216205
籽	402	4.53291215588347e-005	0.763154550542026
拖	400	4.5103603541129e-005	0.763832908739285
尔	400	4.5103603541129e-005	0.764013323153449
港	399	4.49908445322762e-005	0.764058313997981
孤	399	4.49908445322762e-005	0.764328259065175
寻	398	4.48780855234234e-005	0.764507996925286
盖	397	4.47653265145706e-005	0.764687396508371
贴	397	4.47653265145706e-005	0.764866457814429
箱	397	4.47653265145706e-005	0.764955988467458
毛	395	4.45398084968649e-005	0.765313096248495
唯	395	4.45398084968649e-005	0.765402175865489
理	395	4.45398084968649e-005	0.765446715673986
遇	394	4.44270494880121e-005	0.765847122914422
迎	393	4.43142904791593e-005	0.766157322947776
食	392	4.42015314703064e-005	0.766201524479247
吹	392	4.42015314703064e-005	0.766422532136598
净	392	4.42015314703064e-005	0.766466733668069
柑	390	4.39760134526008e-005	0.766951710165144
招	390	4.39760134526008e-005	0.767171590232408
顿	390	4.39760134526008e-005	0.76721556624586
响	390	4.39760134526008e-005	0.767259542259313
磋	389	4.3863254443748e-005	0.7673472687682
味	389	4.3863254443748e-005	0.767391132022644
功	389	4.3863254443748e-005	0.767434995277088
章	387	4.36377364260423e-005	0.768003751717741
衣	386	4.35249774171895e-005	0.76843933976894
志	386	4.35249774171895e-005	0.768482864746357
底	386	4.35249774171895e-005	0.768569914701191
板	383	4.3186700390631e-005	0.769349643247409
砖	382	4.30739413817782e-005	0.769780833697262
粉	381	4.29611823729254e-005	0.769823794879635
船	381	4.29611823729254e-005	0.769909717244381
挤	381	4.29611823729254e-005	0.770081561973872
井	381	4.29611823729254e-005	0.770167484338618
颇	380	4.28484233640726e-005	0.770210332761982
毁	380	4.28484233640726e-005	0.770338878032075
舞	379	4.27356643552197e-005	0.770509820689495
球	379	4.27356643552197e-005	0.770595292018206
塞	378	4.26229053463669e-005	0.771064482254043
灯	377	4.25101463375141e-005	0.771362504314441
丝	376	4.23973873286613e-005	0.771702134449105
挑	376	4.23973873286613e-005	0.771786929223763
政	375	4.22846283198085e-005	0.772040636993682
松	374	4.21718693109556e-005	0.772167152601615
洗	373	4.20591103021028e-005	0.772293329932521
罚	372	4.194635129325e-005	0.772503399966014
齐	370	4.17208332755443e-005	0.772838406981316
睡	369	4.16080742666915e-005	0.773046898388685
付	369	4.16080742666915e-005	0.773171722611485
爬	367	4.13825562489859e-005	0.773503685133548
腿	367	4.13825562489859e-005	0.773834745583539
圈	366	4.1269797240133e-005	0.77391728517802
星	366	4.1269797240133e-005	0.774206173758701
标	365	4.11570382312802e-005	0.774371027429644
员	365	4.11570382312802e-005	0.774535655582569
罗	365	4.11570382312802e-005	0.774700283735494
皆	365	4.11570382312802e-005	0.774741440773725
鞋	364	4.10442792224274e-005	0.775029314523326
思	363	4.09315202135746e-005	0.775275241921634
形	363	4.09315202135746e-005	0.775316173441848
搬	363	4.09315202135746e-005	0.775398036482275
佳	362	4.08187612047218e-005	0.775643061808513
视	361	4.07060021958689e-005	0.7757651798151
禽	361	4.07060021958689e-005	0.775846591819492
塔	361	4.07060021958689e-005	0.775968709826079
陈	360	4.05932431870161e-005	0.776253313564424
客	360	4.05932431870161e-005	0.776456279780359
暨	359	4.04804841781633e-005	0.776577946750912
众	359	4.04804841781633e-005	0.776699388203446
添	358	4.03677251693105e-005	0.776982413315667
玉	357	4.02549661604576e-005	0.777345046288137
售	356	4.01422071516048e-005	0.777746581118663
效	356	4.01422071516048e-005	0.777867007740118
减	354	3.99166891338992e-005	0.778426856219072
毒	354	3.99166891338992e-005	0.778466772908206
互	353	3.98039301250464e-005	0.778745738696108
护	352	3.96911711161935e-005	0.778984449517849
融	352	3.96911711161935e-005	0.779024140688966
举	352	3.96911711161935e-005	0.779182905373431
细	352	3.96911711161935e-005	0.779222596544547
亲	352	3.96911711161935e-005	0.779301978886779
端	351	3.95784121073407e-005	0.779381248470003
练	351	3.95784121073407e-005	0.779499983706325
托	351	3.95784121073407e-005	0.779539562118432
鼓	350	3.94656530984879e-005	0.779697537489835
铺	350	3.94656530984879e-005	0.779776468796032
奇	348	3.92401350807822e-005	0.780327296554279
基	347	3.91273760719294e-005	0.78068000673397
钟	347	3.91273760719294e-005	0.780719134110042
守	343	3.86763400365181e-005	0.781768920482463
棉	342	3.85635810276653e-005	0.782194247463856
弄	342	3.85635810276653e-005	0.782271374625911
姿	341	3.84508220188125e-005	0.782502643353069
采	341	3.84508220188125e-005	0.782579544997106
营	340	3.83380630099597e-005	0.782733122767164
幢	340	3.83380630099597e-005	0.782771460830174
甲	340	3.83380630099597e-005	0.783001489208234
嘴	339	3.82253040011068e-005	0.783307742676278
必	339	3.82253040011068e-005	0.783384193284281
坪	339	3.82253040011068e-005	0.783613545108287
意	338	3.8112544992254e-005	0.783727882743264
灾	337	3.79997859834012e-005	0.783956106977182
碘	336	3.78870269745484e-005	0.78418342913903
渡	335	3.77742679656956e-005	0.78441052578286
稳	335	3.77742679656956e-005	0.784448300050826
编	334	3.76615089568427e-005	0.784523623068739
夏	332	3.74359909391371e-005	0.785087869149038
旱	331	3.73232319302843e-005	0.785611296468132
仪	331	3.73232319302843e-005	0.785648619700063
怀	330	3.72104729214314e-005	0.785946754519469
妹	330	3.72104729214314e-005	0.786058385938234
碗	329	3.70977139125786e-005	0.786243874507796
维	328	3.69849549037258e-005	0.786540205183061
性	327	3.6872195894873e-005	0.78676155111744
胜	325	3.66466778771673e-005	0.787569920451905
移	325	3.66466778771673e-005	0.787643213807659
救	325	3.66466778771673e-005	0.787679860485537
沙	324	3.65339188683145e-005	0.787789462242141
岗	323	3.64211598594617e-005	0.788154350394789
征	322	3.63084008506089e-005	0.788335892399042
刘	321	3.6195641841756e-005	0.788553517286127
拒	320	3.60828828329032e-005	0.788806322983975
普	320	3.60828828329032e-005	0.789094986046638
跃	319	3.59701238240504e-005	0.78938274703723
掏	318	3.58573648151976e-005	0.789526514773518
警	318	3.58573648151976e-005	0.789598229503148
格	316	3.56318467974919e-005	0.790063022137639
哥	316	3.56318467974919e-005	0.790276813218424
怪	316	3.56318467974919e-005	0.790348076912019
堆	315	3.55190877886391e-005	0.790525785109971
造	314	3.54063287797863e-005	0.790845118623042
捐	312	3.51808107620806e-005	0.79133967963587
伏	312	3.51808107620806e-005	0.791621126121967
杨	312	3.51808107620806e-005	0.791691487743491
鸭	311	3.50680517532278e-005	0.79211230436453
确	311	3.50680517532278e-005	0.792147372416283
逐	310	3.4955292744375e-005	0.792287531864287
围	310	3.4955292744375e-005	0.792497263620753
赚	307	3.46170157178165e-005	0.793263010049872
脑	307	3.46170157178165e-005	0.793332244081308
料	306	3.45042567089637e-005	0.793609067448041
蛋	306	3.45042567089637e-005	0.793919605758422
塘	306	3.45042567089637e-005	0.79398861427184
甚	305	3.43914977001109e-005	0.794160910037367
输	305	3.43914977001109e-005	0.794229693032767
追	303	3.41659796824052e-005	0.794709482615435
籍	303	3.41659796824052e-005	0.794811980554482
拟	302	3.40532206735524e-005	0.795016525396541
景	302	3.40532206735524e-005	0.795118685058562
汤	302	3.40532206735524e-005	0.795186791499909
词	301	3.39404616646996e-005	0.795458653470253
逾	300	3.38277026558468e-005	0.795492481172909
昔	300	3.38277026558468e-005	0.795661619686188
赤	299	3.37149436469939e-005	0.796066311768961
贫	298	3.36021846381411e-005	0.796335467523092
摊	298	3.36021846381411e-005	0.79636906970773
助	297	3.34894256292883e-005	0.796469650743627
趟	297	3.34894256292883e-005	0.796570119020515
协	297	3.34894256292883e-005	0.79680454499992
困	296	3.33766666204355e-005	0.797105047758513
肩	294	3.31511486027298e-005	0.797570516947057
终	294	3.31511486027298e-005	0.797769423838673
汛	291	3.28128715761714e-005	0.79859143701321
复	289	3.25873535584657e-005	0.798885625267307
觉	289	3.25873535584657e-005	0.798950799974424
冷	289	3.25873535584657e-005	0.798983387327983
劳	289	3.25873535584657e-005	0.799015974681541
斗	289	3.25873535584657e-005	0.7990485620351
抬	289	3.25873535584657e-005	0.799081149388658
闹	288	3.24745945496129e-005	0.799373646257622
扶	288	3.24745945496129e-005	0.799438595446721
锅	287	3.23618355407601e-005	0.799568042788884
议	287	3.23618355407601e-005	0.799729851966588
桌	287	3.23618355407601e-005	0.799859299308752
袋	285	3.21363175230544e-005	0.800471355208805
迁	285	3.21363175230544e-005	0.800535627843851
棵	284	3.20235585142016e-005	0.800695858395431
置	283	3.19107995053488e-005	0.801271380376615
串	283	3.19107995053488e-005	0.801462845173648
剧	282	3.1798040496496e-005	0.80168576973415
圆	282	3.1798040496496e-005	0.801781163855639
贷	281	3.16852814876431e-005	0.802257232391016
谷	281	3.16852814876431e-005	0.802510714642917
族	280	3.15725224787903e-005	0.802700262536798
技	278	3.13470044610847e-005	0.803046432693977
演	278	3.13470044610847e-005	0.803265861725204
莫	278	3.13470044610847e-005	0.803297208729665
捧	276	3.1121486443379e-005	0.803828303661362
炉	276	3.1121486443379e-005	0.803859425147806
盐	276	3.1121486443379e-005	0.803890546634249
术	276	3.1121486443379e-005	0.803921668120692
折	276	3.1121486443379e-005	0.804015032580022
签	276	3.1121486443379e-005	0.804046154066466
夺	276	3.1121486443379e-005	0.804108397039352
险	276	3.1121486443379e-005	0.804201761498683
稿	275	3.10087274345262e-005	0.80432590916743
砍	275	3.10087274345262e-005	0.804480952804602
枪	274	3.08959684256734e-005	0.804821485011338
汇	274	3.08959684256734e-005	0.804883276948189
栋	274	3.08959684256734e-005	0.804914172916615
厚	273	3.07832094168206e-005	0.805191560078393
末	273	3.07832094168206e-005	0.80522234328781
宝	273	3.07832094168206e-005	0.805283909706643
晓	272	3.06704504079677e-005	0.805529386068916
皮	272	3.06704504079677e-005	0.805805420122587
许	271	3.05576913991149e-005	0.806019549480399
锑	271	3.05576913991149e-005	0.806080664863197
服	270	3.04449323902621e-005	0.806263447216548
剑	269	3.03321733814093e-005	0.806628335369195
醇	269	3.03321733814093e-005	0.806810328409484
卿	269	3.03321733814093e-005	0.806840660582865
财	269	3.03321733814093e-005	0.806901324929628
府	268	3.02194143725564e-005	0.806992208690764
稻	268	3.02194143725564e-005	0.807022428105136
罪	268	3.02194143725564e-005	0.807052647519509
劝	268	3.02194143725564e-005	0.807143305762626
器	268	3.02194143725564e-005	0.807173525176999
猫	268	3.02194143725564e-005	0.807505938735097
隔	267	3.01066553637036e-005	0.807717136358678
智	267	3.01066553637036e-005	0.807747243014042
骑	267	3.01066553637036e-005	0.807777349669406
毕	267	3.01066553637036e-005	0.807807456324769
亚	266	2.99938963548508e-005	0.808017977394298
尼	266	2.99938963548508e-005	0.808047971290653
枫	266	2.99938963548508e-005	0.808227934668782
缴	266	2.99938963548508e-005	0.808377904150556
散	265	2.9881137345998e-005	0.808497541458949
偷	265	2.9881137345998e-005	0.808617066008333
堂	265	2.9881137345998e-005	0.808646947145679
参	265	2.9881137345998e-005	0.808676828283025
域	265	2.9881137345998e-005	0.808706709420371
泥	265	2.9881137345998e-005	0.808766471695063
显	264	2.97683783371452e-005	0.80888565796742
戴	264	2.97683783371452e-005	0.808945194724095
抽	263	2.96556193282923e-005	0.809272308608777
鸟	263	2.96556193282923e-005	0.809361275466762
苏	263	2.96556193282923e-005	0.80939093108609
翠	262	2.95428603194395e-005	0.80959829490337
整	262	2.95428603194395e-005	0.80962783776369
汉	262	2.95428603194395e-005	0.809864180646245
腰	262	2.95428603194395e-005	0.809982352087523
彩	261	2.94301013105867e-005	0.810188475555706
微	261	2.94301013105867e-005	0.810306195960948
施	260	2.93173423017339e-005	0.81033551330325
赠	260	2.93173423017339e-005	0.810452782672457
租	259	2.9204583292881e-005	0.810861872356575
乌	258	2.90918242840282e-005	0.811298249720836
页	257	2.89790652751754e-005	0.811385186916661
倍	257	2.89790652751754e-005	0.811530082243037
软	257	2.89790652751754e-005	0.811588040373588
赵	257	2.89790652751754e-005	0.811617019438863
插	255	2.87535472574697e-005	0.812020583931547
伊	255	2.87535472574697e-005	0.812164351667835
峰	254	2.86407882486169e-005	0.81245087230933
夫	254	2.86407882486169e-005	0.812479513097578
酸	254	2.86407882486169e-005	0.812536794674076
母	253	2.85280292397641e-005	0.81287946930198
弟	253	2.85280292397641e-005	0.812936525360459
告	251	2.83025112220585e-005	0.813390831407127
妙	251	2.83025112220585e-005	0.813447436429571
赛	251	2.83025112220585e-005	0.813871974097903
灰	251	2.83025112220585e-005	0.813900276609125
坑	251	2.83025112220585e-005	0.813928579120347
痛	250	2.81897522132056e-005	0.814154097138053
尾	250	2.81897522132056e-005	0.814238666394692
搭	249	2.80769932043528e-005	0.814660836123837
躺	248	2.79642341955e-005	0.815080863431814
目	247	2.78514751866472e-005	0.815360054737734
登	247	2.78514751866472e-005	0.815415757688107
妇	246	2.77387161777943e-005	0.815721560120116
统	246	2.77387161777943e-005	0.815832514984827
杆	246	2.77387161777943e-005	0.815943469849539
错	246	2.77387161777943e-005	0.815998947281894
坏	245	2.76259571689415e-005	0.816164928542926
伙	245	2.76259571689415e-005	0.816220180457264
纯	245	2.76259571689415e-005	0.816275432371602
症	245	2.76259571689415e-005	0.816303058328771
盛	244	2.75131981600887e-005	0.816440849837589
钙	243	2.74004391512359e-005	0.816908235929284
鲜	242	2.72876801423831e-005	0.817127101165467
薄	242	2.72876801423831e-005	0.817263539566179
责	242	2.72876801423831e-005	0.817372690286749
透	241	2.71749211335302e-005	0.817427152888025
怒	241	2.71749211335302e-005	0.817454327809158
刺	241	2.71749211335302e-005	0.817590202414826
程	239	2.69494031158246e-005	0.818212406625676
善	238	2.68366441069718e-005	0.818615520082325
熟	237	2.67238850981189e-005	0.818749365025834
顾	237	2.67238850981189e-005	0.818856260566226
盗	237	2.67238850981189e-005	0.818936432221521
监	236	2.66111260892661e-005	0.81925700608369
骗	236	2.66111260892661e-005	0.819469895092404
荒	236	2.66111260892661e-005	0.81960295072285
虫	236	2.66111260892661e-005	0.81962956184894
绝	235	2.64983670804133e-005	0.820212751442727
扎	234	2.63856080715605e-005	0.820397563458237
脱	234	2.63856080715605e-005	0.82045033467438
胡	233	2.62728490627077e-005	0.820687579629007
妈	233	2.62728490627077e-005	0.821055399515885
旺	232	2.61600900538548e-005	0.821265244031361
义	232	2.61600900538548e-005	0.821448364661738
宜	232	2.61600900538548e-005	0.821526844931899
梨	231	2.6047331045002e-005	0.821840540494528
冰	231	2.6047331045002e-005	0.821918682487663
旗	231	2.6047331045002e-005	0.822074966473933
桂	231	2.6047331045002e-005	0.822205203129159
念	230	2.59345720361492e-005	0.822568399896674
弱	229	2.58218130272964e-005	0.822801585526981
森	229	2.58218130272964e-005	0.822982338218173
损	229	2.58218130272964e-005	0.823059803657255
横	228	2.57090540184435e-005	0.823626417676741
艺	227	2.55962950095907e-005	0.823703319320778
丢	227	2.55962950095907e-005	0.823805704500817
略	227	2.55962950095907e-005	0.823856897090836
侧	227	2.55962950095907e-005	0.823959282270875
铜	226	2.54835360007379e-005	0.824138343576933
糖	226	2.54835360007379e-005	0.824163827112934
灵	226	2.54835360007379e-005	0.824291244792938
谱	225	2.53707769918851e-005	0.824520258339918
潮	224	2.52580179830323e-005	0.824773402314793
贸	224	2.52580179830323e-005	0.824874434386725
胸	224	2.52580179830323e-005	0.824975466458657
挺	224	2.52580179830323e-005	0.82500072447664
飘	224	2.52580179830323e-005	0.825177530602521
尝	223	2.51452589741794e-005	0.825278111638418
堵	222	2.50324999653266e-005	0.825679759227951
谢	222	2.50324999653266e-005	0.825779889227812
植	221	2.49197409564738e-005	0.826029875950439
谋	221	2.49197409564738e-005	0.826104635173308
扑	221	2.49197409564738e-005	0.826279073360003
吸	221	2.49197409564738e-005	0.826378752323829
愁	220	2.4806981947621e-005	0.826577884733463
牧	220	2.4806981947621e-005	0.826701919643201
诸	220	2.4806981947621e-005	0.826801147570991
沪	220	2.4806981947621e-005	0.826825954552939
限	220	2.4806981947621e-005	0.826875568516834
泪	220	2.4806981947621e-005	0.826900375498782
岛	220	2.4806981947621e-005	0.827148445318258
荣	219	2.46942229387681e-005	0.827296723414899
骨	219	2.46942229387681e-005	0.827420194529593
秀	219	2.46942229387681e-005	0.827518971421348
陪	218	2.45814639299153e-005	0.827617297277067
宗	218	2.45814639299153e-005	0.827764786060647
息	217	2.44687049210625e-005	0.828059199832761
慢	217	2.44687049210625e-005	0.828181543357366
闻	217	2.44687049210625e-005	0.828352824291813
害	217	2.44687049210625e-005	0.828401761701655
习	217	2.44687049210625e-005	0.828426230406576
司	217	2.44687049210625e-005	0.828450699111497
灌	215	2.42431869033568e-005	0.828888655101881
伴	215	2.42431869033568e-005	0.828985627849495
迈	215	2.42431869033568e-005	0.829203816531624
煮	214	2.4130427894504e-005	0.829541868040165
凯	214	2.4130427894504e-005	0.829855563602794
聘	213	2.40176688856512e-005	0.829879581271679
象	213	2.40176688856512e-005	0.830071722622764
狗	213	2.40176688856512e-005	0.83009574029165
逢	213	2.40176688856512e-005	0.830119757960535
容	213	2.40176688856512e-005	0.830143775629421
桩	212	2.39049098767984e-005	0.830335353185462
残	212	2.39049098767984e-005	0.830359258095339
炸	212	2.39049098767984e-005	0.830502687554599
浓	211	2.37921508679456e-005	0.830669232610675
亏	210	2.36793918590927e-005	0.830787855087988
刻	210	2.36793918590927e-005	0.83097729022286
误	210	2.36793918590927e-005	0.831024649006579
卫	210	2.36793918590927e-005	0.831072007790297
波	209	2.35666328502399e-005	0.831378937812394
鹰	209	2.35666328502399e-005	0.831567470875195
呆	208	2.34538738413871e-005	0.831590924749037
务	208	2.34538738413871e-005	0.831614378622878
备	208	2.34538738413871e-005	0.83163783249672
勤	208	2.34538738413871e-005	0.831778555739768
拥	208	2.34538738413871e-005	0.832013094478182
辞	207	2.33411148325343e-005	0.832059889466856
盼	207	2.33411148325343e-005	0.832199936155851
                                                                                                                                                                                                                                                                                                                                                                                                                  