上	35392	0.00421344519027112	0.118348618064503
中	34260	0.00407867970780653	0.126568955342505
元	27939	0.00332615973019284	0.155187215089163
省	26073	0.00310401097552947	0.161584884932064
人	24782	0.00295031641911446	0.164535201351179
不	22036	0.00262340297843621	0.183579278354652
说	19329	0.0023011325181609	0.190928044875477
年	17668	0.00210338917330782	0.199613394498449
已	16474	0.00196124254251035	0.20354945137234
大	15630	0.00186076368455972	0.20727621697576
后	15483	0.00184326321996405	0.209119480195724
两	15413	0.00183492966539469	0.210954409861119
都	13886	0.00165313912500296	0.226091002177796
新	13848	0.00164861519537959	0.227739617373176
下	13527	0.00161039989514007	0.229350017268316
好	13357	0.00159016126261447	0.23413931107933
出	13333	0.00158730404390498	0.235726615123235
使	12648	0.00150575425990476	0.240333165987621
名	11297	0.00134491665671601	0.257344569980846
时	10522	0.00125265230255518	0.263778788413073
县	10455	0.0012446759003245	0.265023464313398
会	9758	0.00116169750696953	0.272165915833242
家	9644	0.00114812571809942	0.274470143671671
次	9447	0.00112467271452564	0.277874995967155
里	8990	0.00107026650826564	0.287657755676133
条	8969	0.00106776644189483	0.288725522118028
做	8878	0.00105693282095465	0.290848197517625
作	8026	0.000955501556767519	0.302810896051169
位	7947	0.000946096545182092	0.307561617409605
村	7803	0.000928953232925112	0.312242813112777
种	7629	0.000908238397281261	0.314079171387526
厂	7433	0.000884904444487038	0.316748408916094
达	6859	0.000816569297018242	0.328669677778351
市	6744	0.000802878457368571	0.332702641986805
去	6726	0.000800735543336448	0.334304827378155
亩	6715	0.000799425984761262	0.335104253362917
内	6704	0.000798116426186076	0.335902369789103
党	6702	0.000797878324626951	0.33670024811373
电	6597	0.000785377992772903	0.339071501541053
天	6250	0.000744067372264764	0.350529186667694
项	6045	0.000719661962454479	0.354194760170419
小	5832	0.000694304146407696	0.358442253883645
户	5485	0.000652993525899557	0.369817793972388
高	5485	0.000652993525899557	0.370470787498287
办	5383	0.000640850346384196	0.373053832262452
区	5363	0.000638469330792948	0.373692301593245
前	5202	0.000619302155283408	0.378082656241945
万	5132	0.000610968600714043	0.381151904389842
更	5091	0.000606087518751986	0.382974214672604
吨	4897	0.000582991667516888	0.386518951634073
抓	4876	0.000580491601146078	0.390006187069014
外	4838	0.000575967671522708	0.390582154740536
应	4815	0.000573229503592774	0.391729447103179
却	4768	0.000567634116953343	0.395148942644549
乡	4640	0.000552395617169361	0.400749091315162
很	4638	0.000552157515610236	0.401301248830772
看	4574	0.000544538265718245	0.402946530604324
占	4568	0.000543823961040871	0.403490354565365
近	4549	0.000541561996229186	0.404031916561594
届	4401	0.000523942480853956	0.407229739551419
再	4312	0.000513346961472906	0.409812427163245
日	4293	0.000511084996661221	0.410834954308906
余	4240	0.000504775305344416	0.413370854964364
走	4237	0.000504418153005729	0.414379929371934
局	4184	0.000498108461688923	0.416881900555217
部	4139	0.000492751176608617	0.417869188670128
共	4130	0.000491679719592556	0.418853500515549
最	4099	0.000487989145426123	0.419832812228229
成	4068	0.000484298571259689	0.421775720950687
报	3946	0.000469774376153081	0.42555058306905
点	3932	0.000468107665239208	0.426958001385037
镇	3880	0.000461917024701965	0.428810431515027
只	3821	0.000454893028707786	0.433397219950006
处	3784	0.000450488149863979	0.43384770809987
水	3770	0.000448821438950105	0.434745827180888
仅	3739	0.000445130864783672	0.437875791226362
批	3731	0.000444178458547173	0.438765100549693
便	3711	0.000441797442955926	0.440092278640254
岁	3556	0.00042334457212376	0.447825102975948
钱	3551	0.000422749318225948	0.448247852294174
无	3538	0.000421201658091637	0.448669053952266
米	3474	0.000413582408199646	0.451599488891193
路	3450	0.00041072518949015	0.453247865985014
带	3399	0.000404653599732469	0.45447016033878
分	3352	0.000399058213093038	0.45687510513672
院	3318	0.000395010486587918	0.459254692118612
长	3255	0.000387510287475489	0.461596897155722
山	3235	0.000385129271884242	0.462367989054947
全	3235	0.000385129271884242	0.462753118326832
正	3158	0.00037596236185794	0.466168923294035
月	3103	0.00036941456898201	0.467284667200093
件	3100	0.000369057416643323	0.467653724616737
级	3088	0.000367628807288574	0.468389696535991
事	3077	0.000366319248713388	0.468756015784705
总	3045	0.000362509623767393	0.471304059619678
才	2980	0.000354771323095839	0.474529621441141
曾	2975	0.000354176069198028	0.475238092630316
讲	2951	0.000351318850488531	0.476296215959067
场	2921	0.00034774732710166	0.478045310012397
车	2896	0.000344771057612601	0.47942903722325
未	2882	0.000343104346698728	0.480804549930314
搞	2849	0.00033917567097317	0.482851747135668
站	2754	0.000327865846914745	0.486842686418937
百	2733	0.000325365780543936	0.488149625876973
建	2732	0.000325246729764374	0.488474872606737
数	2726	0.000324532425086999	0.489449065135896
进	2719	0.000323699069630063	0.489772764205526
想	2717	0.000323460968070938	0.490096225173597
委	2662	0.000316913175195008	0.494577534617883
台	2621	0.000312032093232951	0.49740749069886
均	2621	0.000312032093232951	0.497719522792093
烟	2613	0.000311079686996452	0.498341920267645
老	2573	0.000306317655813958	0.501732367418801
组	2559	0.000304650944900085	0.502955018924907
州	2551	0.000303698538663586	0.503562773154573
受	2515	0.000299412710599341	0.506276178522358
非	2491	0.000296555491889844	0.508061821165014
号	2484	0.000295722136432908	0.508950059031329
学	2480	0.000295245933314658	0.509540550897958
国	2441	0.000290602952911726	0.512471462040004
行	2414	0.000287388581863542	0.514774975573756
仍	2411	0.000287031429524855	0.515636307963889
开	2407	0.000286555226406606	0.516209537467482
吃	2368	0.000281912246003674	0.518202923720474
见	2339	0.000278459773396365	0.520167142532474
校	2337	0.00027822167183724	0.520445364204311
找	2317	0.000275840656245993	0.522383629946366
图	2310	0.000275007300789057	0.522933882649503
头	2293	0.000272983437536496	0.524850243048118
片	2291	0.000272745335977372	0.525668955259168
没	2288	0.000272388183638685	0.525941343442807
放	2258	0.000268816660251814	0.527836869954999
手	2194	0.000261197410359823	0.53074468524581
重	2190	0.000260721207241573	0.531005406453051
方	2187	0.000260364054902886	0.531265770507954
获	2180	0.00025953069944595	0.532565447868437
接	2157	0.000256792531516015	0.534114298510543
少	2139	0.000254649617483893	0.534880985530925
案	2135	0.000254173414365643	0.535644339129478
书	2130	0.000253578160467831	0.536152090704312
住	2111	0.000251316195656147	0.536907825052974
线	2110	0.000251197144876584	0.53715902219785
快	2109	0.000251078094097022	0.537410100291947
买	2109	0.000251078094097022	0.537661178386044
花	2090	0.000248816129285337	0.538159763050851
道	2088	0.000248578027726212	0.538408341078577
入	2086	0.000248339926167088	0.538656681004745
写	2075	0.000247030367591902	0.539646112033687
干	2059	0.000245125555118904	0.540136482194705
送	2040	0.000242863590307219	0.541598187666172
间	2039	0.000242744539527657	0.541840932205699
相	2028	0.000241434980952471	0.543292161208564
贵	2001	0.000238220609904287	0.54520554533769
队	1984	0.000236196746651727	0.546389624391218
双	1978	0.000235482441974352	0.546860708325946
支	1954	0.000232625223264856	0.548031334641383
酒	1943	0.00023131566468967	0.548958502112614
原	1939	0.00023083946157142	0.549420300086537
段	1937	0.000230601360012296	0.549650901446549
话	1920	0.000228577496759735	0.550567592449179
低	1915	0.000227982242861924	0.551252491584002
美	1914	0.000227863192082361	0.551480354776084
请	1903	0.000226553633507175	0.552161682387519
转	1898	0.000225958379609363	0.552839795627907
份	1859	0.000221315399206431	0.55529533700716
座	1855	0.000220839196088182	0.555737372551675
心	1854	0.00022072014530862	0.555958092696984
改	1844	0.000219529637512996	0.556617753066539
面	1840	0.000219053434394746	0.557055978986108
强	1774	0.000211196082943631	0.562215877873899
门	1772	0.000210957981384506	0.562637912887448
回	1763	0.000209886524368445	0.562847799411817
版	1758	0.000209291270470633	0.563475911324788
难	1756	0.000209053168911508	0.564103189882302
金	1727	0.0002056006963042	0.566589208261123
约	1726	0.000205481645524637	0.566794689906648
交	1722	0.000205005442406388	0.567820788575696
生	1717	0.000204410188508576	0.568229966105052
块	1709	0.000203457782272077	0.569452498560377
红	1708	0.000203338731492515	0.569859176023362
现	1700	0.000202386325256016	0.570061562348618
期	1680	0.000200005309664768	0.572275073493021
张	1671	0.000198933852648707	0.573273314279652
发	1654	0.000196909989396147	0.574262150054697
机	1626	0.000193576567568401	0.575822905774759
厅	1615	0.000192267008993215	0.576980317453665
女	1609	0.000191552704315841	0.577363899065415
海	1601	0.000190600298079342	0.577745099661573
类	1589	0.000189171688724594	0.578882748911071
班	1588	0.000189052637945031	0.579071801549016
军	1580	0.000188100231708532	0.58001456467237
加	1576	0.000187624028590283	0.580953756272338
字	1573	0.000187266876251596	0.5813285281264
先	1556	0.000185243012999036	0.582814400906118
爱	1555	0.000185123962219473	0.582999524868338
辆	1549	0.000184409657542099	0.58318393452588
城	1546	0.000184052505203412	0.583736449193829
制	1532	0.000182385794289539	0.584833025924378
早	1518	0.000180719083375666	0.585557211816456
黔	1510	0.000179766677139167	0.586999512010854
太	1499	0.000178457118563981	0.588252997668866
代	1471	0.000175123696736235	0.589843516083819
权	1469	0.00017488559517711	0.590018401678996
创	1468	0.000174766544397548	0.590542939413748
收	1468	0.000174766544397548	0.590717705958145
身	1462	0.000174052239720174	0.591939286007234
粮	1455	0.000173218884263237	0.592112504891498
问	1422	0.000169290208537679	0.594161964061664
真	1418	0.00016881400541943	0.594499592072503
套	1392	0.000165718685150808	0.596503930997215
口	1391	0.000165599634371246	0.596669530631586
越	1370	0.000163099568000436	0.599130548346699
声	1355	0.000161313806307001	0.601237985246512
乱	1346	0.00016024234929094	0.602363491316495
桥	1335	0.000158932790715754	0.60300124634261
农	1325	0.00015774228292013	0.604267708535595
房	1313	0.000156313673565382	0.605679650781204
活	1308	0.00015571841966757	0.606459195285779
款	1302	0.000155004114990196	0.606769798769657
黄	1297	0.000154408861092384	0.607697323393227
需	1292	0.000153813607194572	0.608158883265591
听	1289	0.000153456454855885	0.608619609782497
林	1273	0.000151551642382887	0.61014500742103
法	1270	0.0001511944900442	0.610447634502677
证	1268	0.000150956388485075	0.611202892648221
假	1262	0.000150242083807701	0.61165457130588
包	1255	0.000149408728350765	0.612852698351396
病	1249	0.00014869442367339	0.614641198212762
属	1248	0.000148575372893828	0.614938348958549
系	1243	0.000147980118996016	0.615382765518655
牛	1240	0.000147622966657329	0.615826110621746
筑	1233	0.000146789611200393	0.616267074709245
步	1225	0.000145837204963894	0.617290316159583
挂	1215	0.00014464669716827	0.617724613403427
社	1214	0.000144527646388708	0.617869141049815
刚	1209	0.000143932392490896	0.618013073442306
定	1205	0.000143456189372646	0.618587374402915
商	1193	0.000142027580017898	0.619585258037207
石	1191	0.000141789478458773	0.619727047515665
运	1177	0.0001401227675449	0.621413758960505
极	1165	0.000138694158190152	0.623363929780516
设	1164	0.00013857510741059	0.623502504887927
修	1160	0.00013809890429234	0.623917396854702
卖	1152	0.000137146498055841	0.625156834520726
帐	1149	0.000136789345717154	0.625293623866443
工	1147	0.000136551244158029	0.625840066944634
称	1144	0.000136194091819342	0.625976261036453
矿	1137	0.000135360736362406	0.626654374276841
王	1135	0.000135122634803281	0.626924738597227
楼	1133	0.000134884533244156	0.627194626714495
增	1131	0.000134646431685032	0.627464038628645
保	1131	0.000134646431685032	0.62759868506033
团	1128	0.000134289279346345	0.628136318380833
风	1112	0.000132384466873347	0.62986993583282
深	1109	0.00013202731453466	0.630266374928763
京	1101	0.000131074908298161	0.631054967292584
产	1091	0.000129884400502537	0.631707246513806
牌	1083	0.000128931994266038	0.632482981393434
跑	1082	0.000128812943486476	0.632611794336921
寨	1081	0.000128693892706914	0.632740488229627
治	1081	0.000128693892706914	0.632869182122334
超	1074	0.000127860537249977	0.633893733131248
田	1074	0.000127860537249977	0.634021593668498
差	1063	0.000126550978674791	0.634785066317832
药	1059	0.000126074775556542	0.63516364779684
防	1058	0.000125955724776979	0.635289603521617
科	1055	0.000125598572438292	0.63579211686215
力	1055	0.000125598572438292	0.635917715434588
帮	1052	0.000125241420099605	0.636670116361422
江	1050	0.00012500331854048	0.637420374374225
坡	1042	0.000124050912303981	0.638290992725164
满	1031	0.000122741353728795	0.639524596902989
情	1025	0.000122027049051421	0.640013419403872
明	1023	0.000121788947492297	0.640378905297129
南	1017	0.000121074642814922	0.641350121556798
主	1016	0.00012095559203536	0.641471077148834
派	1013	0.000120598439696673	0.64159167558853
选	1011	0.000120360338137548	0.641953232806061
拉	1007	0.000119884135019299	0.642193239177659
奔	1002	0.000119288881121487	0.642551462973362
富	1002	0.000119288881121487	0.642670751854484
关	1001	0.000119169830341925	0.642909091515167
读	1000	0.000119050779562362	0.64302814229473
亚	999	0.0001189317287828	0.643147074023512
税	997	0.000118693627223675	0.644097932599877
实	995	0.00011845552566455	0.644216388125541
句	991	0.000117979322546301	0.644689138771184
变	986	0.000117384068648489	0.645277249622222
株	983	0.000117026916309802	0.645745952541359
土	980	0.000116669763971115	0.6462134649527
坐	980	0.000116669763971115	0.646330134716671
引	976	0.000116193560852866	0.646679429703907
副	970	0.000115479256175491	0.647605287616564
通	968	0.000115241154616367	0.647835769925796
投	959	0.000114169697600305	0.649325928533578
量	959	0.000114169697600305	0.649440098231178
反	958	0.000114050646820743	0.649554148877999
煤	955	0.000113693494482056	0.649667842372481
状	953	0.000113455392922931	0.649894872209107
华	952	0.000113336342143369	0.65000820855125
度	952	0.000113336342143369	0.650234881235537
子	952	0.000113336342143369	0.650461553919824
卡	951	0.000113217291363806	0.650801205793915
民	951	0.000113217291363806	0.650914423085279
枚	950	0.000113098240584244	0.651253836857811
树	949	0.000112979189804682	0.651479795237421
价	946	0.000112622037465995	0.651818018502157
信	946	0.000112622037465995	0.651930640539623
西	939	0.000111788682009058	0.652827331011287
查	939	0.000111788682009058	0.653050908375305
室	938	0.000111669631229496	0.653162578006534
篇	937	0.000111550580449933	0.653385679167434
菜	932	0.000110955326552122	0.654275345643104
远	930	0.000110717224992997	0.654497018194649
河	923	0.00010988386953606	0.655820267609485
换	917	0.000109169564858686	0.657023156686183
光	914	0.000108812412519999	0.657131969098703
北	904	0.000107621904724375	0.65875415502102
脸	900	0.000107145701606126	0.659397981636893
群	898	0.000106907600047001	0.659611796836987
首	895	0.000106550447708314	0.660144906227867
指	889	0.00010583614303094	0.660994452590824
龙	889	0.00010583614303094	0.661100288733855
文	888	0.000105717092251378	0.661311841969138
购	885	0.000105359939912691	0.661522561848963
物	883	0.000105121838353566	0.66173280552567
言	882	0.000105002787574003	0.662048051989951
盘	878	0.000104526584455754	0.662781404792055
业	868	0.00010333607666013	0.664549308868556
架	866	0.000103097975101006	0.664962057921299
养	864	0.000102859873541881	0.665476833492127
层	860	0.000102383670423631	0.66588660627538
赴	860	0.000102383670423631	0.665988989945804
令	858	0.000102145568864507	0.6663979293736
完	857	0.000102026518084944	0.66660210146055
调	857	0.000102026518084944	0.666704127978635
落	856	0.000101907467305382	0.667316048985586
担	855	0.00010178841652582	0.667723202651689
清	854	0.000101669365746257	0.667824872017435
羊	854	0.000101669365746257	0.667926541383182
兴	851	0.00010131221340757	0.668433340551779
猪	849	0.000101074111848446	0.668736800988883
驻	843	0.000100359807171071	0.669441105400774
联	842	0.000100240756391509	0.669641705964337
立	842	0.000100240756391509	0.669741946720728
幅	840	0.000100002654832384	0.670042192786784
儿	840	0.000100002654832384	0.670342200751281
黑	828	9.85740454776359e-005	0.671433896399868
票	828	9.85740454776359e-005	0.671532470445346
旧	828	9.85740454776359e-005	0.671631044490823
教	824	9.80978423593864e-005	0.671925576119461
笔	819	9.75025884615746e-005	0.672805004228087
今	815	9.70263853433252e-005	0.673194062175697
铁	815	9.70263853433252e-005	0.673291088561041
肥	812	9.66692330046381e-005	0.6737753871323
凡	807	9.60739791068263e-005	0.67473850793896
提	802	9.54787252090145e-005	0.675504837807003
求	800	9.52406236498897e-005	0.676077353005918
直	799	9.51215728703274e-005	0.676267715202438
东	799	9.51215728703274e-005	0.676457958348179
广	793	9.44072681929532e-005	0.6774044120457
摆	791	9.41691666338285e-005	0.677498581212334
溪	786	9.35739127360167e-005	0.678249196377474
存	785	9.34548619564543e-005	0.678623372977639
谈	784	9.3335811176892e-005	0.678903618512729
推	780	9.28596080586425e-005	0.679835190862804
街	779	9.27405572790802e-005	0.680020671977362
公	775	9.22643541608307e-005	0.680853194078842
穿	769	9.15500494834565e-005	0.681679882692123
英	768	9.14309987038942e-005	0.681771313690827
股	760	9.04785924673953e-005	0.682955273693574
马	759	9.03595416878329e-005	0.683045633235262
瓦	759	9.03595416878329e-005	0.683226352318638
克	759	9.03595416878329e-005	0.683316711860326
装	757	9.01214401287082e-005	0.683767795264087
资	757	9.01214401287082e-005	0.683948038144344
半	755	8.98833385695835e-005	0.684217807210833
画	752	8.95261862308964e-005	0.684307333397064
争	750	8.92880846717716e-005	0.68466484288809
排	744	8.85737799943975e-005	0.685286645109744
茶	743	8.84547292148351e-005	0.685552247398947
留	736	8.76213737578986e-005	0.687048239494927
节	734	8.73832721987738e-005	0.687573253432798
油	732	8.71451706396491e-005	0.687660398603437
居	730	8.69070690805244e-005	0.688182555322598
飞	730	8.69070690805244e-005	0.688269462391679
梯	730	8.69070690805244e-005	0.688356369460759
铝	730	8.69070690805244e-005	0.688617090668001
销	725	8.63118151827126e-005	0.689309490001936
易	724	8.61927644031502e-005	0.689740453823951
竟	723	8.60737136235879e-005	0.689912601251198
歌	722	8.59546628440255e-005	0.690170703341289
德	719	8.55975105053384e-005	0.690599524249273
苗	718	8.54784597257761e-005	0.690941676189735
限	715	8.5121307387089e-005	0.69153871584924
初	713	8.48832058279642e-005	0.691963608081498
单	709	8.44070027097148e-005	0.692894347076117
动	709	8.44070027097148e-005	0.693063161081537
李	708	8.42879519301524e-005	0.693147449033467
供	706	8.40498503710277e-005	0.69348400558729
番	704	8.3811748811903e-005	0.694239858986731
列	703	8.36926980323406e-005	0.694574867880419
安	702	8.35736472527783e-005	0.694658441527672
准	702	8.35736472527783e-005	0.694825588822178
死	702	8.35736472527783e-005	0.69490916246943
洞	695	8.27402917958417e-005	0.695988953040061
云	695	8.27402917958417e-005	0.696071693331857
集	689	8.20259871184675e-005	0.696730401295175
企	689	8.20259871184675e-005	0.697058505243649
港	687	8.17878855593428e-005	0.697222081014768
俄	687	8.17878855593428e-005	0.697385656785887
计	685	8.15497840002181e-005	0.697875669794565
磷	684	8.14307332206557e-005	0.698038650311786
肉	680	8.09545301024063e-005	0.698687953263519
知	679	8.08354793228439e-005	0.699254277821897
白	679	8.08354793228439e-005	0.69933511330122
顶	674	8.02402254250321e-005	0.700781699323682
展	668	7.95259207476579e-005	0.701898157534418
忙	663	7.89306668498461e-005	0.702927708676074
化	663	7.89306668498461e-005	0.703006639342924
些	663	7.89306668498461e-005	0.703085570009773
坝	658	7.83354129520343e-005	0.704029166488584
诗	656	7.80973113929096e-005	0.704498345610839
具	651	7.75020574950978e-005	0.705353606411215
患	650	7.73830067155354e-005	0.705585874482142
硬	647	7.70258543768483e-005	0.706202914672614
穷	644	7.66687020381613e-005	0.706279583374652
网	644	7.66687020381613e-005	0.706432920778728
紧	643	7.65496512585989e-005	0.706739476536101
常	643	7.65496512585989e-005	0.706969125489877
短	642	7.64306004790365e-005	0.707274966942572
笑	641	7.63115496994742e-005	0.70750402064245
领	640	7.61924989199118e-005	0.708266540885547
效	638	7.59543973607871e-005	0.70872262442205
兼	635	7.55972450221e-005	0.709479787380067
负	635	7.55972450221e-005	0.709555384625089
利	635	7.55972450221e-005	0.709630981870111
拨	633	7.53591434629753e-005	0.710083493883228
气	632	7.52400926834129e-005	0.710158733975911
周	632	7.52400926834129e-005	0.710233974068595
热	630	7.50019911242882e-005	0.710834466200707
店	627	7.46448387856011e-005	0.711582462248698
货	624	7.4287686446914e-005	0.711954734036389
唱	621	7.39305341082269e-005	0.712769993774832
箱	619	7.36924325491022e-005	0.713360366590682
持	618	7.35733817695398e-005	0.713728590651868
鱼	618	7.35733817695398e-005	0.713949310797176
根	617	7.34543309899775e-005	0.714096219459156
特	615	7.32162294308527e-005	0.714536350191198
含	615	7.32162294308527e-005	0.714609566420629
轮	615	7.32162294308527e-005	0.714755998879491
脚	613	7.2978127871728e-005	0.715121246671188
春	612	7.28590770921657e-005	0.715339823902465
课	611	7.27400263126033e-005	0.715776264060341
苦	601	7.15495185169797e-005	0.717435355724322
倒	598	7.11923661782926e-005	0.717720482341374
左	596	7.09542646191679e-005	0.718289187915343
冬	593	7.05971122804808e-005	0.718996706698282
跨	591	7.0359010721356e-005	0.719490172179568
观	590	7.02399599417937e-005	0.719630771150232
尚	589	7.01209091622313e-005	0.720051853757544
体	588	7.0001858382669e-005	0.720261859332692
木	586	6.97637568235442e-005	0.720820564641178
香	586	6.97637568235442e-005	0.720960092154825
平	583	6.94066044848572e-005	0.721238194775883
巴	582	6.92875537052948e-005	0.721584989696748
缺	582	6.92875537052948e-005	0.721792852357864
师	580	6.90494521461701e-005	0.721931070312936
果	577	6.8692299807483e-005	0.722551205823676
园	576	6.85732490279206e-005	0.722619779072704
结	571	6.79779951301088e-005	0.723370394237845
升	570	6.78589443505465e-005	0.723506231177325
古	567	6.75017920118594e-005	0.7243183955955
考	567	6.75017920118594e-005	0.724520900971536
职	565	6.72636904527346e-005	0.724991865855484
感	559	6.65493857753605e-005	0.726061656160632
补	558	6.64303349957981e-005	0.726527382810279
专	555	6.6073182657111e-005	0.727454312179951
亦	551	6.55969795388616e-005	0.728112424889372
宽	547	6.51207764206121e-005	0.728569460832112
岩	546	6.50017256410498e-005	0.728829824887015
序	546	6.50017256410498e-005	0.72915483351522
眼	545	6.48826748614874e-005	0.729544248615169
诉	542	6.45255225228003e-005	0.730321174002593
竹	542	6.45255225228003e-005	0.730450225047638
背	540	6.42874209636756e-005	0.730965357770805
钢	540	6.42874209636756e-005	0.731029645191768
杯	538	6.40493194045509e-005	0.731350248941129
畜	537	6.39302686249885e-005	0.731606089066409
草	537	6.39302686249885e-005	0.731861810140909
翻	537	6.39302686249885e-005	0.731925740409534
掉	535	6.36921670658638e-005	0.73211705501229
角	535	6.36921670658638e-005	0.732371823680553
型	534	6.35731162863014e-005	0.732562543029412
怕	532	6.33350147271767e-005	0.732752905225933
算	532	6.33350147271767e-005	0.733069580299569
官	529	6.29778623884896e-005	0.73363780967042
夜	527	6.27397608293649e-005	0.734014962540074
压	525	6.25016592702402e-005	0.734578429879743
流	525	6.25016592702402e-005	0.734640931539013
封	519	6.1787354592866e-005	0.736005967777475
右	517	6.15492530337412e-005	0.73649943325876
伤	514	6.11921006950542e-005	0.737051233622032
费	513	6.10730499154918e-005	0.737418029073864
须	511	6.08349483563671e-005	0.737661726019628
停	510	6.07158975768047e-005	0.737965305507512
题	509	6.05968467972424e-005	0.73802590235431
毁	509	6.05968467972424e-005	0.738207692894701
抗	508	6.047779601768e-005	0.738268170690719
品	506	6.02396944585553e-005	0.738630085060589
史	505	6.01206436789929e-005	0.738810685093185
优	503	5.98825421198682e-005	0.739290578785601
颗	501	5.96444405607435e-005	0.739589515293082
秋	501	5.96444405607435e-005	0.739708804174203
医	500	5.95253897811811e-005	0.739827974004545
青	500	5.95253897811811e-005	0.739947024784107
井	498	5.92872882220564e-005	0.740243699326777
雨	497	5.9168237442494e-005	0.740362154852441
急	497	5.9168237442494e-005	0.740539659564768
记	497	5.9168237442494e-005	0.740598827802211
湖	494	5.88110851038069e-005	0.741306941839047
偏	494	5.88110851038069e-005	0.741424564009255
率	494	5.88110851038069e-005	0.741542186179463
破	492	5.85729835446822e-005	0.74177695431676
岗	492	5.85729835446822e-005	0.741835527300305
铺	490	5.83348819855575e-005	0.742069223980586
柑	489	5.82158312059951e-005	0.742360660288955
桔	489	5.82158312059951e-005	0.742418876120161
取	488	5.80967804264327e-005	0.742651620394205
降	486	5.7858678867308e-005	0.742883412262013
严	486	5.7858678867308e-005	0.742999129619748
独	486	5.7858678867308e-005	0.743056988298615
馆	485	5.77396280877457e-005	0.74340378321948
式	478	5.69062726308091e-005	0.745066446406848
表	478	5.69062726308091e-005	0.74523716522474
试	478	5.69062726308091e-005	0.745350977770002
抢	477	5.67872218512468e-005	0.745635271031596
遇	477	5.67872218512468e-005	0.74580563269715
世	476	5.66681710716844e-005	0.745975756261145
脑	474	5.64300695125597e-005	0.746428030172702
叶	474	5.64300695125597e-005	0.746766610589777
火	473	5.63110187329973e-005	0.746879232627243
促	471	5.60729171738726e-005	0.74727198114902
喝	470	5.59538663943102e-005	0.74755222668411
献	469	5.58348156147479e-005	0.747943427545752
章	469	5.58348156147479e-005	0.748055097176982
距	469	5.58348156147479e-005	0.748110931992596
床	468	5.57157648351855e-005	0.748222363522267
奖	468	5.57157648351855e-005	0.748278079287102
境	467	5.55967140556231e-005	0.748389391765993
银	466	5.54776632760608e-005	0.748500466143325
环	466	5.54776632760608e-005	0.748722376796429
载	466	5.54776632760608e-005	0.748777854459705
墙	466	5.54776632760608e-005	0.748833332122981
钩	465	5.53586124964984e-005	0.748944168398754
敢	464	5.52395617169361e-005	0.749220842410457
愿	463	5.51205109373737e-005	0.749496683066702
精	461	5.4882409378249e-005	0.74982645372609
血	461	5.4882409378249e-005	0.750045983363603
饭	459	5.46443078191242e-005	0.750593140746471
质	455	5.41681047008748e-005	0.751191132812213
屋	454	5.40490539213124e-005	0.751515427135741
瑶	449	5.34538000235006e-005	0.75264212371352
例	448	5.33347492439383e-005	0.752748912262787
继	448	5.33347492439383e-005	0.752855581761275
斯	448	5.33347492439383e-005	0.752962251259763
挖	447	5.32156984643759e-005	0.753281664501329
鸡	442	5.26204445665641e-005	0.754180616937805
斤	441	5.25013937870017e-005	0.754601104291219
刘	440	5.23823430074394e-005	0.754863492209374
皆	439	5.2263292227877e-005	0.755543510262234
足	438	5.21442414483146e-005	0.755700062037358
抱	437	5.20251906687523e-005	0.75601245128293
卷	437	5.20251906687523e-005	0.756272577236273
乐	433	5.15489875505028e-005	0.756738780089039
检	433	5.15489875505028e-005	0.756944976039241
配	432	5.14299367709405e-005	0.757099503951114
移	429	5.10727844322534e-005	0.757969884200495
陈	427	5.08346828731287e-005	0.758224652868758
值	427	5.08346828731287e-005	0.758326322234504
绿	427	5.08346828731287e-005	0.758427991600251
空	426	5.07156320935663e-005	0.758681688811498
亮	425	5.05965813140039e-005	0.758833716656999
止	424	5.04775305344416e-005	0.758985387350162
欠	422	5.02394289753168e-005	0.759388136137421
呈	421	5.01203781957545e-005	0.759688858406596
势	420	5.00013274161921e-005	0.759738859734012
印	420	5.00013274161921e-005	0.759788861061428
麻	419	4.98822766366298e-005	0.760138394150223
灾	419	4.98822766366298e-005	0.760238158703496
末	418	4.97632258570674e-005	0.760437211606924
源	417	4.9644175077505e-005	0.760586382233716
喜	416	4.95251242979427e-005	0.760784720832467
梦	413	4.91679719592556e-005	0.761376998460789
讯	413	4.91679719592556e-005	0.761524502376667
评	410	4.88108196205685e-005	0.762063564306526
传	409	4.86917688410061e-005	0.762502385479993
册	409	4.86917688410061e-005	0.762745844324198
俩	407	4.84536672818814e-005	0.762988707914505
晚	407	4.84536672818814e-005	0.763085615249069
拥	407	4.84536672818814e-005	0.763134068916351
拖	406	4.83346165023191e-005	0.76332740738236
懂	405	4.82155657227567e-005	0.763520269645251
轻	405	4.82155657227567e-005	0.763616700776697
旁	404	4.80965149431943e-005	0.76366479729164
订	404	4.80965149431943e-005	0.764145762441072
添	403	4.7977464163632e-005	0.764289694833563
理	400	4.76203118249449e-005	0.764768040865844
神	400	4.76203118249449e-005	0.764815661177669
汇	400	4.76203118249449e-005	0.764863281489494
母	400	4.76203118249449e-005	0.764958522113144
减	399	4.75012610453825e-005	0.76510114494706
杀	399	4.75012610453825e-005	0.765196147469151
招	398	4.73822102658202e-005	0.765338294099948
贫	398	4.73822102658202e-005	0.765385676310214
库	398	4.73822102658202e-005	0.765480440730745
忘	397	4.72631594862578e-005	0.765622230209204
杂	396	4.71441087066954e-005	0.765999621180416
育	395	4.70250579271331e-005	0.766187721412125
犯	392	4.6667905588446e-005	0.76712465104728
战	392	4.6667905588446e-005	0.767264654764046
罪	390	4.64298040293213e-005	0.767497160936531
沙	390	4.64298040293213e-005	0.76759002054459
警	390	4.64298040293213e-005	0.767729309956678
净	390	4.64298040293213e-005	0.767775739760707
访	389	4.63107532497589e-005	0.768192774641515
跳	388	4.61917024701965e-005	0.768285277097235
似	386	4.59536009110718e-005	0.768883864416875
踏	385	4.58345501315094e-005	0.769021487118049
复	384	4.57154993519471e-005	0.769112918116753
舞	384	4.57154993519471e-005	0.769204349115456
游	384	4.57154993519471e-005	0.769387211112864
坪	384	4.57154993519471e-005	0.769478642111568
答	382	4.54773977928224e-005	0.769979845893526
寄	382	4.54773977928224e-005	0.770116278086904
汛	382	4.54773977928224e-005	0.770161755484697
福	381	4.535834701326e-005	0.770569980607816
颇	378	4.50011946745729e-005	0.771111780705604
退	378	4.50011946745729e-005	0.771336786678977
兵	378	4.50011946745729e-005	0.771651795041699
参	378	4.50011946745729e-005	0.771696796236373
隐	377	4.48821438950105e-005	0.771786560524163
遭	376	4.47630931154482e-005	0.772234786709215
烤	376	4.47630931154482e-005	0.772324312895446
致	375	4.46440423358858e-005	0.772681703335692
布	374	4.45249915563235e-005	0.772770872369584
般	374	4.45249915563235e-005	0.77281539736114
纸	374	4.45249915563235e-005	0.772904447344253
采	369	4.39297376585117e-005	0.774320318265589
曲	367	4.36916360993869e-005	0.774802235821257
砖	367	4.36916360993869e-005	0.774977002365655
合	366	4.35725853198246e-005	0.775151530808493
夫	362	4.30963822015751e-005	0.775888812286323
尔	362	4.30963822015751e-005	0.776190486961734
基	361	4.29773314220128e-005	0.776233464293156
解	359	4.2739229862888e-005	0.776704786329443
渡	359	4.2739229862888e-005	0.776790264789169
罚	359	4.2739229862888e-005	0.776833004019032
戏	359	4.2739229862888e-005	0.776875743248895
护	358	4.26201790833257e-005	0.777046581117567
色	358	4.26201790833257e-005	0.77708920129665
搬	358	4.26201790833257e-005	0.777302302192067
劳	356	4.23820775242009e-005	0.777726837271986
稳	356	4.23820775242009e-005	0.77776921934951
造	355	4.22630267446386e-005	0.778023273713096
响	355	4.22630267446386e-005	0.778107799766585
政	352	4.19058744059515e-005	0.778864367470704
藏	352	4.19058744059515e-005	0.778990085093922
划	351	4.17868236263891e-005	0.779073658741175
形	350	4.16677728468268e-005	0.779490693621982
救	350	4.16677728468268e-005	0.779532361394829
闯	349	4.15487220672644e-005	0.779906537994994
输	349	4.15487220672644e-005	0.779948086717061
付	349	4.15487220672644e-005	0.779989635439128
板	347	4.13106205081397e-005	0.780486791494581
甲	346	4.11915697285773e-005	0.780898945293426
沟	346	4.11915697285773e-005	0.780940136863155
断	345	4.1072518949015e-005	0.780981209382104
视	344	4.09534681694526e-005	0.781350623951086
吹	344	4.09534681694526e-005	0.781432530887425
川	344	4.09534681694526e-005	0.781473484355594
男	343	4.08344173898902e-005	0.781596225709323
玩	343	4.08344173898902e-005	0.781637060126713
欲	343	4.08344173898902e-005	0.781800397796272
许	343	4.08344173898902e-005	0.781922901048442
遵	342	4.07153666103279e-005	0.782045166199053
售	341	4.05963158307655e-005	0.782329816612986
监	339	4.03582142716408e-005	0.782532202938242
睡	339	4.03582142716408e-005	0.782572561152514
齐	339	4.03582142716408e-005	0.782612919366785
阳	339	4.03582142716408e-005	0.782653277581057
旱	339	4.03582142716408e-005	0.7827339940096
顿	339	4.03582142716408e-005	0.782814710438143
扣	338	4.02391634920784e-005	0.782895307815907
梨	338	4.02391634920784e-005	0.782935546979399
助	338	4.02391634920784e-005	0.783016025306383
栽	337	4.01201127125161e-005	0.783297580400048
圈	337	4.01201127125161e-005	0.783337700512761
司	337	4.01201127125161e-005	0.78349818096361
必	334	3.9762960373829e-005	0.784296416440575
性	334	3.9762960373829e-005	0.784375942361323
跃	334	3.9762960373829e-005	0.784534994202818
毛	333	3.96439095942666e-005	0.784574638112412
语	333	3.96439095942666e-005	0.784614282022006
盖	332	3.95248588147042e-005	0.784852026428792
拍	332	3.95248588147042e-005	0.78516822529931
烧	331	3.94058080351419e-005	0.785483709865151
议	330	3.92867572555795e-005	0.785680143651429
秒	330	3.92867572555795e-005	0.78575871716594
贷	329	3.91677064760172e-005	0.786033010162052
孤	329	3.91677064760172e-005	0.786228848694432
幢	327	3.89296049168924e-005	0.78669743256279
甚	324	3.85724525782054e-005	0.787628052506629
粉	323	3.8453401798643e-005	0.787859368171319
久	323	3.8453401798643e-005	0.787936274974916
昔	322	3.83343510190806e-005	0.788435454893621
险	322	3.83343510190806e-005	0.788550457946679
食	321	3.82153002395183e-005	0.788818560302253
标	321	3.82153002395183e-005	0.788894990902732
胜	321	3.82153002395183e-005	0.789009636803451
刀	320	3.80962494599559e-005	0.78931452584991
夺	320	3.80962494599559e-005	0.78935262209937
编	318	3.78581479008312e-005	0.789959900125917
锌	317	3.77390971212688e-005	0.790148952763862
遍	317	3.77390971212688e-005	0.790186691860983
罗	317	3.77390971212688e-005	0.79041312644371
举	316	3.76200463417065e-005	0.790752183063904
雪	316	3.76200463417065e-005	0.790789803110245
伏	316	3.76200463417065e-005	0.79090266324927
迎	316	3.76200463417065e-005	0.790940283295612
核	316	3.76200463417065e-005	0.790977903341954
赚	313	3.72628940030194e-005	0.79172685179618
味	313	3.72628940030194e-005	0.791764114690183
散	313	3.72628940030194e-005	0.791801377584186
衣	312	3.7143843223457e-005	0.79243401342678
互	311	3.70247924438946e-005	0.792656281232223
抵	310	3.69057416643323e-005	0.792804261351219
毒	309	3.67866908847699e-005	0.793283440738958
堆	308	3.66676401052076e-005	0.793467136091823
庭	308	3.66676401052076e-005	0.793613806652244
确	308	3.66676401052076e-005	0.79372380957256
累	307	3.65485893256452e-005	0.793906552519188
追	306	3.64295385460828e-005	0.794234656467662
刺	306	3.64295385460828e-005	0.794271086006208
底	306	3.64295385460828e-005	0.794416804160393
爬	305	3.63104877665205e-005	0.794525735623692
船	304	3.61914369869581e-005	0.794852410962811
困	304	3.61914369869581e-005	0.794997176710759
征	303	3.60723862073957e-005	0.795286232003537
义	303	3.60723862073957e-005	0.795322304389744
畅	303	3.60723862073957e-005	0.795358376775952
扶	303	3.60723862073957e-005	0.795466593934574
球	302	3.59533354278334e-005	0.795682313947141
营	301	3.5834284648271e-005	0.795826008238072
夏	301	3.5834284648271e-005	0.795933511092017
意	301	3.5834284648271e-005	0.796220185369203
枪	300	3.57152338687087e-005	0.796363165355458
峰	300	3.57152338687087e-005	0.796506026290932
逐	299	3.55961830891463e-005	0.796684364358717
奇	299	3.55961830891463e-005	0.796862345274162
折	299	3.55961830891463e-005	0.796933537640341
托	299	3.55961830891463e-005	0.797040326189608
额	298	3.54771323095839e-005	0.797146995688096
唯	298	3.54771323095839e-005	0.797217949952715
郑	297	3.53580815300216e-005	0.797714034551151
玉	295	3.51199799708968e-005	0.798312383769231
皮	294	3.50009291913345e-005	0.79859262930432
星	292	3.47628276322098e-005	0.799045379418996
拒	291	3.46437768526474e-005	0.799183954526407
志	291	3.46437768526474e-005	0.799218598303259
骑	290	3.4524726073085e-005	0.799391340984405
细	290	3.4524726073085e-005	0.799460390436551
整	289	3.44056752935227e-005	0.799770636768091
息	289	3.44056752935227e-005	0.799805042443384
贴	289	3.44056752935227e-005	0.799873853793971
催	289	3.44056752935227e-005	0.800011476495146
灯	287	3.41675737343979e-005	0.80055994343659
服	287	3.41675737343979e-005	0.800628278584059
洋	287	3.41675737343979e-005	0.800696613731528
普	287	3.41675737343979e-005	0.800730781305262
冷	286	3.40485229548356e-005	0.800832926874127
软	286	3.40485229548356e-005	0.800969120965946
瓶	285	3.39294721752732e-005	0.801206865372732
景	285	3.39294721752732e-005	0.801308653789258
告	284	3.38104213957109e-005	0.801410204104225
终	284	3.38104213957109e-005	0.801511635368412
剧	283	3.36913706161485e-005	0.801646519901656
练	283	3.36913706161485e-005	0.801713902642888
财	283	3.36913706161485e-005	0.801882359495969
抽	282	3.35723198365861e-005	0.802285941638686
塔	282	3.35723198365861e-005	0.802386658598195
租	281	3.34532690570238e-005	0.802922149004667
盐	280	3.33342182774614e-005	0.803022151659499
乌	280	3.33342182774614e-005	0.803322159623996
纳	279	3.32151674978991e-005	0.803588000014759
拟	278	3.30961167183367e-005	0.803853007050064
寻	277	3.29770659387743e-005	0.80395205729866
府	276	3.2858015159212e-005	0.804380282952745
铜	275	3.27389643796496e-005	0.804741602068717
谷	275	3.27389643796496e-005	0.804938035854994
旗	273	3.25008628205249e-005	0.80568710336
泥	273	3.25008628205249e-005	0.805849607674102
弱	272	3.23818120409625e-005	0.805946991211784
钟	272	3.23818120409625e-005	0.806206045708112
谱	271	3.22627612614002e-005	0.806432004087722
捐	269	3.20246597022754e-005	0.806850229476325
围	269	3.20246597022754e-005	0.806882254136027
冠	268	3.19056089227131e-005	0.807457388452094
袋	268	3.19056089227131e-005	0.807489294061016
禽	267	3.17865581431507e-005	0.807775849287423
牧	267	3.17865581431507e-005	0.807902995519996
掏	265	3.1548456584026e-005	0.808600275935893
暨	265	3.1548456584026e-005	0.808631824392477
员	265	3.1548456584026e-005	0.808694921305645
碗	265	3.1548456584026e-005	0.808758018218813
显	264	3.14294058044636e-005	0.808978381211783
端	264	3.14294058044636e-005	0.809041240023392
灵	264	3.14294058044636e-005	0.809229816458219
虎	263	3.13103550249013e-005	0.809605897870857
症	263	3.13103550249013e-005	0.809668518580907
丝	262	3.11913042453389e-005	0.809980669724919
堂	262	3.11913042453389e-005	0.8101054349419
客	262	3.11913042453389e-005	0.810136626246146
挑	262	3.11913042453389e-005	0.810167817550391
籽	261	3.10722534657765e-005	0.810198889803857
智	261	3.10722534657765e-005	0.810292106564254
统	261	3.10722534657765e-005	0.81032317881772
损	261	3.10722534657765e-005	0.810447467831583
挤	261	3.10722534657765e-005	0.81054068459198
维	261	3.10722534657765e-005	0.810727118112775
佳	261	3.10722534657765e-005	0.810758190366241
喊	260	3.09532026862142e-005	0.810851049974299
杨	260	3.09532026862142e-005	0.810943909582358
器	259	3.08341519066518e-005	0.811098080341891
登	259	3.08341519066518e-005	0.811375587709051
训	258	3.07151011270894e-005	0.811529520367025
宗	258	3.07151011270894e-005	0.811744526074914
亲	258	3.07151011270894e-005	0.811775241176041
盗	256	3.04769995679647e-005	0.81229513593039
迈	256	3.04769995679647e-005	0.812356089929526
洗	255	3.03579487884024e-005	0.812538475723815
宝	255	3.03579487884024e-005	0.812599191621392
融	254	3.023889800884e-005	0.812720385314986
返	254	3.023889800884e-005	0.812780863111004
弄	254	3.023889800884e-005	0.813022774295074
扎	253	3.01198472292776e-005	0.813536121256546
莫	253	3.01198472292776e-005	0.81377708003438
妻	253	3.01198472292776e-005	0.813837319728838
钙	252	3.00007964497153e-005	0.814047801507104
禁	252	3.00007964497153e-005	0.814257807082253
谋	251	2.98817456701529e-005	0.814407453912163
象	251	2.98817456701529e-005	0.814556862640514
残	250	2.97626948905905e-005	0.814795202301198
野	249	2.96436441110282e-005	0.815122234792656
侧	249	2.96436441110282e-005	0.815300096657323
微	249	2.96436441110282e-005	0.815389027589656
哭	248	2.95245933314658e-005	0.815418552182988
松	248	2.95245933314658e-005	0.815625224336308
圆	247	2.94055425519035e-005	0.815919636914166
堡	247	2.94055425519035e-005	0.816154881254581
哥	246	2.92864917723411e-005	0.816360124798547
侗	244	2.90483902132164e-005	0.81729264955486
戴	243	2.8929339433654e-005	0.817350508233727
搭	243	2.8929339433654e-005	0.817495154930895
斗	242	2.88102886540917e-005	0.817783734020554
磋	241	2.86912378745293e-005	0.81795635765092
逾	241	2.86912378745293e-005	0.818042431364543
桌	241	2.86912378745293e-005	0.818329343743289
觉	240	2.85721870949669e-005	0.818529587154512
栋	240	2.85721870949669e-005	0.818701020277082
坑	240	2.85721870949669e-005	0.818843881212557
务	239	2.84531363154046e-005	0.818872334348872
蛋	239	2.84531363154046e-005	0.819099959439395
错	239	2.84531363154046e-005	0.819128412575711
鸭	239	2.84531363154046e-005	0.819156865712026
植	238	2.83340855358422e-005	0.819327465479139
怀	238	2.83340855358422e-005	0.819355799564675
赛	238	2.83340855358422e-005	0.819469135906818
素	237	2.82150347562798e-005	0.819666879251671
塘	237	2.82150347562798e-005	0.819836169460208
腿	237	2.82150347562798e-005	0.819920814564477
胸	236	2.80959839767175e-005	0.820117486452314
嘴	235	2.79769331971551e-005	0.820397970088963
储	234	2.78578824175928e-005	0.820677501319375
慢	234	2.78578824175928e-005	0.820705359201792
盒	233	2.77388316380304e-005	0.821122989336496
众	233	2.77388316380304e-005	0.8213448999896
僧	233	2.77388316380304e-005	0.821455855316152
炉	231	2.75007300789057e-005	0.821759672905595
贸	231	2.75007300789057e-005	0.821787173635674
音	231	2.75007300789057e-005	0.821842175095832
鸟	231	2.75007300789057e-005	0.82189717655599
习	230	2.73816792993433e-005	0.822363379408757
稿	229	2.72626285197809e-005	0.822472668024396
捧	229	2.72626285197809e-005	0.822499930652915
抬	229	2.72626285197809e-005	0.822772556938114
容	229	2.72626285197809e-005	0.822827082195153
绕	228	2.71435777402186e-005	0.822963038185414
置	228	2.71435777402186e-005	0.823044468918634
责	227	2.70245269606562e-005	0.823639722816447
棵	225	2.67864254015315e-005	0.824015804229085
功	224	2.66673746219691e-005	0.824283430381541
吸	224	2.66673746219691e-005	0.824390099880029
伊	224	2.66673746219691e-005	0.824470102003895
	224	2.66673746219691e-005	0.824523436753139
宫	224	2.66673746219691e-005	0.824550104127761
迁	224	2.66673746219691e-005	0.824576771502383
扩	224	2.66673746219691e-005	0.824710108375493
趟	223	2.65483238424068e-005	0.824816301670862
域	223	2.65483238424068e-005	0.825134881556971
币	222	2.64292730628444e-005	0.825293576246128
永	222	2.64292730628444e-005	0.825372864065316
签	222	2.64292730628444e-005	0.825505010430631
绝	222	2.64292730628444e-005	0.82587502025351
威	221	2.6310222283282e-005	0.826006809466486
鼠	221	2.6310222283282e-005	0.826085740133336
思	221	2.6310222283282e-005	0.826217291244752
卫	221	2.6310222283282e-005	0.826243601467035
涉	221	2.6310222283282e-005	0.826375152578452
灌	220	2.61911715037197e-005	0.82650634653753
躺	220	2.61911715037197e-005	0.826768258252567
料	219	2.60721207241573e-005	0.826951358351533
尾	219	2.60721207241573e-005	0.827316368041671
摊	219	2.60721207241573e-005	0.827394584403844
守	218	2.5953069944595e-005	0.827446609594513
施	218	2.5953069944595e-005	0.82760232801418
桩	218	2.5953069944595e-005	0.827654234154069
注	218	2.5953069944595e-005	0.827680187224014
协	218	2.5953069944595e-005	0.827861858713626
秀	218	2.5953069944595e-005	0.827913764853515
绳	216	2.57149683854702e-005	0.828275322071045
闻	216	2.57149683854702e-005	0.828506756786514
枫	215	2.55959176059079e-005	0.828763073114912
肩	215	2.55959176059079e-005	0.828788669032518
格	214	2.54768668263455e-005	0.828993317322585
亏	214	2.54768668263455e-005	0.829018794189411
略	213	2.53578160467831e-005	0.829705717187485
灰	213	2.53578160467831e-005	0.829984653163999
勤	212	2.52387652672208e-005	0.830262636734276
坎	212	2.52387652672208e-005	0.830641218213284
旅	211	2.51197144876584e-005	0.830716577356747
纯	211	2.51197144876584e-005	0.831093373074063
偷	211	2.51197144876584e-005	0.831143612503038
赤	211	2.51197144876584e-005	0.831218971646501
父	211	2.51197144876584e-005	0.831294330789964
锑	211	2.51197144876584e-005	0.83134457021894
判	210	2.50006637080961e-005	0.831544575528605
缴	210	2.50006637080961e-005	0.831719580174562
丰	210	2.50006637080961e-005	0.831769581501978
混	210	2.50006637080961e-005	0.831844583493103
陪	209	2.48816129285337e-005	0.832043636396531
猫	209	2.48816129285337e-005	0.832217807687031
备	208	2.47625621489713e-005	0.832391621825193
术	207	2.4643511369409e-005	0.83278698946412
毕	207	2.4643511369409e-005	0.832910207020967
君	207	2.4643511369409e-005	0.832984137555075
沪	207	2.4643511369409e-005	0.833082711600553
孔	206	2.45244605898466e-005	0.833205572005061
糖	205	2.44054098102843e-005	0.833548438250201
透	205	2.44054098102843e-005	0.833572843660012
柜	205	2.44054098102843e-005	0.833597249069822
失	205	2.44054098102843e-005	0.833621654479632
技	205	2.44054098102843e-005	0.833719276118873
兰	205	2.44054098102843e-005	0.833914519397356
鞋	205	2.44054098102843e-005	0.833963330216976
隔	204	2.42863590307219e-005	0.834085000113689
宜	204	2.42863590307219e-005	0.834157859190781
闹	204	2.42863590307219e-005	0.834206431908843
善	204	2.42863590307219e-005	0.834327863703997
词	203	2.41673082511595e-005	0.834714540636015
籍	202	2.40482574715972e-005	0.834907045746568
诸	202	2.40482574715972e-005	0.834931094004039
杆	202	2.40482574715972e-005	0.835003238776454
醇	201	2.39292066920348e-005	0.835459084211398
厚	201	2.39292066920348e-005	0.83548301341809
勇	201	2.39292066920348e-005	0.835626588658242
珠	201	2.39292066920348e-005	0.835674447071627
吉	201	2.39292066920348e-005	0.835698376278319
季	201	2.39292066920348e-005	0.835722305485011
串	200	2.38101559124724e-005	0.836031956562652
控	199	2.36911051329101e-005	0.836340536183278
赵	199	2.36911051329101e-005	0.836553756129474
                                                                                                                                                                                                                                                                                                                                                                                                                                                                                                                                                                                                                                                                                                                                                                                                                                                                                                                                                                                                                                                                                                                                                                                                                                                                                                                                                                                                                                                                                                                                                                                                                                                                                                                                                                                                                                                                                                                                                                                                                                                                                                                                                                                                                                                                                                                                                                                                           