上	34127	0.00418083934083206	0.124281075598009
中	32809	0.0040193734560131	0.132321170100879
省	25222	0.00308990329810608	0.152979737746571
元	23791	0.00291459398006668	0.164867449126914
人	21835	0.00267496782626859	0.178653916007113
不	19837	0.0024301963256098	0.188708168789429
大	19382	0.00237445506795227	0.191082623857381
新	17551	0.00215014244647767	0.195538249222226
年	17394	0.00213090864987936	0.199801536621088
说	16976	0.00207970019778958	0.201881236818877
已	14736	0.0018052816985525	0.211380527189789
后	14613	0.00179021318274618	0.213170740372535
两	14325	0.00175493080427284	0.214925671176808
都	13098	0.00160461317098539	0.228219899874
下	13074	0.00160167297277928	0.22982157284678
好	12781	0.001565778053013	0.236171298397653
出	12708	0.00155683495013608	0.239286438397029
使	12294	0.00150611653108065	0.24540119310793
名	11107	0.00136069922813672	0.256516612426135
党	9915	0.00121466938389984	0.268076859231273
会	9797	0.00120021340938646	0.270480838789545
次	9771	0.00119702819466317	0.271677866984208
县	9753	0.00119482304600859	0.272872690030217
时	9753	0.00119482304600859	0.274067513076225
家	8660	0.00106092151937192	0.291066514021377
做	8597	0.00105320349908088	0.293177453825106
村	8214	0.00100628283604168	0.299319160352897
作	8125	0.000995379601027354	0.301320210248674
里	7567	0.00092701999273526	0.30415676646802
条	7351	0.000900558208880256	0.313261580246278
位	7225	0.00088512216829817	0.317705567326558
种	7133	0.000873851408508076	0.321215918968138
厂	6804	0.00083354619143263	0.33055815375154
内	6760	0.000828155828054759	0.331386309579595
电	6652	0.000814924936127257	0.335480168056829
市	6513	0.000797896288183527	0.338694172220885
达	5753	0.000704790011656661	0.35885008848159
项	5727	0.000701604796933373	0.359551693278524
小	5611	0.000687393838937167	0.360930278712414
更	5336	0.000653704067825472	0.366261960634422
天	5336	0.000653704067825472	0.366915664702247
办	5197	0.000636675419881743	0.371418700763166
去	5160	0.000632142614313987	0.372685313648707
前	5118	0.000626997267453292	0.375199183114932
亩	5067	0.000620749346265305	0.377693573768042
高	5055	0.000619279247162249	0.378312853015204
区	5045	0.00061805416457637	0.378930907179781
户	4985	0.000610703669061091	0.380775881554116
再	4842	0.000593184988083009	0.386179475823914
届	4749	0.000581791720034327	0.389689214924202
日	4702	0.000576033831880692	0.392001680813308
应	4622	0.000566233171193653	0.397710933188284
部	4564	0.00055912769219555	0.399961532406804
万	4525	0.000554349870110619	0.401630829938324
外	4479	0.000548714490215572	0.402179544428539
近	4434	0.000543201618579113	0.403816499779792
最	4405	0.000539648879080061	0.405977422953025
乡	4401	0.000539158846045709	0.406516581799071
占	4377	0.000536218647839597	0.408126707841693
抓	4229	0.000518087425568576	0.413377656821291
号	4018	0.000492238183006512	0.423922065146217
水	4011	0.000491380625196396	0.424905438937903
却	3998	0.000489788017834752	0.425395226955737
走	3979	0.000487460360921581	0.426860548236708
看	3956	0.000484642670974057	0.429774407167223
很	3906	0.000478517258044658	0.432181939464994
局	3885	0.00047594458461431	0.432657884049609
点	3838	0.000470186696460675	0.43454830898788
余	3818	0.000467736531288916	0.435485007133043
共	3807	0.000466388940444448	0.435951396073488
成	3806	0.00046626643218586	0.436417662505674
报	3762	0.000460876068807989	0.437342722366271
米	3707	0.000454138114585649	0.440075391582335
路	3707	0.000454138114585649	0.440529529696921
吨	3579	0.000438457057486388	0.44588534574587
岁	3482	0.000426573756403354	0.449339833621534
院	3322	0.000406972435029276	0.455995094769326
批	3294	0.000403542203788813	0.457209519136709
仅	3285	0.000402439629461521	0.458014643412149
处	3263	0.000399744447772585	0.458816582472866
长	3248	0.000397906823893766	0.460011895551909
只	3196	0.000391536394447191	0.461988443795967
全	3146	0.000385410981517792	0.463540500924019
镇	3101	0.000379898109881332	0.465072099172886
无	3069	0.000375977845606517	0.46658311603431
正	3033	0.00037156754829735	0.468451857010811
件	3018	0.00036972992441853	0.469932246807588
场	3003	0.00036789230053971	0.471038863907413
带	2978	0.000364829594075011	0.472503082614057
山	2967	0.000363482003230543	0.47359512123111
分	2962	0.000362869461937603	0.473957990693048
非	2946	0.000360909329800195	0.475403955669162
百	2903	0.000355641474680912	0.47791059714813
便	2877	0.000352456259957624	0.478972866258347
委	2846	0.000348658503941397	0.480374238228335
学	2745	0.000336285169824011	0.487904575867221
总	2735	0.000335060087238131	0.488239635954459
台	2720	0.000333222463359311	0.48890669342247
建	2713	0.000332364905549195	0.489571790758345
级	2669	0.000326974542171324	0.491215361555561
行	2659	0.000325749459585444	0.492846191493884
搞	2653	0.000325014410033916	0.493171205903918
才	2652	0.000324891901775328	0.493496097805693
数	2651	0.00032476939351674	0.49382086719921
讲	2637	0.000323054277896509	0.495440303869485
曾	2632	0.000322441736603569	0.496408241620588
月	2628	0.000321951703569217	0.497052145027727
组	2625	0.000321584178793453	0.49737372920652
钱	2612	0.000319991571431809	0.498976872278403
老	2555	0.000313008600692294	0.503409588598892
国	2506	0.000307005696021483	0.506511497706339
站	2450	0.000300145233540556	0.509536226610877
开	2435	0.000298307609661736	0.510732642264247
未	2432	0.000297940084885972	0.511030582349133
均	2432	0.000297940084885972	0.511328522434019
车	2429	0.000297572560110208	0.51281724279238
图	2364	0.00028960952330199	0.517808964296805
事	2329	0.00028532173425141	0.518670319862938
线	2316	0.000283729126889766	0.519806338944824
花	2307	0.000282626552562475	0.520655811209873
校	2303	0.000282136519528123	0.521785337354054
进	2258	0.000276623647891663	0.525131527929126
片	2257	0.000276501139633076	0.52540802906876
找	2150	0.000263392755964161	0.531882345518617
受	2146	0.00026290272292981	0.532145248241547
州	2130	0.000260942590792402	0.53345424898456
方	2101	0.00025738985129335	0.535780925831663
机	2085	0.000255429719155943	0.536806932497337
仍	2071	0.000253714603535711	0.537824486093169
重	2060	0.000252367012691243	0.538835914276071
队	2051	0.000251264438363951	0.5395916677233
写	2049	0.000251019421846775	0.540093829075253
入	2040	0.000249916847519483	0.540594152803326
想	2024	0.000247956715382076	0.541835528987598
原	1980	0.000242566352004204	0.544287041750202
放	1972	0.000241586285935501	0.545497300836793
请	1971	0.000241463777676913	0.54573876461447
手	1957	0.000239748662056681	0.546219119496393
干	1951	0.000239013612505153	0.546697514246179
头	1949	0.000238768595987977	0.547175173946414
黔	1947	0.000238523579470801	0.547413697525884
案	1917	0.000234848331713162	0.549306450121069
版	1906	0.000233500740868694	0.550008667459295
买	1905	0.000233378232610106	0.550242045691905
城	1896	0.000232275658282814	0.551172863440657
书	1870	0.000229090443559526	0.553016980257182
贵	1855	0.000227252819680707	0.553700331323585
双	1851	0.000226762786646355	0.554153979405137
座	1845	0.000226027737094827	0.554832675157714
接	1837	0.000225047671026123	0.55505772282874
现	1819	0.000222842522371539	0.555953258199018
获	1810	0.000221739948044248	0.55839889056521
强	1808	0.000221494931527072	0.558620385496738
吃	1788	0.000219044766355312	0.560382421780009
转	1785	0.000218677241579548	0.560820021279685
改	1784	0.00021855473332096	0.561257253254585
海	1778	0.000217819683769432	0.561693627671676
支	1765	0.000216227076407788	0.563429569695867
见	1761	0.000215737043373436	0.564077270859022
相	1752	0.000214634469046145	0.564291905328068
段	1737	0.000212796845167325	0.565145052840875
酒	1721	0.000210836713029917	0.567261505516241
送	1711	0.000209611630444037	0.568101177120603
低	1698	0.000208019023082394	0.569354926638992
份	1687	0.000206671432237926	0.570183572500082
面	1686	0.000206548923979338	0.570390121424061
道	1678	0.000205568857910634	0.570801626664658
心	1676	0.000205323841393458	0.571006950506051
代	1674	0.000205078824876282	0.571417108155804
字	1673	0.000204956316617694	0.571827020789039
美	1672	0.000204833808359106	0.572031854597398
金	1671	0.000204711300100518	0.572236565897499
间	1656	0.000202873676221698	0.573867885868857
少	1646	0.000201648593635818	0.574272285630455
制	1631	0.000199810969756999	0.575274525693964
住	1629	0.000199565953239823	0.5758734685702
筑	1621	0.000198585887171119	0.576669527234505
厅	1613	0.000197605821102415	0.577857612326291
快	1573	0.000192705490758896	0.582144176294285
班	1562	0.000191357899914428	0.583487724366219
没	1557	0.000190745358621488	0.583869337591721
交	1543	0.000189030243001256	0.584058367834722
话	1542	0.000188907734742668	0.584436183304207
张	1534	0.000187927668673964	0.585000946376298
难	1531	0.000187560143898201	0.585188506520196
爱	1524	0.000186702586088085	0.585375209106284
块	1523	0.000186580077829497	0.585561789184114
创	1515	0.000185600011760793	0.586119324268948
发	1513	0.000185354995243617	0.586675511762937
烟	1506	0.000184497437433501	0.587413991545705
女	1494	0.000183027338330445	0.588332190943822
生	1478	0.000181067206193037	0.590514920587084
驻	1474	0.000180577173158686	0.591057019631336
约	1468	0.000179842123607158	0.591957455331958
套	1463	0.000179229582314218	0.592495879128452
类	1463	0.000179229582314218	0.592675108710766
加	1447	0.00017726945017681	0.594102574939833
风	1437	0.00017604436759093	0.595163251442688
树	1433	0.000175554334556578	0.595866448846983
门	1417	0.000173594202419171	0.597610231399724
先	1408	0.000172491628091879	0.598647998858223
期	1405	0.000172124103316115	0.598820122961539
运	1400	0.000171511562023175	0.599163391102103
红	1384	0.000169551429885767	0.600356499032491
军	1381	0.000169183905110003	0.600695111859228
楼	1361	0.000166733739938244	0.603040777486412
石	1346	0.000164896116059424	0.605031536688467
粮	1344	0.000164651099542248	0.605690508611412
团	1342	0.000164406083025072	0.605854914694437
推	1325	0.000162323442629076	0.607322073599287
早	1325	0.000162323442629076	0.607484397041916
辆	1314	0.000160975851784608	0.609583331036304
回	1313	0.00016085334352602	0.60974418437983
证	1288	0.000157790637061321	0.611972364587028
太	1282	0.000157055587509793	0.612286843286823
情	1281	0.000156933079251205	0.612757642524577
活	1277	0.000156443046216853	0.613227461696262
黄	1261	0.000154482914079445	0.614626628517595
收	1261	0.000154482914079445	0.614781111431675
设	1257	0.000153992881045093	0.615089464718541
身	1244	0.00015240027368345	0.616315772387007
真	1242	0.000152155257166274	0.616467927644173
保	1240	0.000151910240649098	0.61677187063373
极	1230	0.000150685158063218	0.617678431747281
口	1228	0.000150440141546042	0.618280682346499
越	1219	0.00014933756721875	0.619180015472794
港	1213	0.000148602517667222	0.620371285779303
需	1213	0.000148602517667222	0.620519888296971
深	1204	0.00014749994333993	0.620963980734352
声	1196	0.000146519877271227	0.621697805203294
乱	1195	0.000146397369012639	0.621844202572307
定	1191	0.000145907335978287	0.622282537121534
增	1177	0.000144192220358055	0.623439872640415
状	1173	0.000143702187323703	0.624159118626585
主	1167	0.000142967137772175	0.624589000105971
法	1166	0.000142844629513587	0.62501765650277
农	1164	0.000142599612996411	0.625445700358276
工	1163	0.000142477104737823	0.625730777076011
系	1159	0.000141987071703471	0.626157473340673
桥	1150	0.000140884497376179	0.626863855959691
牌	1135	0.00013904687349736	0.628825703212719
通	1125	0.00013782179091148	0.62993268783732
问	1122	0.000137454266135716	0.631033179524216
步	1114	0.000136474200067012	0.631991316614632
房	1105	0.00013537162573972	0.633893869870504
挂	1095	0.00013414654315384	0.634702424377184
钢	1094	0.000134024034895252	0.634970472446975
帐	1076	0.000131818886240669	0.636430403364568
修	1068	0.000130838820171965	0.637743324371855
华	1066	0.000130593803654789	0.63826606711125
东	1058	0.000129613737586085	0.639047057259749
集	1047	0.000128266146741617	0.639432590749525
包	1046	0.000128143638483029	0.639560734388008
卖	1046	0.000128143638483029	0.639688878026491
款	1042	0.000127653605448677	0.640072573892389
变	1040	0.000127408588931501	0.64032751357851
室	1037	0.000127041064155737	0.641344699649566
病	1031	0.00012630601460421	0.641597801711809
实	1027	0.000125815981569858	0.642227739177468
属	1020	0.000124958423759742	0.642979449852164
科	1016	0.00012446839072539	0.643353590073892
权	1012	0.000123978357691038	0.643849626012915
牛	1007	0.000123365816398098	0.644096602662228
量	1007	0.000123365816398098	0.644219968478626
超	1005	0.000123120799880922	0.644589453386528
满	1002	0.000122753275105158	0.644835082444997
刚	997	0.000122140733812218	0.645202117187726
枚	992	0.000121528192519278	0.646420094294608
卡	983	0.000120425618191986	0.648353397123385
土	982	0.000120303109933398	0.648594125851511
林	982	0.000120303109933398	0.648714428961444
富	982	0.000120303109933398	0.648834732071377
明	979	0.000119935585157634	0.648954667656535
差	978	0.000119813076899046	0.649194416318592
称	972	0.000119078027347519	0.649910844614814
听	972	0.000119078027347519	0.650149000669509
坡	971	0.000118955519088931	0.650506112243293
层	966	0.000118342977795991	0.651099052214859
限	966	0.000118342977795991	0.651335738170451
产	965	0.000118220469537403	0.651572179109526
拉	962	0.000117852944761639	0.65204383590509
河	956	0.000117117895210111	0.652983719264977
寨	955	0.000116995386951523	0.653100714651928
立	951	0.000116505353917171	0.653917109687159
商	950	0.000116382845658583	0.654149875378476
盘	949	0.000116260337399995	0.654266135715876
防	949	0.000116260337399995	0.654382396053276
治	945	0.000115770304365643	0.655193768249904
穿	944	0.000115647796107055	0.655540711638225
跑	938	0.000114912746555527	0.656116255437072
西	935	0.000114545221779763	0.656460136118928
药	934	0.000114422713521175	0.65691807198953
帮	933	0.000114300205262587	0.657032372194792
特	929	0.000113810172228235	0.65805984895957
迎	928	0.000113687663969647	0.658400911951479
力	926	0.000113442647452471	0.658741239893836
读	917	0.00011234007312518	0.659870643529759
投	915	0.000112095056608004	0.6602071737161
远	913	0.000111850040090828	0.660542846344631
化	912	0.00011172753183224	0.660654573876463
展	910	0.000111482515315064	0.661212598994331
选	906	0.000110992482280712	0.661657548989523
田	904	0.000110747465763536	0.661768296455286
反	899	0.000110134924470596	0.662541323566977
关	897	0.00010988990795342	0.662871238307354
求	897	0.00010988990795342	0.662981128215308
资	897	0.00010988990795342	0.663091018123261
社	893	0.000109399874919068	0.66385804233028
江	892	0.00010927736666048	0.6644046741801
幅	887	0.00010866482536754	0.664731281197496
养	886	0.000108542317108952	0.664948488339972
凡	881	0.000107929775816012	0.665813886678637
副	878	0.000107562251040248	0.66624487073235
龙	876	0.000107317234523072	0.666674629703477
赴	870	0.000106582184971544	0.667423155163449
首	870	0.000106582184971544	0.667529737348421
旧	864	0.000105847135420017	0.668166167751785
笔	864	0.000105847135420017	0.668272014887205
税	859	0.000105234594127077	0.669327301026682
煤	856	0.000104867069351313	0.66953740269016
业	841	0.000103029445472493	0.6709915757196
溪	838	0.000102661920696729	0.671505620372635
联	833	0.000102049379403789	0.672119754272937
今	830	0.000101681854628025	0.672730947975032
存	822	0.000100701788559321	0.674248457774162
派	822	0.000100701788559321	0.674349159562721
民	822	0.000100701788559321	0.67444986135128
南	817	0.000100089247266381	0.675452468939564
清	812	9.94767059734414e-005	0.676350086950238
换	807	9.88641646805015e-005	0.676945599595235
子	807	9.88641646805015e-005	0.677143327924596
光	804	9.84966399047376e-005	0.677537804517249
言	798	9.77615903532097e-005	0.678421579094703
价	797	9.76390820946217e-005	0.678812502947857
街	797	9.76390820946217e-005	0.679105420194141
矿	795	9.73940655774457e-005	0.679592880555062
歌	794	9.72715573188578e-005	0.679787546177959
购	794	9.72715573188578e-005	0.679982089292596
动	793	9.71490490602698e-005	0.680079238341657
假	786	9.62914912501539e-005	0.680852142945088
股	785	9.61689829915659e-005	0.68123718640183
句	784	9.60464747329779e-005	0.681429279351296
引	777	9.51889169228621e-005	0.682480645226498
坐	777	9.51889169228621e-005	0.682575834143421
摆	768	9.40863425955702e-005	0.683996317401748
店	768	9.40863425955702e-005	0.684090403744344
直	767	9.39638343369822e-005	0.684278331413018
物	767	9.39638343369822e-005	0.684372295247355
京	767	9.39638343369822e-005	0.684466259081692
网	765	9.37188178198063e-005	0.684747783059927
信	764	9.35963095612183e-005	0.684841379369488
易	760	9.31062765268664e-005	0.685587944697323
群	758	9.28612600096904e-005	0.686052618522148
公	747	9.15136691652226e-005	0.687528843038133
篇	746	9.13911609066346e-005	0.687711625359946
落	745	9.12686526480466e-005	0.687894162665242
半	745	9.12686526480466e-005	0.68798543131789
指	744	9.11461443894587e-005	0.688167846114928
具	743	9.10236361308707e-005	0.688350015895448
提	739	9.05336030965187e-005	0.688985711249261
文	732	8.96760452864029e-005	0.690248036345752
梯	730	8.94310287692269e-005	0.690785112551402
架	730	8.94310287692269e-005	0.69096397460894
完	728	8.91860122520509e-005	0.691053160621192
担	728	8.91860122520509e-005	0.691142346633444
跨	726	8.8940995734875e-005	0.691498478141159
王	725	8.8818487476287e-005	0.691676115116112
装	724	8.8695979217699e-005	0.691853629582806
菜	721	8.83284544419351e-005	0.692384580375526
广	716	8.77159131489952e-005	0.693704851878329
题	710	8.69808635974673e-005	0.694403761493574
令	707	8.66133388217033e-005	0.694924911625607
负	707	8.66133388217033e-005	0.695011524964429
兼	704	8.62458140459394e-005	0.695443734100727
型	704	8.62458140459394e-005	0.695529979914773
列	700	8.57557810115874e-005	0.696217863786744
谈	698	8.55107644944115e-005	0.696645907642251
准	695	8.51432397186475e-005	0.697242767878091
猪	694	8.50207314600596e-005	0.697497830072471
排	687	8.41631736499437e-005	0.699022935383633
画	686	8.40406653913557e-005	0.699106976049025
洞	685	8.39181571327677e-005	0.699442893694073
香	685	8.39181571327677e-005	0.699526811851206
铁	683	8.36731406155917e-005	0.699778198797828
热	683	8.36731406155917e-005	0.69994554507906
初	682	8.35506323570038e-005	0.700112646343774
北	678	8.30605993226518e-005	0.700945334977396
奔	677	8.29380910640639e-005	0.701111211159524
磷	675	8.26930745468879e-005	0.701359657907941
查	675	8.26930745468879e-005	0.701607737131581
诉	674	8.25705662882999e-005	0.701855571338705
缺	670	8.2080533253948e-005	0.703090577093531
轮	669	8.195802499536e-005	0.70325461565178
效	667	8.1713008478184e-005	0.703663425710688
马	666	8.1590500219596e-005	0.703745016210908
平	666	8.1590500219596e-005	0.703826606711127
常	666	8.1590500219596e-005	0.704071378211786
苗	665	8.14679919610081e-005	0.704234314195708
飞	662	8.11004671852441e-005	0.704803120040332
节	660	8.08554506680682e-005	0.705612899629599
单	654	8.01204011165403e-005	0.706577039624686
居	653	7.99978928579523e-005	0.706657037517544
含	653	7.99978928579523e-005	0.70681703330326
气	649	7.95078598236004e-005	0.707455178822245
企	649	7.95078598236004e-005	0.707534686682069
师	648	7.93853515650124e-005	0.707693457385199
争	643	7.87728102720725e-005	0.709038230539719
宽	642	7.86503020134845e-005	0.709195531143746
兴	642	7.86503020134845e-005	0.709352831747773
克	639	7.82827772377205e-005	0.709666697906275
度	639	7.82827772377205e-005	0.709744980683513
右	637	7.80377607205446e-005	0.710135537011891
黑	636	7.79152524619566e-005	0.710369282769277
穷	634	7.76702359447806e-005	0.710913831978701
俄	629	7.70576946518407e-005	0.711996804984618
补	628	7.69351863932527e-005	0.712227855560315
羊	626	7.66901698760768e-005	0.71261179644273
英	625	7.65676616174888e-005	0.712918312105717
拨	623	7.63226451003128e-005	0.713529138283037
德	622	7.62001368417248e-005	0.713681661064979
白	622	7.62001368417248e-005	0.713834061338662
票	621	7.60776285831369e-005	0.714214817006354
云	618	7.57101038073729e-005	0.71466981267875
计	616	7.54650872901969e-005	0.715123338252042
唱	615	7.5342579031609e-005	0.715424953584686
株	614	7.5220070773021e-005	0.715726201392554
减	605	7.41174964457292e-005	0.716771686871344
知	605	7.41174964457292e-005	0.716845804367789
教	604	7.39949881871412e-005	0.71729001931343
供	602	7.37499716699652e-005	0.717733009176484
杯	601	7.36274634113772e-005	0.718101514018316
销	600	7.35049551527892e-005	0.718322273900292
硬	600	7.35049551527892e-005	0.718616293720903
留	599	7.33824468942013e-005	0.71876318112295
周	593	7.26473973426734e-005	0.72000382225767
利	592	7.25248890840854e-005	0.720221396924923
短	590	7.22798725669094e-005	0.720728091082442
庆	588	7.20348560497335e-005	0.721016598031417
专	587	7.19123477911455e-005	0.721304492439099
春	586	7.17898395325575e-005	0.721591774305488
脚	579	7.09322817224416e-005	0.723374882009236
品	578	7.08097734638536e-005	0.723729175893072
调	577	7.06872652052656e-005	0.72422398674951
左	570	6.98297073951498e-005	0.725557121619464
草	569	6.97071991365618e-005	0.725766365725132
木	569	6.97071991365618e-005	0.725836072924269
检	569	6.97071991365618e-005	0.725905780123405
算	569	6.97071991365618e-005	0.725975487322542
持	568	6.95846908779738e-005	0.726184241395176
坝	566	6.93396743607978e-005	0.726739938856131
油	565	6.92171661022099e-005	0.726878373188335
番	564	6.90946578436219e-005	0.727154996836227
瓦	562	6.88496413264459e-005	0.727775991199009
体	558	6.8359608292094e-005	0.728667973829788
诗	556	6.8114591774918e-005	0.728940677213405
访	556	6.8114591774918e-005	0.729213135580505
茶	552	6.76245587405661e-005	0.729958720842271
安	550	6.73795422233901e-005	0.730431480212162
园	550	6.73795422233901e-005	0.730498859754386
巴	548	6.71345257062142e-005	0.730902401958174
苦	548	6.71345257062142e-005	0.731170940060999
领	543	6.65219844132743e-005	0.731972021563906
结	541	6.62769678960983e-005	0.732436450372213
些	541	6.62769678960983e-005	0.732569004308005
解	539	6.60319513789223e-005	0.732767345178659
忙	537	6.57869348617464e-005	0.733030860442882
紧	536	6.56644266031584e-005	0.733096524869485
银	536	6.56644266031584e-005	0.733162189296088
配	533	6.52969018273944e-005	0.7336209827245
背	532	6.51743935688065e-005	0.733751454019896
压	530	6.49293770516305e-005	0.73407646842993
史	527	6.45618522758665e-005	0.734723557051792
感	525	6.43168357586906e-005	0.735174754968171
率	525	6.43168357586906e-005	0.73523907180393
球	522	6.39493109829266e-005	0.735624360277189
竟	521	6.38268027243387e-005	0.735879789996345
秋	520	6.37042944657507e-005	0.736198433976933
抗	519	6.35817862071627e-005	0.73626201576314
箱	519	6.35817862071627e-005	0.736389179335554
墙	518	6.34592779485747e-005	0.736516097891451
尚	514	6.29692449142228e-005	0.737148608030541
域	513	6.28467366556348e-005	0.737399994977164
序	512	6.27242283970468e-005	0.737713738627408
岩	511	6.26017201384588e-005	0.737776340347546
顶	511	6.26017201384588e-005	0.7380267472281
医	510	6.24792118798708e-005	0.738151828160119
货	510	6.24792118798708e-005	0.738214307371998
根	508	6.22341953626949e-005	0.738650804297347
贫	508	6.22341953626949e-005	0.73871303849271
致	508	6.22341953626949e-005	0.738775272688073
课	507	6.21116871041069e-005	0.739085831123593
冬	506	6.19891788455189e-005	0.739147820302439
亦	505	6.18666705869309e-005	0.739333542822458
古	503	6.1621654069755e-005	0.739580519471772
患	503	6.1621654069755e-005	0.739642141125841
轻	503	6.1621654069755e-005	0.74001187105026
净	501	6.1376637552579e-005	0.740257622616987
掉	494	6.05190797424631e-005	0.741476212265162
费	494	6.05190797424631e-005	0.741597250424647
须	492	6.02740632252872e-005	0.741959139820516
抢	491	6.01515549666992e-005	0.742199868548641
合	489	5.99065384495232e-005	0.74256004282889
竹	488	5.97840301909352e-005	0.74279954647443
升	487	5.96615219323473e-005	0.743217789669249
儿	486	5.95390136737593e-005	0.743575391276067
式	483	5.91714888979953e-005	0.744228115277824
死	482	5.90489806394074e-005	0.744819217625511
卷	481	5.89264723808194e-005	0.744995997042653
绿	481	5.89264723808194e-005	0.745054923515034
继	480	5.88039641222314e-005	0.745172653951537
岗	480	5.88039641222314e-005	0.745407869808026
助	476	5.83139310878795e-005	0.746110699687545
观	473	5.79464063121155e-005	0.746808261711945
传	472	5.78238980535275e-005	0.747155450116784
喜	470	5.75788815363516e-005	0.747559114828831
颗	469	5.74563732777636e-005	0.747674027575387
志	469	5.74563732777636e-005	0.74784639669522
果	468	5.73338650191756e-005	0.748133188528574
夜	467	5.72113567605876e-005	0.748247611242096
斯	465	5.69663402434117e-005	0.748989276239587
角	464	5.68438319848237e-005	0.749159807735542
流	464	5.68438319848237e-005	0.749216651567526
馆	463	5.67213237262357e-005	0.749443536862431
湖	460	5.63537989504717e-005	0.750121987598492
梦	459	5.62312906918838e-005	0.750290926487085
职	458	5.61087824332958e-005	0.750740409287844
表	457	5.59862741747078e-005	0.750852381836193
载	456	5.58637659161198e-005	0.751243673214124
急	454	5.56187493989439e-005	0.752135655844903
印	453	5.54962411403559e-005	0.752469123324779
记	453	5.54962411403559e-005	0.752524619565919
肉	452	5.53737328817679e-005	0.752746482022222
暨	449	5.50062081060039e-005	0.753243007994279
翻	449	5.50062081060039e-005	0.753298014202385
优	448	5.4883699847416e-005	0.753407904110339
破	446	5.463868333024e-005	0.753900877342897
困	445	5.4516175071652e-005	0.754119064551442
境	443	5.42711585544761e-005	0.754608730061018
倒	437	5.35361090029482e-005	0.756443291233373
肥	436	5.34136007443602e-005	0.756764262870874
取	436	5.34136007443602e-005	0.757031330874596
停	432	5.29235677100083e-005	0.757509603116123
笑	431	5.28010594514203e-005	0.757879210532283
兵	430	5.26785511928323e-005	0.758090169753571
复	429	5.25560429342443e-005	0.75819528183944
布	429	5.25560429342443e-005	0.758247837882374
眼	429	5.25560429342443e-005	0.758510618097045
脸	429	5.25560429342443e-005	0.758563174139979
亮	428	5.24335346756563e-005	0.758668163717589
色	427	5.23110264170683e-005	0.758877775348033
试	427	5.23110264170683e-005	0.759087019453701
精	425	5.20660098998924e-005	0.759661460678221
遵	424	5.19435016413044e-005	0.760025677731003
严	420	5.14534686069525e-005	0.76106013746652
例	418	5.12084520897765e-005	0.761522483634431
距	418	5.12084520897765e-005	0.761727317442789
怕	417	5.10859438311885e-005	0.761778403386621
粉	412	5.04734025382486e-005	0.762590020599766
划	412	5.04734025382486e-005	0.762690967404843
欠	412	5.04734025382486e-005	0.762741440807381
毒	410	5.02283860210726e-005	0.76324470473366
扶	410	5.02283860210726e-005	0.763294933119681
促	409	5.01058777624847e-005	0.763595568386256
鱼	409	5.01058777624847e-005	0.763695780141781
质	408	4.99833695038967e-005	0.764145630467316
考	408	4.99833695038967e-005	0.764345563945331
司	407	4.98608612453087e-005	0.764495146529067
麻	406	4.97383529867207e-005	0.76489317586122
封	404	4.94933364695448e-005	0.765240364266058
纸	403	4.93708282109568e-005	0.765438215103677
尔	399	4.88807951766048e-005	0.766910641863646
雨	396	4.85132704008409e-005	0.767689549371749
钙	396	4.85132704008409e-005	0.76778657591255
秒	396	4.85132704008409e-005	0.767835089182951
井	395	4.83907621422529e-005	0.76802865223152
奖	395	4.83907621422529e-005	0.768125433755805
晚	394	4.82682538836649e-005	0.768221970263572
招	394	4.82682538836649e-005	0.768270238517456
畜	393	4.81457456250769e-005	0.768318384263081
灯	393	4.81457456250769e-005	0.768510967245581
伤	393	4.81457456250769e-005	0.768559112991206
闯	392	4.8023237366489e-005	0.768607136228573
似	392	4.8023237366489e-005	0.768703182703306
旗	391	4.7900729107901e-005	0.768942808857104
呈	389	4.7655712590725e-005	0.769516024999037
沙	388	4.7533204332137e-005	0.769611091407701
夫	388	4.7533204332137e-005	0.769706157816366
曲	386	4.72881878149611e-005	0.770132854081027
环	386	4.72881878149611e-005	0.770180142268842
献	386	4.72881878149611e-005	0.770227430456657
响	385	4.71656795563731e-005	0.770557835230069
足	384	4.70431712977851e-005	0.770793173594817
战	384	4.70431712977851e-005	0.770840216766115
册	382	4.67981547806091e-005	0.771543169153893
挖	382	4.67981547806091e-005	0.771589967308673
饭	382	4.67981547806091e-005	0.771636765463454
敢	381	4.66756465220212e-005	0.771730116756498
抱	379	4.64306300048452e-005	0.772521765123494
互	379	4.64306300048452e-005	0.772661057013508
踏	379	4.64306300048452e-005	0.772707487643513
势	378	4.63081217462572e-005	0.772800103887006
偏	378	4.63081217462572e-005	0.772846412008752
答	378	4.63081217462572e-005	0.772939028252244
般	377	4.61856134876692e-005	0.773124015722712
值	377	4.61856134876692e-005	0.773216386949687
青	376	4.60631052290813e-005	0.773631322421525
章	375	4.59405969704933e-005	0.773861270422894
鞋	375	4.59405969704933e-005	0.773907211019865
核	375	4.59405969704933e-005	0.773953151616835
遇	374	4.58180887119053e-005	0.774319696326531
忘	373	4.56955804533173e-005	0.774502601156603
劳	372	4.55730721947293e-005	0.774822102695
火	369	4.52055474189654e-005	0.775774604405522
乐	368	4.50830391603774e-005	0.775819687444682
男	367	4.49605309017894e-005	0.775999897093065
造	366	4.48380226432014e-005	0.776224332222798
性	366	4.48380226432014e-005	0.776358846290728
旁	365	4.47155143846135e-005	0.776493237850399
世	365	4.47155143846135e-005	0.776716815422322
订	365	4.47155143846135e-005	0.776761530936706
添	364	4.45930061260255e-005	0.776850716948958
稳	364	4.45930061260255e-005	0.776939902961211
甲	363	4.44704978674375e-005	0.777117907460939
钩	362	4.43479896088495e-005	0.77729566694415
额	362	4.43479896088495e-005	0.777340014933759
警	362	4.43479896088495e-005	0.777473058902586
断	361	4.42254813502615e-005	0.777827475294681
阳	361	4.42254813502615e-005	0.777871700776031
鸡	360	4.41029730916735e-005	0.778048480193174
视	360	4.41029730916735e-005	0.778136686139357
颇	359	4.39804648330856e-005	0.778533490388923
参	359	4.39804648330856e-005	0.778753392713089
刀	357	4.37354483159096e-005	0.779279320667207
船	355	4.34904317987336e-005	0.779715327559521
喝	354	4.33679235401457e-005	0.780063005997394
器	352	4.31229070229697e-005	0.780711932243134
铝	352	4.31229070229697e-005	0.780884423871226
齐	350	4.28778905057937e-005	0.78127105993533
愿	350	4.28778905057937e-005	0.781656960949883
底	350	4.28778905057937e-005	0.781742716730894
议	348	4.26328739886178e-005	0.782041636881849
退	346	4.23878574714418e-005	0.782508883380104
评	345	4.22653492128538e-005	0.782847741223358
征	344	4.21428409542658e-005	0.783016557603692
欲	344	4.21428409542658e-005	0.783058700444646
屋	344	4.21428409542658e-005	0.783100843285601
游	344	4.21428409542658e-005	0.783142986126555
降	343	4.20203326956778e-005	0.783353455314809
板	343	4.20203326956778e-005	0.7834374959802
血	343	4.20203326956778e-005	0.783815678974461
皆	343	4.20203326956778e-005	0.783857699307157
剧	342	4.18978244370899e-005	0.784193004410912
险	341	4.17753161785019e-005	0.784569472289553
空	341	4.17753161785019e-005	0.784736573554267
政	339	4.15302996613259e-005	0.785152366583915
形	339	4.15302996613259e-005	0.785193896883576
理	337	4.128528314415e-005	0.785897706829164
胜	337	4.128528314415e-005	0.786021562678597
纳	336	4.1162774885562e-005	0.786227376553024
舞	335	4.1040266626974e-005	0.786350497352905
神	335	4.1040266626974e-005	0.786391537619532
铺	335	4.1040266626974e-005	0.786473618152786
拒	333	4.0795250109798e-005	0.786841877978102
源	332	4.067274185121e-005	0.787086159445726
遍	332	4.067274185121e-005	0.787126832187577
衣	331	4.05502335926221e-005	0.787451356564577
细	330	4.04277253340341e-005	0.787734473150174
叶	330	4.04277253340341e-005	0.78789618405151
抵	329	4.03052170754461e-005	0.787936489268586
畅	329	4.03052170754461e-005	0.788017099702736
川	329	4.03052170754461e-005	0.788057404919812
拍	329	4.03052170754461e-005	0.788178320571038
砖	328	4.01827088168581e-005	0.788339173914564
搬	328	4.01827088168581e-005	0.788419539332198
峰	326	3.99376922996822e-005	0.789100317725171
雪	325	3.98151840410942e-005	0.789339453845935
普	325	3.98151840410942e-005	0.78953852976614
懂	324	3.96926757825062e-005	0.789776685820835
瓶	323	3.95701675239182e-005	0.789935211507448
昔	323	3.95701675239182e-005	0.790014351842496
讯	322	3.94476592653302e-005	0.790409073451666
库	321	3.93251510067422e-005	0.790920422923013
融	320	3.92026427481543e-005	0.790959625565761
采	320	3.92026427481543e-005	0.791155638779502
跃	320	3.92026427481543e-005	0.791273246707746
举	319	3.90801344895663e-005	0.791390487111215
扩	319	3.90801344895663e-005	0.791468647380195
戏	316	3.87126097138023e-005	0.792363202684404
盖	315	3.85901014552143e-005	0.792517930615001
整	315	3.85901014552143e-005	0.792556520716456
售	315	3.85901014552143e-005	0.792672291020821
告	314	3.84675931966264e-005	0.79278781630867
贷	314	3.84675931966264e-005	0.79290321908826
拖	314	3.84675931966264e-005	0.792980154274653
寄	313	3.83450849380384e-005	0.793517720513337
坪	313	3.83450849380384e-005	0.793632755768151
岛	312	3.82225766794504e-005	0.793823868651548
官	311	3.81000684208624e-005	0.794166891775594
塘	311	3.81000684208624e-005	0.794204991844015
智	310	3.79775601622744e-005	0.794357024592923
福	310	3.79775601622744e-005	0.794432979713248
显	307	3.76100353865105e-005	0.794999457900959
营	306	3.74875271279225e-005	0.795450655817338
输	306	3.74875271279225e-005	0.795750556034362
鸭	306	3.74875271279225e-005	0.79578804356149
救	306	3.74875271279225e-005	0.795937993670002
星	306	3.74875271279225e-005	0.795975481197129
残	305	3.73650188693345e-005	0.796124941272607
累	305	3.73650188693345e-005	0.796199671310345
稿	304	3.72425106107465e-005	0.796386251388175
育	304	3.72425106107465e-005	0.796572463941229
毁	304	3.72425106107465e-005	0.79664694896245
佳	304	3.72425106107465e-005	0.796721433983672
李	303	3.71200023521586e-005	0.796758553986024
圆	303	3.71200023521586e-005	0.797092634007193
意	301	3.68749858349826e-005	0.797869091350123
拥	301	3.68749858349826e-005	0.797942841321793
陈	300	3.67524775763946e-005	0.798016346276946
止	300	3.67524775763946e-005	0.798089851232098
圈	300	3.67524775763946e-005	0.798126603709675
宝	299	3.66299693178066e-005	0.798677033315511
烤	298	3.65074610592187e-005	0.79900596798982
员	297	3.63849528006307e-005	0.79911524535648
必	296	3.62624445420427e-005	0.799659672057645
付	296	3.62624445420427e-005	0.799804721835813
护	295	3.61399362834547e-005	0.799877124216639
练	295	3.61399362834547e-005	0.800057823898056
藏	294	3.60174280248667e-005	0.800598942876239
塔	293	3.58949197662787e-005	0.800921997154136
维	293	3.58949197662787e-005	0.8011732615925
久	292	3.57724115076908e-005	0.801352246158297
折	292	3.57724115076908e-005	0.801423790981312
喘	292	3.57724115076908e-005	0.801495335804328
味	291	3.56499032491028e-005	0.801709725256857
旱	291	3.56499032491028e-005	0.801816674966604
拟	290	3.55273949905148e-005	0.802172561457802
桔	290	3.55273949905148e-005	0.802208088852792
移	290	3.55273949905148e-005	0.802279143642773
幢	288	3.52823784733388e-005	0.802809971927235
夏	288	3.52823784733388e-005	0.802845254305708
鸟	288	3.52823784733388e-005	0.802951101441129
籍	287	3.51598702147509e-005	0.803162550695452
毛	286	3.50373619561629e-005	0.803302945159794
杂	286	3.50373619561629e-005	0.803653318779356
租	286	3.50373619561629e-005	0.803688356141312
监	285	3.49148536975749e-005	0.803723270995009
堆	283	3.46698371803989e-005	0.804384938099643
汇	282	3.45473289218109e-005	0.804730656405378
基	281	3.4424820663223e-005	0.805281943569024
皮	281	3.4424820663223e-005	0.80545406767234
庭	279	3.4179804146047e-005	0.80586532789642
捐	278	3.4057295887459e-005	0.806138643821329
跳	278	3.4057295887459e-005	0.806240815708991
遭	277	3.3934787628871e-005	0.806784874885381
罪	276	3.38122793702831e-005	0.806920491527638
吹	276	3.38122793702831e-005	0.80722480204197
独	276	3.38122793702831e-005	0.807258614321341
软	276	3.38122793702831e-005	0.807326238880081
许	276	3.38122793702831e-005	0.807393863438822
丝	275	3.36897711116951e-005	0.807663749132491
彩	274	3.35672628531071e-005	0.808000279318833
床	274	3.35672628531071e-005	0.808067413844539
脑	273	3.34447545945191e-005	0.808369396701958
景	273	3.34447545945191e-005	0.808670399493309
食	272	3.33222463359311e-005	0.80880393349517
犯	271	3.31997380773431e-005	0.809036821694746
冷	271	3.31997380773431e-005	0.809070021432823
松	271	3.31997380773431e-005	0.8091032211709
迈	271	3.31997380773431e-005	0.809136420908978
玩	268	3.28322133015792e-005	0.809929049342042
侧	268	3.28322133015792e-005	0.810158874835152
财	267	3.27097050429912e-005	0.810420797492013
贴	266	3.25871967844032e-005	0.810714694804366
钟	265	3.24646885258152e-005	0.811169690476762
速	264	3.23421802672273e-005	0.811266717017564
思	264	3.23421802672273e-005	0.811396085738633
弱	262	3.20971637500513e-005	0.811815186491262
罗	262	3.20971637500513e-005	0.812264546783763
孤	262	3.20971637500513e-005	0.812296643947513
迁	262	3.20971637500513e-005	0.812360838275013
谋	261	3.19746554914633e-005	0.812424787585996
功	261	3.19746554914633e-005	0.812456762241488
谱	261	3.19746554914633e-005	0.812488736896979
洗	261	3.19746554914633e-005	0.812680584829928
托	260	3.18521472328753e-005	0.813095520301765
栽	259	3.17296389742874e-005	0.813222806382438
诚	257	3.14846224571114e-005	0.813950627946709
标	257	3.14846224571114e-005	0.814013597191623
奇	256	3.13621141985234e-005	0.814296468760702
永	255	3.12396059399354e-005	0.814578237755455
料	254	3.11170976813474e-005	0.814796792488776
甚	254	3.11170976813474e-005	0.814827909586457
艘	254	3.11170976813474e-005	0.814952377977183
确	254	3.11170976813474e-005	0.815107963465589
顿	254	3.11170976813474e-005	0.815139080563271
斤	253	3.09945894227595e-005	0.815387037278653
怀	253	3.09945894227595e-005	0.815480021046921
编	252	3.08720811641715e-005	0.815665498550423
挑	252	3.08720811641715e-005	0.815974219362065
逐	250	3.06270646469955e-005	0.816312342155768
冠	250	3.06270646469955e-005	0.816465477479003
终	250	3.06270646469955e-005	0.816587985737591
喊	249	3.05045563884075e-005	0.81689339882625
挤	249	3.05045563884075e-005	0.816954407939027
腿	249	3.05045563884075e-005	0.817015417051804
端	248	3.03820481298196e-005	0.817197709340583
汛	248	3.03820481298196e-005	0.817380001629361
围	247	3.02595398712316e-005	0.817622077948331
卫	246	3.01370316126436e-005	0.817923815789234
烧	246	3.01370316126436e-005	0.818134775010523
刘	245	3.00145233540556e-005	0.818314984658906
渡	245	3.00145233540556e-005	0.818525086322384
返	244	2.98920150954676e-005	0.81891503010947
柑	244	2.98920150954676e-005	0.818974814139661
灵	244	2.98920150954676e-005	0.819064490184947
扣	243	2.97695068368796e-005	0.819183813228812
碗	243	2.97695068368796e-005	0.819332660762996
服	242	2.96469985782917e-005	0.819570571801174
铜	241	2.95244903197037e-005	0.819689037287229
格	241	2.95244903197037e-005	0.819718561777548
邮	241	2.95244903197037e-005	0.819777610758188
素	241	2.95244903197037e-005	0.819895708719466
夺	241	2.95244903197037e-005	0.819954757700106
伊	241	2.95244903197037e-005	0.820072855661385
客	241	2.95244903197037e-005	0.820102380151704
沟	239	2.92794738025277e-005	0.820953567532373
盒	238	2.91569655439397e-005	0.82101200397172
枫	238	2.91569655439397e-005	0.821099474868352
缴	238	2.91569655439397e-005	0.821128631833896
纯	238	2.91569655439397e-005	0.821157788799439
伏	237	2.90344572853517e-005	0.821622952657298
浓	236	2.89119490267638e-005	0.821912562180599
洋	235	2.87894407681758e-005	0.822258280486335
湾	235	2.87894407681758e-005	0.822287069927103
爬	234	2.86669325095878e-005	0.822315736859613
柜	234	2.86669325095878e-005	0.822373070724632
罚	234	2.86669325095878e-005	0.822631073117218
谷	233	2.85444242509998e-005	0.822916884884504
堡	233	2.85444242509998e-005	0.822945429308755
寻	232	2.84219159924118e-005	0.82300227314074
宜	232	2.84219159924118e-005	0.823087538888717
袋	232	2.84219159924118e-005	0.82311596080471
玉	232	2.84219159924118e-005	0.823144382720702
守	230	2.81768994752359e-005	0.82348385310525
逾	230	2.81768994752359e-005	0.8235402069042
末	230	2.81768994752359e-005	0.823596560703151
糖	229	2.80543912166479e-005	0.823877962173127
扎	229	2.80543912166479e-005	0.82401823412921
众	229	2.80543912166479e-005	0.824130451694077
症	229	2.80543912166479e-005	0.824214614867727
唯	226	2.76868664408839e-005	0.825133426807136
赛	226	2.76868664408839e-005	0.8252441742729
妻	226	2.76868664408839e-005	0.825299548005781
磋	225	2.7564358182296e-005	0.825382363588587
潮	225	2.7564358182296e-005	0.825437492304951
亚	225	2.7564358182296e-005	0.825492621021316
略	225	2.7564358182296e-005	0.825520185379498
锌	225	2.7564358182296e-005	0.825547749737681
戴	224	2.7441849923708e-005	0.825960970093898
施	224	2.7441849923708e-005	0.825988411943822
催	223	2.731934166512e-005	0.826481875209415
微	223	2.731934166512e-005	0.82656383323441
汉	222	2.7196833406532e-005	0.826754211068256
徽	222	2.7196833406532e-005	0.826835801568476
页	221	2.7074325147944e-005	0.826944221377326
伍	220	2.69518168893561e-005	0.827403137313997
棵	219	2.68293086307681e-005	0.827591309999188
池	219	2.68293086307681e-005	0.82767179792508
抬	219	2.68293086307681e-005	0.827805944468234
栋	218	2.67068003721801e-005	0.828153990430882
俩	217	2.65842921135921e-005	0.828367522325601
勤	217	2.65842921135921e-005	0.82858019666251
虫	217	2.65842921135921e-005	0.828766286707305
植	216	2.64617838550041e-005	0.828899085659614
嘴	216	2.64617838550041e-005	0.828952009227324
孔	216	2.64617838550041e-005	0.828978471011179
鸣	215	2.63392755964161e-005	0.829480387346614
息	215	2.63392755964161e-005	0.82950672662221
肩	215	2.63392755964161e-005	0.829691101551384
摊	213	2.60942590792402e-005	0.830764151388357
姓	212	2.59717508206522e-005	0.830920349418057
盼	212	2.59717508206522e-005	0.830972292919698
枪	211	2.58492425620642e-005	0.831387473408053
杀	211	2.58492425620642e-005	0.831490870378301
振	210	2.57267343034762e-005	0.831542446355167
旺	210	2.57267343034762e-005	0.831568173089471
储	210	2.57267343034762e-005	0.831696806760988
掏	210	2.57267343034762e-005	0.831722533495291
捧	210	2.57267343034762e-005	0.831748260229595
摄	210	2.57267343034762e-005	0.831876893901112
骨	209	2.56042260448883e-005	0.832595159821214
慢	208	2.54817177863003e-005	0.832722935934921
置	208	2.54817177863003e-005	0.832875826241638
登	208	2.54817177863003e-005	0.832952271394997
尾	208	2.54817177863003e-005	0.83300323483057
倍	207	2.53592095277123e-005	0.833308280394454
语	205	2.51141930105363e-005	0.833788145243343
坏	204	2.49916847519483e-005	0.834139131404197
材	203	2.48691764933604e-005	0.834737339230881
野	202	2.47466682347724e-005	0.834985663471039
趟	202	2.47466682347724e-005	0.835109396812214
赵	202	2.47466682347724e-005	0.835455850167501
薄	201	2.46241599761844e-005	0.835578970967382
母	201	2.46241599761844e-005	0.83584983672712
蓝	201	2.46241599761844e-005	0.835874460887096
炉	200	2.45016517175964e-005	0.836070596609096
桩	200	2.45016517175964e-005	0.836095098260813
刻	200	2.45016517175964e-005	0.836144101564248
演	200	2.45016517175964e-005	0.836193104867684
硒	199	2.43791434590084e-005	0.836413129700108
亭	199	2.43791434590084e-005	0.836583783704321
珠	199	2.43791434590084e-005	0.836632541991239
署	198	2.42566352004205e-005	0.836754315200275
透	198	2.42566352004205e-005	0.836802828470676
屯	198	2.42566352004205e-005	0.836875598376277
赚	197	2.41341269418325e-005	0.837239325396025
赠	197	2.41341269418325e-005	0.837504800792385
堂	197	2.41341269418325e-005	0.837553069046269
泉	197	2.41341269418325e-005	0.837601337300152
贸	196	2.40116186832445e-005	0.837769418630935
统	196	2.40116186832445e-005	0.837841453486985
容	196	2.40116186832445e-005	0.838033546436451
横	196	2.40116186832445e-005	0.838081569673818
威	195	2.38891104246565e-005	0.838201137734199
岭	193	2.36440939074805e-005	0.83919958004169
汽	193	2.36440939074805e-005	0.83938873279295
协	192	2.35215856488926e-005	0.839883298632869
秀	192	2.35215856488926e-005	0.839953863389816
侗	192	2.35215856488926e-005	0.840000906561114
觉	191	2.33990773903046e-005	0.840141301025456
抽	191	2.33990773903046e-005	0.840211498257627
混	191	2.33990773903046e-005	0.84039869087675
务	190	2.32765691317166e-005	0.840445366523272
技	190	2.32765691317166e-005	0.840515196230667
注	190	2.32765691317166e-005	0.840678132214589
浪	190	2.32765691317166e-005	0.840724685352852
吸	190	2.32765691317166e-005	0.840747961921984
词	190	2.32765691317166e-005	0.840980727613301
渐	190	2.32765691317166e-005	0.841073833889828
棉	189	2.31540608731286e-005	0.841189604194194
控	189	2.31540608731286e-005	0.841305374498559
友	189	2.31540608731286e-005	0.841374836681179
散	188	2.30315526145406e-005	0.841674736898202
瑶	188	2.30315526145406e-005	0.841697768450817
沪	188	2.30315526145406e-005	0.841905052424347
睡	187	2.29090443559526e-005	0.842089059828746
梨	187	2.29090443559526e-005	0.842134877917458
仪	187	2.29090443559526e-005	0.842341059316662
吉	187	2.29090443559526e-005	0.842455604538442
炼	186	2.27865360973647e-005	0.842615600324158
牧	186	2.27865360973647e-005	0.842661173396353
剂	186	2.27865360973647e-005	0.842706746468547
损	186	2.27865360973647e-005	0.842729533004645
                                                                                                                                                                                                                                                                                                                                                                                                                                                                                                                                                                                                                                                                                                                                                                                                                                                                                                                                                                                                                                                                                                                                                                                                                                                                                                                                                                                                                                                                                                                                                                                                                                                                                                                                                                                                                                                                                                                                                                                                                                                                                                                                                                                                                                                                                                                                                                                                                                                                                                                                                                                                                                                                                                                                                                                                                                                                                                                                                                                                                                                                                                                                                                                                                                                                                                                                                                                                                                                                                                                                                                                                                                                                                                                                                                                                                                                  