中	32806	0.00395110819756794	0.126427152059855
上	32687	0.00393677600603253	0.130363928065888
省	28258	0.00340335351602983	0.144949522382728
元	26500	0.00319162248477566	0.154613032635123
人	22487	0.00270830244585473	0.17468327964382
年	19607	0.00236143932298099	0.187128921194264
不	19515	0.00235035897322253	0.191834817999836
大	17790	0.00214260241525128	0.193977420415087
新	17676	0.00212887241663753	0.198247690861132
说	16377	0.00197242269559136	0.200220113556724
已	16121	0.00194159041800258	0.204128225179685
后	14994	0.00180585613346137	0.207762339023294
两	14617	0.00176045078716852	0.213093432520128
下	13258	0.00159677475106248	0.226616397207415
出	12498	0.0015052414269708	0.23125316226558
都	12445	0.00149885818200125	0.232752020447581
好	11930	0.0014368323110707	0.240039518308291
使	11833	0.00142514976839058	0.244324000507287
名	11688	0.00140768617366256	0.24573168668095
县	10474	0.00126147373228454	0.2628591373201
次	10353	0.00124690066358047	0.26410603798368
时	9527	0.00114741839292293	0.278365845929905
会	9157	0.0011028561167204	0.28623939794197
党	8651	0.00104191419304884	0.29052231443937
做	8567	0.00103179735196502	0.293623728424482
作	8376	0.00100879358235777	0.299723942720855
家	8212	0.000989041654527461	0.302726717505399
村	7530	0.000906902540013612	0.311239557523094
内	7240	0.000871975350557576	0.320136957940558
里	7021	0.000845599300589053	0.327894527595912
市	6944	0.000836325529595554	0.330415186727379
再	6790	0.000817777987608556	0.332873579110747
种	6785	0.0008171757946869	0.333690754905433
位	6653	0.000801277901555187	0.335299934830682
亩	6512	0.000784296061164494	0.338456148371664
条	6491	0.00078176685089354	0.339237915222558
届	6429	0.000774299658665008	0.340788080241484
电	6325	0.000761774045894568	0.342317048069568
小	6188	0.000745273959841199	0.34985626257153
达	6061	0.000729978259631142	0.354265760021062
项	5864	0.000706251858517904	0.358540366256144
户	5813	0.000700109490717016	0.359944680149445
高	5575	0.0006714451076462	0.36674873753265
区	5468	0.000658558179122766	0.370067543162479
厂	5375	0.000647357390779969	0.372674436320327
前	5265	0.000634109146503541	0.376512693564377
天	5193	0.000625437568431698	0.37776356870124
办	5138	0.000618813446293485	0.380868354966713
更	4953	0.00059653230819222	0.387567992097302
去	4922	0.000592798712077955	0.389351567092662
日	4810	0.000579309590632865	0.392865844544861
占	4790	0.000576900818946242	0.393442745363807
万	4579	0.000551488277652368	0.400223317223067
局	4482	0.000539805734972246	0.408400856221984
外	4462	0.000537396963285622	0.409476974972983
应	4435	0.000534145121508681	0.410547914864855
部	4415	0.000531736349822058	0.411613555459018
水	4411	0.000531254595484733	0.412676305527156
近	4382	0.00052776187653913	0.413732672350324
余	4339	0.00052258301741289	0.417403399523569
最	4305	0.000518488105545631	0.419486987032498
乡	4232	0.000509696088889456	0.422556484792762
院	4200	0.000505842054190859	0.423062326846953
抓	4090	0.000492593809914432	0.426534812110389
点	4059	0.000488860213800166	0.42751337560808
共	4055	0.000488378459462842	0.428001754067542
吨	4018	0.000483922231842589	0.429458217867859
场	3954	0.000476214162445395	0.431369939516948
看	3781	0.000455378287356105	0.441138713092048
很	3759	0.000452728638500819	0.442044411246218
号	3730	0.000449235919555215	0.443395370846661
成	3695	0.000445020569103625	0.444289386458151
却	3661	0.000440925657236366	0.445172321719882
走	3655	0.000440203025730379	0.446052968648512
路	3609	0.000434662850851146	0.446924100928979
非	3591	0.000432494956333185	0.447356595885312
批	3590	0.000432374517748854	0.447788970403061
米	3586	0.000431892763411529	0.448220863166473
岁	3557	0.000428400044465925	0.450373341545639
镇	3532	0.000425389079857646	0.451652037995483
报	3506	0.000422257676665036	0.452923146814514
仅	3446	0.000415031361605167	0.456690224855224
山	3397	0.00040912987097294	0.459573885879865
委	3369	0.000405757590611668	0.461203419925865
处	3293	0.0003966042582025	0.463997595082348
分	3235	0.000389618820311293	0.467139235554626
只	3175	0.000382392505251423	0.470598231696617
长	3100	0.000373359611426587	0.475892230109478
正	3075	0.000370348646818308	0.476634854420463
无	3017	0.000363363208927101	0.479195137846175
建	3009	0.000362399700252451	0.479920057685264
总	2975	0.000358304788385192	0.482078196677894
全	2946	0.000354812069439588	0.484212609269411
行	2917	0.000351319350493985	0.486684370335639
组	2858	0.000344213474018447	0.490153242441546
级	2828	0.000340600316488512	0.492208165567404
带	2769	0.000333494440012974	0.496596586264678
队	2758	0.000332169615585331	0.497262009443108
月	2758	0.000332169615585331	0.497594179058693
数	2674	0.000322052774501514	0.500854090220785
线	2601	0.000313260757845339	0.505606476319907
钱	2577	0.000310370231821391	0.507476646657402
均	2574	0.000310008916068398	0.50778665557347
便	2547	0.000306757074291457	0.509016694835244
国	2539	0.000305793565616808	0.51024095304497
搞	2519	0.000303384793930184	0.511153997952785
件	2519	0.000303384793930184	0.511457382746715
百	2511	0.000302421285255535	0.512062827510148
曾	2470	0.000297483303297958	0.513564576218173
才	2464	0.000296760671791971	0.514158579316094
方	2457	0.000295917601701653	0.514751016712419
进	2457	0.000295917601701653	0.515638769517524
未	2444	0.000294351900105348	0.516522788726515
车	2380	0.000286643830708154	0.520582893842903
案	2320	0.000279417515648284	0.523967579378361
学	2305	0.000277610936883317	0.524800773504764
州	2283	0.000274961288028031	0.527011423720162
站	2279	0.000274479533690707	0.527560864541881
台	2277	0.000274238656522044	0.527835103198403
受	2257	0.000271829884835421	0.529745138707311
找	2228	0.000268337165889818	0.531363592403553
强	2210	0.000266169271371857	0.532968918294103
片	2207	0.000265807955618863	0.534032993186669
酒	2206	0.000265687517034532	0.534298680703703
现	2200	0.000264964885528545	0.534563645589232
入	2192	0.000264001376853896	0.534827646966086
图	2190	0.000263760499685234	0.53535528840404
老	2183	0.000262917429594916	0.535618205833635
事	2179	0.000262435675257591	0.535880641508893
头	2165	0.000260749535076955	0.536403826719227
校	2141	0.000257859009053007	0.537704322552835
原	2133	0.000256895500378358	0.538733229378776
贵	2108	0.000253884535770079	0.54026219720686
讲	2105	0.000253523220017085	0.54102300774408
仍	2104	0.000253402781432754	0.541529813306946
开	2094	0.000252198395589443	0.542540172590899
获	2076	0.000250030501071482	0.543543185121209
花	2072	0.000249548746734157	0.543792733867944
想	2015	0.000242683747427281	0.547470566917664
交	2003	0.000241238484415307	0.548436966118337
书	1980	0.000238468396975691	0.549874761938082
改	1973	0.000237625326885373	0.55058824011166
写	1963	0.000236420941042061	0.551298586882045
支	1953	0.00023521655519875	0.552005320494901
接	1945	0.0002342530465241	0.552943055312503
重	1919	0.00023112164333149	0.556195017528029
转	1908	0.000229796818903848	0.556885491931999
放	1907	0.000229676380319516	0.557115168312319
低	1904	0.000229315064566523	0.557344483376885
送	1895	0.000228231117307542	0.558029658483145
美	1881	0.000226544977126906	0.558710859116122
相	1871	0.000225340591283595	0.558936199707406
干	1806	0.000217512083302069	0.563803363777397
手	1798	0.00021654857462742	0.565105063996848
买	1789	0.00021546462736844	0.565536595444506
张	1775	0.000213778487187804	0.566394599919281
住	1774	0.000213658048603472	0.566608257967885
黔	1755	0.00021136971550118	0.568304996743942
请	1731	0.000208479189477233	0.569984753679609
快	1730	0.000208358750892902	0.570401471181395
段	1711	0.00020607041779061	0.571437002129474
见	1710	0.000205949979206278	0.57164295210868
吃	1709	0.000205829540621947	0.571848781649302
面	1691	0.000203661646103986	0.573690889796647
金	1690	0.000203541207519655	0.573894431004167
厅	1679	0.000202216383092013	0.575516016103602
城	1661	0.000200048488574052	0.576521919159935
份	1640	0.000197519278303097	0.578708361219883
难	1636	0.000197037523965773	0.579102797583568
座	1634	0.00019679664679711	0.579299594230365
少	1631	0.000196435331044117	0.579692585331038
收	1613	0.000194267436526156	0.581449904715013
版	1604	0.000193183489267176	0.581643088204281
双	1570	0.000189088577399916	0.585653090869587
没	1569	0.000188968138815585	0.585842059008402
创	1558	0.000187643314387943	0.58734778218971
生	1554	0.000187161560050618	0.587722466625564
间	1546	0.000186198051375969	0.588655263461209
制	1538	0.000185234542701319	0.58958432670074
块	1529	0.000184150595442339	0.590137862434326
期	1519	0.000182946209599027	0.590871333412902
机	1504	0.00018113963083406	0.592327917651804
门	1504	0.00018113963083406	0.592509057282638
增	1501	0.000180778315081067	0.592689835597719
发	1500	0.000180657876496735	0.592870493474216
加	1493	0.000179814806406417	0.593770771892091
筑	1490	0.000179453490653424	0.59430937324122
约	1489	0.000179333052069093	0.594488706293289
税	1483	0.000178610420563106	0.595561934518264
黄	1460	0.000175840333123489	0.596802572375459
心	1442	0.000173672438605528	0.598720918146686
字	1423	0.000171384105503236	0.600963845902685
代	1418	0.000170781912581581	0.60147703471052
班	1401	0.000168734456647951	0.602155344817473
系	1400	0.00016861401806362	0.602323958835537
帐	1393	0.000167770947973302	0.602996126574689
海	1382	0.000166446123545659	0.603497271524091
推	1370	0.000165000860533685	0.605155229075993
话	1367	0.000164639544780692	0.606308669398133
证	1355	0.000163194281768718	0.607947597653711
道	1350	0.000162592088847062	0.608436096551758
防	1349	0.000162471650262731	0.608761039852284
球	1348	0.0001623512116784	0.608923391063962
林	1347	0.000162230773094068	0.609410203821829
需	1347	0.000162230773094068	0.609572434594923
太	1346	0.000162110334509737	0.609734544929433
情	1346	0.000162110334509737	0.610058765598452
粮	1344	0.000161869457341075	0.610220635055793
拉	1341	0.000161508141588082	0.610543771777554
类	1334	0.000160665071497763	0.611348783275223
先	1324	0.000159460685654452	0.612308558353758
状	1316	0.000158497176979803	0.612785374709125
早	1312	0.000158015422642478	0.613101766870163
红	1299	0.000156449721046173	0.61420173246086
套	1287	0.000155004458034199	0.616535230032276
越	1286	0.000154884019449868	0.616690114051725
女	1284	0.000154643142281206	0.616844757194007
款	1284	0.000154643142281206	0.616999400336288
房	1281	0.000154281826528212	0.617308204866513
口	1267	0.000152595686347576	0.618383360108837
产	1263	0.000152113932010251	0.618840544974958
设	1258	0.000151511739088595	0.619901970218669
工	1256	0.000151270861919933	0.620204632381093
网	1251	0.000150668668998277	0.620656999703841
爱	1250	0.000150548230413946	0.620958096164668
江	1248	0.000150307353245284	0.621409259101573
石	1229	0.000148019020142992	0.623048307795736
卖	1226	0.000147657704389998	0.623195965500126
保	1218	0.000146694195715349	0.624520428612015
科	1213	0.000146092002793693	0.625984239165976
团	1208	0.000145489809872038	0.626421310788514
烟	1207	0.000145369371287706	0.626566680159802
树	1201	0.00014464673978172	0.628015556329306
称	1197	0.000144164985444395	0.62815972131475
辆	1195	0.000143924108275733	0.628735779063606
回	1194	0.000143803669691401	0.629023506841573
治	1194	0.000143803669691401	0.629167310511264
法	1192	0.000143562792522739	0.629310873303787
风	1188	0.000143081038185414	0.630027121564804
极	1185	0.000142719722432421	0.630169841287237
乱	1183	0.000142478845263759	0.630454798977764
农	1181	0.000142237968095096	0.630597036945859
军	1163	0.000140070073577136	0.633278722464577
华	1148	0.000138263494812168	0.635085421668128
身	1148	0.000138263494812168	0.635223685162941
假	1141	0.00013742042472185	0.635636789507196
楼	1134	0.000136577354631532	0.636732660186026
主	1132	0.00013633647746287	0.636868996663489
驻	1127	0.000135734284541214	0.637549113349207
深	1123	0.000135252530203889	0.638091327855866
药	1121	0.000135011653035227	0.63836147160052
力	1119	0.000134770775866565	0.638496242376387
活	1116	0.000134409460113571	0.638765181735198
权	1099	0.000132362004179942	0.641696897754988
室	1097	0.000132121127011279	0.641961380886179
特	1089	0.00013115761833663	0.643409413985592
桥	1088	0.000131037179752299	0.643540451165345
超	1086	0.000130796302583636	0.643802164209096
卡	1084	0.000130555425414974	0.64406339549851
定	1078	0.000129832793908987	0.645235262924052
问	1077	0.000129712355324656	0.645494808073286
业	1075	0.000129471478155994	0.646012814424494
坡	1062	0.000127905776559689	0.64742640208879
牛	1062	0.000127905776559689	0.647554307865349
河	1060	0.000127664899391026	0.64768197276474
动	1051	0.000126580952132046	0.648570207324182
病	1050	0.000126460513547715	0.64869666783773
查	1050	0.000126460513547715	0.648823128351278
南	1037	0.00012489481195141	0.650456155116224
寨	1036	0.000124774373367079	0.650705703862958
真	1036	0.000124774373367079	0.650830478236325
盘	1034	0.000124533496198416	0.651079665667306
田	1028	0.000123810864692429	0.6521973357299
满	1028	0.000123810864692429	0.652321146594592
土	1020	0.00012284735601778	0.652814342597428
民	1004	0.000120920338668482	0.654766411172268
变	1002	0.000120679461499819	0.655007890533852
副	999	0.000120318145746826	0.655610083455508
声	996	0.000119956829993832	0.65621107199132
挂	986	0.000118752444150521	0.657045470503566
实	985	0.00011863200556619	0.657164102509132
修	981	0.000118150251228865	0.657874328840933
包	974	0.000117307181138547	0.658463032641144
投	963	0.000115982356710904	0.659510848324825
属	963	0.000115982356710904	0.659626830681536
钢	963	0.000115982356710904	0.659742813038247
量	959	0.00011550060237358	0.660321159120205
通	953	0.000114777970867593	0.661242152974585
资	939	0.000113091830686956	0.662721861421678
节	938	0.000112971392102625	0.66306089603657
刚	933	0.000112369199180969	0.663848805255265
公	931	0.000112128322012307	0.664073182337874
明	925	0.00011140569050632	0.664744266129767
读	925	0.00011140569050632	0.664855671820273
听	923	0.000111164813337658	0.665300812827961
运	922	0.000111044374753327	0.665411857202714
篇	922	0.000111044374753327	0.665856034701728
商	917	0.000110442181831671	0.666298164744807
派	911	0.000109719550325684	0.666957686432605
远	906	0.000109117357404028	0.667286122452076
购	901	0.000108515164482372	0.667829541344578
赴	900	0.000108394725898041	0.668154725522272
关	900	0.000108394725898041	0.66826312024817
轮	898	0.000108153848729379	0.668695856081672
引	891	0.000107310778639061	0.669772697464177
牌	891	0.000107310778639061	0.669987319021455
猪	890	0.00010719034005473	0.67009450936151
养	888	0.000106949462886067	0.670308528725866
凡	886	0.000106708585717405	0.670415237311584
差	882	0.00010622683138008	0.670734399560061
选	880	0.000105985954211418	0.671052598299864
幅	876	0.000105504199874094	0.671369472215239
克	875	0.000105383761289762	0.671580239737819
效	873	0.0001051428841211	0.672001172590056
清	868	0.000104540691199444	0.672629982438849
联	866	0.000104299814030782	0.672838702505495
价	865	0.000104179375446451	0.673255781323034
巴	860	0.000103577182524795	0.674190866491782
西	859	0.000103456743940464	0.674294323235722
王	859	0.000103456743940464	0.674501236723603
跑	858	0.000103336305356133	0.674604573028959
伊	853	0.000102734112434477	0.675737177476009
教	852	0.000102613673850146	0.675942404823709
反	848	0.000102131919512821	0.676761628074329
旧	838	0.00010092753366951	0.677980466547761
步	837	0.000100807095085178	0.678182201176516
东	835	0.000100566217916516	0.678887128210606
净	832	0.000100204902163523	0.679087538014933
求	827	9.96027092418668e-005	0.679785840926885
今	824	9.92413934888733e-005	0.680183408693762
物	818	9.85187619828864e-005	0.680874967044992
北	818	9.85187619828864e-005	0.680973485806975
限	816	9.82778848142241e-005	0.681268560338586
群	815	9.81574462298929e-005	0.681366717784816
调	808	9.73143761395748e-005	0.682636020025082
初	803	9.6712183217919e-005	0.683411403631006
首	799	9.62304288805944e-005	0.684472828874717
诉	796	9.58691131276009e-005	0.684760917968437
层	796	9.58691131276009e-005	0.684856787081565
云	796	9.58691131276009e-005	0.684952656194692
立	795	9.57486745432698e-005	0.685144153543779
富	791	9.52669202059452e-005	0.686003482842982
换	790	9.5146481621614e-005	0.686384309646637
株	785	9.45442886999582e-005	0.68685823547598
俄	783	9.43034115312959e-005	0.687519322865373
梯	779	9.38216571939713e-005	0.68827170270169
兴	779	9.38216571939713e-005	0.688459346016078
提	775	9.33399028566466e-005	0.689208233133449
马	775	9.33399028566466e-005	0.689301573036305
广	775	9.33399028566466e-005	0.689394912939162
岗	775	9.33399028566466e-005	0.689488252842019
社	771	9.2858148519322e-005	0.690326264511795
苗	769	9.26172713506597e-005	0.690697215351535
信	768	9.24968327663286e-005	0.690974946727003
存	767	9.23763941819974e-005	0.691067323121185
文	766	9.22559555976662e-005	0.691436587820744
笔	766	9.22559555976662e-005	0.691528843776342
子	765	9.21355170133351e-005	0.691805250327382
油	764	9.20150784290039e-005	0.691897265405811
帮	762	9.17742012603416e-005	0.692172949325345
具	761	9.16537626760105e-005	0.692264603088021
排	757	9.11720083386858e-005	0.693086355548913
顶	755	9.09311311700235e-005	0.693541613397684
枚	753	9.06902540013612e-005	0.693995546422028
抢	751	9.04493768326989e-005	0.694267135429695
展	751	9.04493768326989e-005	0.69444803418336
指	750	9.03289382483677e-005	0.694538363121608
落	750	9.03289382483677e-005	0.694628692059857
茶	745	8.97267453267119e-005	0.695349878302831
岩	745	8.97267453267119e-005	0.695439605048158
摆	742	8.93654295737185e-005	0.696245700493087
度	741	8.92449909893873e-005	0.696334945484076
铁	740	8.91245524050562e-005	0.696691443693696
平	738	8.88836752363938e-005	0.696869331482753
溪	736	8.86427980677315e-005	0.697224263990777
菜	736	8.86427980677315e-005	0.697312906788845
京	733	8.82814823147381e-005	0.697755036831925
令	730	8.79201665617446e-005	0.698107440129678
画	728	8.76792893930823e-005	0.698370718875026
架	727	8.75588508087511e-005	0.698721074716846
化	725	8.73179736400888e-005	0.699332782286664
列	724	8.71975350557576e-005	0.69941997982172
煤	720	8.6715780718433e-005	0.700288944207668
言	716	8.62340263811084e-005	0.70080731187463
羊	714	8.59931492124461e-005	0.701151525348648
票	711	8.56318334594526e-005	0.701666279858079
担	708	8.52705177064591e-005	0.702093595955286
负	705	8.49092019534657e-005	0.702859705790217
减	698	8.40661318631476e-005	0.703789612099838
洞	697	8.39456932788164e-005	0.704125756188706
穿	697	8.39456932788164e-005	0.704209701881985
光	695	8.37048161101541e-005	0.704796599103431
股	693	8.34639389414918e-005	0.705130936613534
德	692	8.33435003571606e-005	0.705631599808599
坝	690	8.31026231884983e-005	0.705798045932145
计	689	8.29821846041672e-005	0.706213318170919
兼	686	8.26208688511737e-005	0.706544524277829
坐	686	8.26208688511737e-005	0.70662714514668
易	685	8.25004302668425e-005	0.706874766876065
脚	681	8.20186759295179e-005	0.707121425096775
句	681	8.20186759295179e-005	0.707203443772705
街	673	8.10551672548686e-005	0.70842517277216
课	673	8.10551672548686e-005	0.708506227939415
汛	672	8.09347286705375e-005	0.708668097396756
集	670	8.06938515018752e-005	0.70891041982843
完	668	8.04529743332129e-005	0.709635580544688
单	668	8.04529743332129e-005	0.709796486493355
龙	661	7.96099042428948e-005	0.711395429138936
直	660	7.94894656585636e-005	0.71163413841308
含	660	7.94894656585636e-005	0.711872606810056
矿	654	7.87668341525767e-005	0.713456735509764
留	653	7.86463955682455e-005	0.713692795135053
准	637	7.6719378218947e-005	0.716957282963348
表	630	7.58763081286289e-005	0.717948010758057
检	629	7.57558695442977e-005	0.71809964293573
谈	626	7.53945537913043e-005	0.718477097459024
歌	615	7.40697293636615e-005	0.720793131435712
左	612	7.37084136106681e-005	0.721309933401076
周	606	7.29857821046811e-005	0.722700276418595
销	605	7.286534352035e-005	0.722846007105636
畜	603	7.26244663516877e-005	0.72313698672538
补	603	7.26244663516877e-005	0.723209611191732
争	603	7.26244663516877e-005	0.723354860124435
奔	600	7.22631505986942e-005	0.724006673742836
尔	600	7.22631505986942e-005	0.724151200044033
绿	599	7.2142712014363e-005	0.724295485468062
诗	597	7.19018348457007e-005	0.724655596835212
半	596	7.17813962613696e-005	0.725230088882472
观	591	7.11792033397138e-005	0.726373532802113
湖	590	7.10587647553826e-005	0.726586949973548
居	589	7.09383261710514e-005	0.726728947064474
警	588	7.08178875867203e-005	0.727012339053405
飞	587	7.06974490023891e-005	0.727224672277581
值	585	7.04565718337268e-005	0.727789408799509
专	582	7.00952560807334e-005	0.728843125973822
医	578	6.96135017434087e-005	0.729471454068277
瓦	578	6.96135017434087e-005	0.729541067570021
利	577	6.94930631590776e-005	0.729680174134923
供	575	6.92521859904153e-005	0.729888171570063
跨	575	6.92521859904153e-005	0.730026675942044
硬	572	6.88908702374218e-005	0.730924304711064
结	571	6.87704316530906e-005	0.731130856883192
访	569	6.85295544844283e-005	0.731679936389158
宽	567	6.8288677315766e-005	0.732090631961727
杯	566	6.81682387314349e-005	0.732363545793822
斯	563	6.78069229784414e-005	0.732975373802224
序	562	6.76864843941102e-005	0.733178433255407
黑	560	6.74456072254479e-005	0.733651154698907
企	559	6.73251686411167e-005	0.733987900980697
青	556	6.69638528881233e-005	0.734323442876643
体	556	6.69638528881233e-005	0.734390406729531
库	556	6.69638528881233e-005	0.73445737058242
试	554	6.6722975719461e-005	0.734858069752489
印	553	6.66025371351298e-005	0.735057997802479
梵	551	6.63616599664675e-005	0.735124359462445
考	551	6.63616599664675e-005	0.735190721122411
常	549	6.61207827978052e-005	0.735389324347973
装	548	6.6000344213474e-005	0.735653446163412
甲	548	6.6000344213474e-005	0.735851447196052
优	547	6.58799056291429e-005	0.736115087257153
木	547	6.58799056291429e-005	0.736246847068411
缺	547	6.58799056291429e-005	0.73631272697404
香	546	6.57594670448117e-005	0.736707404214893
胜	544	6.55185898761494e-005	0.737428951773621
白	542	6.52777127074871e-005	0.737755822091496
拨	542	6.52777127074871e-005	0.737886377516911
果	542	6.52777127074871e-005	0.737951655229618
困	541	6.51572741231559e-005	0.738081969777864
草	540	6.50368355388248e-005	0.738342478435773
春	538	6.47959583701625e-005	0.738861809611409
安	535	6.4434642617169e-005	0.739443527973728
竹	534	6.43142040328378e-005	0.739700905228444
继	533	6.41937654485067e-005	0.739893606963374
解	531	6.39528882798443e-005	0.740470628220905
园	530	6.38324496955132e-005	0.7405344606706
些	530	6.38324496955132e-005	0.740662125569991
持	529	6.3712011111182e-005	0.740725837581102
务	527	6.34711339425197e-005	0.741107507454848
英	526	6.33506953581886e-005	0.741297800418091
传	524	6.31098181895263e-005	0.741803642472283
尚	521	6.27485024365328e-005	0.742620818266969
短	517	6.22667480992082e-005	0.74343365827262
右	517	6.22667480992082e-005	0.743495925020719
古	515	6.20258709305458e-005	0.743806656568293
赛	515	6.20258709305458e-005	0.743930708310154
穷	514	6.19054323462147e-005	0.744054519174846
欠	508	6.11828008402277e-005	0.745408128424144
番	506	6.09419236715654e-005	0.745835444521351
险	505	6.08214850872343e-005	0.745896266006438
距	505	6.08214850872343e-005	0.7460787304617
率	504	6.07010465029031e-005	0.746200132554706
降	496	5.97375378282539e-005	0.74752387303509
冬	495	5.96170992439227e-005	0.747822440285647
升	494	5.94966606595915e-005	0.74800105070621
鱼	494	5.94966606595915e-005	0.748179540688189
题	492	5.92557834909292e-005	0.748535677582057
竟	489	5.88944677379358e-005	0.749244819966599
紧	485	5.84127134006111e-005	0.750242653637782
背	485	5.84127134006111e-005	0.750476304491384
质	485	5.84127134006111e-005	0.750593129918186
热	484	5.829227481628e-005	0.750826419456035
算	483	5.81718362319488e-005	0.751117278637194
师	481	5.79309590632865e-005	0.751465346145911
压	477	5.74492047259619e-005	0.752388267017641
精	475	5.72083275572996e-005	0.752674910848349
知	473	5.69674503886372e-005	0.753131613960132
死	473	5.69674503886372e-005	0.75324554886091
型	470	5.66061346356438e-005	0.753699481885254
箱	470	5.66061346356438e-005	0.753812694154525
战	469	5.64856960513126e-005	0.753982151242679
史	468	5.63652574669815e-005	0.754264097968598
严	466	5.61243802983191e-005	0.754770542215711
馆	466	5.61243802983191e-005	0.754882790976308
秋	466	5.61243802983191e-005	0.754938915356606
苦	466	5.61243802983191e-005	0.755051164117203
记	464	5.58835031296568e-005	0.755162931123462
店	464	5.58835031296568e-005	0.755386465135981
合	463	5.57630645453257e-005	0.755442228200526
感	462	5.56426259609945e-005	0.755665160020123
急	462	5.56426259609945e-005	0.755832087898006
唱	462	5.56426259609945e-005	0.755943373149928
贫	462	5.56426259609945e-005	0.756165943653772
货	461	5.55221873766634e-005	0.756221465841149
品	458	5.51608716236699e-005	0.756996126815568
职	457	5.50404330393387e-005	0.757271449419349
献	455	5.47995558706764e-005	0.757655528064781
伤	454	5.46791172863453e-005	0.757874605849679
喝	451	5.43178015333518e-005	0.758693106468793
费	450	5.41973629490206e-005	0.758964334160707
泉	449	5.40769243646895e-005	0.75918076229675
患	445	5.35951700273649e-005	0.7597722361844
取	445	5.35951700273649e-005	0.759825831354427
磷	444	5.34747314430337e-005	0.760039971157368
倒	444	5.34747314430337e-005	0.760093445888811
额	440	5.29929771057091e-005	0.761211356828572
颗	439	5.28725385213779e-005	0.761687811868186
贷	439	5.28725385213779e-005	0.761793556945229
理	438	5.27520999370467e-005	0.762004806222146
根	437	5.26316613527156e-005	0.762215453306141
促	436	5.25112227683844e-005	0.762478129858567
载	435	5.23907841840533e-005	0.762687813433888
领	434	5.22703455997221e-005	0.763001555946071
墙	434	5.22703455997221e-005	0.76305382629167
亦	433	5.2149907015391e-005	0.763210396451301
脸	432	5.20294684310598e-005	0.763470664232041
式	430	5.17885912623975e-005	0.763522452823303
堤	427	5.1427275509404e-005	0.764553527543763
遇	427	5.1427275509404e-005	0.764604954819272
男	426	5.13068369250729e-005	0.764759116207216
银	426	5.13068369250729e-005	0.764861729881066
告	425	5.11863983407417e-005	0.765169450464033
境	423	5.09455211720794e-005	0.765884494339208
肉	423	5.09455211720794e-005	0.76593543986038
世	422	5.08250825877482e-005	0.766240510794491
秒	418	5.03433282504236e-005	0.767049617204027
势	417	5.02228896660925e-005	0.767099840093693
挖	417	5.02228896660925e-005	0.767451400321356
掉	414	4.9861573913099e-005	0.768102129992496
配	414	4.9861573913099e-005	0.768301576288149
港	413	4.97411353287678e-005	0.768500902145216
虎	413	4.97411353287678e-005	0.768650125551203
封	413	4.97411353287678e-005	0.768699866686531
忙	412	4.96206967444367e-005	0.768799228518605
监	411	4.95002581601055e-005	0.769146452957231
招	409	4.92593809914432e-005	0.770036012341101
须	405	4.87776266541186e-005	0.771261715813839
偏	404	4.86571880697874e-005	0.771407687378048
停	404	4.86571880697874e-005	0.771456344566118
域	404	4.86571880697874e-005	0.771505001754188
鸡	403	4.85367494854563e-005	0.771602195691743
退	403	4.85367494854563e-005	0.771796342689685
致	402	4.84163109011251e-005	0.772280867114449
源	400	4.81754337324628e-005	0.772473930165132
闯	400	4.81754337324628e-005	0.772570281032597
汇	400	4.81754337324628e-005	0.772618456466329
纳	400	4.81754337324628e-005	0.772666631900062
例	397	4.78141179794693e-005	0.773194875530939
催	397	4.78141179794693e-005	0.773338317884877
布	396	4.76936793951382e-005	0.773481639800231
肥	396	4.76936793951382e-005	0.773529333479626
评	394	4.74528022264758e-005	0.773767199683681
政	394	4.74528022264758e-005	0.774004463694813
翻	394	4.74528022264758e-005	0.77405191649704
游	394	4.74528022264758e-005	0.774241727705946
儿	393	4.73323636421447e-005	0.774573054251441
足	392	4.72119250578135e-005	0.774762022390257
册	392	4.72119250578135e-005	0.774809234315315
奖	391	4.70914864734824e-005	0.775138874720629
圣	390	4.69710478891512e-005	0.775232937254992
雨	387	4.66097321361577e-005	0.775794662812313
喜	387	4.66097321361577e-005	0.775887882276585
气	386	4.64892935518266e-005	0.776027350157241
格	384	4.62484163831643e-005	0.776444790290532
晚	382	4.6007539214502e-005	0.777413477824307
稳	382	4.6007539214502e-005	0.777505492902736
眼	381	4.58871006301708e-005	0.777781176822269
输	381	4.58871006301708e-005	0.77787295102353
笑	380	4.57666620458396e-005	0.778239325197065
罚	380	4.57666620458396e-005	0.778285091859111
营	379	4.56462234615085e-005	0.778513804730755
奇	379	4.56462234615085e-005	0.778605097177678
麻	379	4.56462234615085e-005	0.778742035848063
参	378	4.55257848771773e-005	0.778969905649617
断	377	4.54053462928462e-005	0.779060716342203
核	376	4.5284907708515e-005	0.779332787104207
桔	375	4.51644691241839e-005	0.779739267326324
志	375	4.51644691241839e-005	0.779784431795448
火	375	4.51644691241839e-005	0.779874760733697
角	374	4.50440305398527e-005	0.78019018938606
抗	373	4.49235919555216e-005	0.780505015845502
官	373	4.49235919555216e-005	0.780549939437457
籽	372	4.48031533711904e-005	0.780729513366695
迎	372	4.48031533711904e-005	0.78090872598018
佳	372	4.48031533711904e-005	0.780953529133551
般	369	4.44418376181969e-005	0.781712051337668
遵	369	4.44418376181969e-005	0.781756493175287
粉	368	4.43213990338658e-005	0.782156349275266
夜	366	4.40805218652034e-005	0.782598238441177
罗	365	4.39600832808723e-005	0.782906199901312
添	362	4.35987675278788e-005	0.783299672756322
劳	361	4.34783289435477e-005	0.783778657006208
塘	361	4.34783289435477e-005	0.783909091993038
呈	361	4.34783289435477e-005	0.783952570321982
饭	361	4.34783289435477e-005	0.784039526979869
亮	360	4.33578903592165e-005	0.784169600650947
储	360	4.33578903592165e-005	0.784212958541306
划	359	4.32374517748854e-005	0.78429955388344
星	359	4.32374517748854e-005	0.78447250369054
杂	359	4.32374517748854e-005	0.784515741142315
暨	358	4.31170131905542e-005	0.784946911274221
脑	356	4.28761360218919e-005	0.785592341647652
章	355	4.27556974375607e-005	0.785848996270862
形	354	4.26352588532296e-005	0.786104807823981
抵	353	4.25148202688984e-005	0.786232472723372
必	353	4.25148202688984e-005	0.786445046824716
曲	352	4.23943816845673e-005	0.786614865228623
流	352	4.23943816845673e-005	0.786699653991992
响	352	4.23943816845673e-005	0.786911625900415
售	351	4.22739431002361e-005	0.787122995615916
齐	350	4.21535045159049e-005	0.787207423063532
举	349	4.20330659315738e-005	0.787544169345321
环	349	4.20330659315738e-005	0.787628235477184
基	348	4.19126273472426e-005	0.788006051316231
轻	347	4.17921887629115e-005	0.788215012260045
救	346	4.16717501785803e-005	0.788590298888821
夏	344	4.1430873009918e-005	0.788881037631396
拒	344	4.1430873009918e-005	0.789005330250426
助	343	4.13104344255868e-005	0.789170933303881
速	342	4.11899958412557e-005	0.789418555033266
员	342	4.11899958412557e-005	0.789500935024948
毒	341	4.10695572569245e-005	0.790035682339378
塔	341	4.10695572569245e-005	0.790117821453892
育	341	4.10695572569245e-005	0.790241030125663
显	340	4.09491186725934e-005	0.790487206592036
卫	340	4.09491186725934e-005	0.790732901304071
阳	337	4.05878029195999e-005	0.791507321401321
船	337	4.05878029195999e-005	0.79154790920424
拟	336	4.04673643352687e-005	0.792034360646354
峰	336	4.04673643352687e-005	0.792074828010689
许	336	4.04673643352687e-005	0.792115295375024
订	336	4.04673643352687e-005	0.792196230103695
寄	336	4.04673643352687e-005	0.79223669746803
司	336	4.04673643352687e-005	0.792277164832365
怕	335	4.03469257509376e-005	0.792398326048203
答	335	4.03469257509376e-005	0.792600060676957
铝	335	4.03469257509376e-005	0.792640407602708
舞	334	4.02264871666064e-005	0.792720860577042
拍	331	3.9865171413613e-005	0.794002929307247
旁	330	3.97447328292818e-005	0.794082418772906
懂	330	3.97447328292818e-005	0.79440037663554
卷	329	3.96242942449506e-005	0.794717611866669
毛	328	3.95038556606195e-005	0.79495511675497
血	328	3.95038556606195e-005	0.795271147600255
梦	327	3.93834170762883e-005	0.795310531017331
敢	327	3.93834170762883e-005	0.795349914434408
乐	326	3.92629784919572e-005	0.795743507728002
福	326	3.92629784919572e-005	0.795939822620462
愿	326	3.92629784919572e-005	0.795979085598954
宝	325	3.9142539907626e-005	0.796214181715569
扶	325	3.9142539907626e-005	0.796253324255477
钩	324	3.90221013232949e-005	0.7962923463568
底	324	3.90221013232949e-005	0.796604523167387
李	321	3.86607855703014e-005	0.797302946517924
跳	320	3.85403469859702e-005	0.797650291395135
似	320	3.85403469859702e-005	0.797727372089107
沟	320	3.85403469859702e-005	0.797804452783079
沙	319	3.84199084016391e-005	0.797919832946868
纸	319	3.84199084016391e-005	0.797996672763671
景	319	3.84199084016391e-005	0.798150352397277
意	319	3.84199084016391e-005	0.79822719221408
坪	319	3.84199084016391e-005	0.798380871847687
整	318	3.82994698173079e-005	0.798419171317504
止	318	3.82994698173079e-005	0.798457470787321
砖	318	3.82994698173079e-005	0.798725567076042
板	317	3.81790312329768e-005	0.798878524078142
叶	317	3.81790312329768e-005	0.799031240203074
互	316	3.80585926486456e-005	0.799335829382847
累	316	3.80585926486456e-005	0.799373887975496
性	315	3.79381540643144e-005	0.799905503886733
踏	315	3.79381540643144e-005	0.799981380194862
毁	315	3.79381540643144e-005	0.80005725650299
颇	314	3.78177154799833e-005	0.80013289193395
普	314	3.78177154799833e-005	0.80020852736491
戏	313	3.76972768956521e-005	0.800472408303179
跃	312	3.7576838311321e-005	0.80084865844063
破	311	3.74563997269898e-005	0.801111094115887
付	311	3.74563997269898e-005	0.801148550515614
复	309	3.72155225583275e-005	0.801409781805028
衣	309	3.72155225583275e-005	0.801670290462936
陈	308	3.70950839739963e-005	0.801744480630884
鸭	307	3.69746453896652e-005	0.802300063820404
议	306	3.6854206805334e-005	0.802373772234014
捐	305	3.67337682210029e-005	0.802410506002235
川	305	3.67337682210029e-005	0.802777843684445
欲	304	3.66133296366717e-005	0.802961271648382
铺	304	3.66133296366717e-005	0.802997884978018
烧	304	3.66133296366717e-005	0.803071111637292
征	303	3.64928910523406e-005	0.803253576092553
抱	303	3.64928910523406e-005	0.803290068983606
缴	303	3.64928910523406e-005	0.803472533438867
井	303	3.64928910523406e-005	0.803545519220972
搬	302	3.63724524680094e-005	0.80376375393578
罪	301	3.62520138836782e-005	0.803800005949664
瓶	300	3.61315752993471e-005	0.804053649608265
棵	300	3.61315752993471e-005	0.804089781183565
旱	300	3.61315752993471e-005	0.804162044334163
示	300	3.61315752993471e-005	0.804234307484762
刘	299	3.60111367150159e-005	0.804450494743637
众	299	3.60111367150159e-005	0.804558528153782
床	297	3.57702595463536e-005	0.804916953380751
语	295	3.55293823776913e-005	0.805273451590372
融	293	3.5288505209029e-005	0.805805187940194
财	293	3.5288505209029e-005	0.805946341961031
色	292	3.51680666246978e-005	0.806087134666114
稽	292	3.51680666246978e-005	0.806157470799363
托	292	3.51680666246978e-005	0.806403647265737
炉	291	3.50476280403667e-005	0.806649582854941
籍	291	3.50476280403667e-005	0.806859868623183
亚	288	3.46863122873732e-005	0.807662110033414
遭	288	3.46863122873732e-005	0.807835541594851
客	288	3.46863122873732e-005	0.807870227907139
讯	288	3.46863122873732e-005	0.807904914219426
兵	288	3.46863122873732e-005	0.807939600531714
视	286	3.44454351187109e-005	0.808285259268745
器	286	3.44454351187109e-005	0.808388595574101
统	286	3.44454351187109e-005	0.808560822749694
灾	286	3.44454351187109e-005	0.808733049925287
刀	285	3.43249965343797e-005	0.80883602491489
空	285	3.43249965343797e-005	0.809041974894096
屋	284	3.42045579500486e-005	0.80924732268038
杨	284	3.42045579500486e-005	0.80934993635423
逐	283	3.40841193657174e-005	0.809418225031546
昔	283	3.40841193657174e-005	0.80962272974774
服	283	3.40841193657174e-005	0.809690897986472
鸟	283	3.40841193657174e-005	0.809724982105837
伏	282	3.39636807813863e-005	0.80996308918706
圈	281	3.38432421970551e-005	0.810132787152382
味	280	3.3722803612724e-005	0.810369448970592
智	279	3.36023650283928e-005	0.810773761298192
骗	279	3.36023650283928e-005	0.81080736366322
皮	279	3.36023650283928e-005	0.810874568393277
维	279	3.36023650283928e-005	0.810908170758305
栽	278	3.34819264440616e-005	0.810975255049778
扣	276	3.32410492753993e-005	0.811543002536314
食	276	3.32410492753993e-005	0.811609484634865
灯	276	3.32410492753993e-005	0.811742448831967
柑	275	3.31206106910682e-005	0.812074377570383
剧	275	3.31206106910682e-005	0.812107498181074
神	275	3.31206106910682e-005	0.812173739402456
折	275	3.31206106910682e-005	0.812239980623838
踢	275	3.31206106910682e-005	0.812372463066602
予	274	3.3000172106737e-005	0.812537945681473
租	274	3.3000172106737e-005	0.812900947574647
瑶	273	3.28797335224058e-005	0.812999586775215
标	273	3.28797335224058e-005	0.813032466508737
遍	273	3.28797335224058e-005	0.813065346242259
渡	271	3.26388563537435e-005	0.813556133473409
拖	271	3.26388563537435e-005	0.81365405004247
族	271	3.26388563537435e-005	0.813751966611531
斤	269	3.23979791850812e-005	0.814240104193825
容	269	3.23979791850812e-005	0.814434492068936
藏	267	3.21571020164189e-005	0.815014765168243
忘	265	3.19162248477566e-005	0.815750644918507
护	264	3.17957862634254e-005	0.815942021829009
返	263	3.16753476790943e-005	0.816291534600739
息	262	3.15549090947631e-005	0.816924439361399
端	262	3.15549090947631e-005	0.816955994270494
造	262	3.15549090947631e-005	0.817019104088684
谱	262	3.15549090947631e-005	0.817082213906873
糖	261	3.1434470510432e-005	0.817271422922858
禽	261	3.1434470510432e-005	0.817491464216431
贴	261	3.1434470510432e-005	0.817617202098473
夺	261	3.1434470510432e-005	0.817648636568983
挑	261	3.1434470510432e-005	0.817711505510004
盖	260	3.13140319261008e-005	0.817805447605783
弱	260	3.13140319261008e-005	0.817868075669635
犯	260	3.13140319261008e-005	0.817930703733487
移	260	3.13140319261008e-005	0.81814990195697
粒	259	3.11935933417697e-005	0.818274796768922
细	259	3.11935933417697e-005	0.818430764735631
野	258	3.10731547574385e-005	0.818679952166612
围	258	3.10731547574385e-005	0.818773171630884
夫	258	3.10731547574385e-005	0.818866391095157
牧	258	3.10731547574385e-005	0.818897464249914
练	257	3.09527161731073e-005	0.819114374140295
松	257	3.09527161731073e-005	0.819238185004988
谷	256	3.08322775887762e-005	0.819762935916919
守	254	3.05914004201139e-005	0.820162189823978
责	254	3.05914004201139e-005	0.820468103828179
迁	253	3.04709618357827e-005	0.820772813446538
脱	252	3.03505232514516e-005	0.820894335978128
软	251	3.02300846671204e-005	0.821287929271721
俩	250	3.01096460827892e-005	0.821529529071889
久	250	3.01096460827892e-005	0.821559638717972
素	249	2.99892074984581e-005	0.821860373863046
置	249	2.99892074984581e-005	0.821890363070545
鼓	248	2.98687689141269e-005	0.822160025060862
甚	248	2.98687689141269e-005	0.822189893829776
侧	248	2.98687689141269e-005	0.822488581518917
独	248	2.98687689141269e-005	0.822518450287831
功	247	2.97483303297958e-005	0.822786907892305
竞	247	2.97483303297958e-005	0.822935649543954
虫	247	2.97483303297958e-005	0.823054642865273
页	246	2.96278917454646e-005	0.823262399423244
聘	246	2.96278917454646e-005	0.823292027314989
艘	246	2.96278917454646e-005	0.823410538881971
玉	246	2.96278917454646e-005	0.823469794665462
技	245	2.95074531611335e-005	0.823647080261597
喊	244	2.93870145768023e-005	0.824059823290099
钟	244	2.93870145768023e-005	0.82432430642129
采	243	2.92665759924711e-005	0.824734399800938
冠	243	2.92665759924711e-005	0.824792932952923
损	243	2.92665759924711e-005	0.824822199528915
私	243	2.92665759924711e-005	0.824851466104907
振	242	2.914613740814e-005	0.825026945122278
慢	242	2.914613740814e-005	0.825230968084135
杀	242	2.914613740814e-005	0.825376698771175
航	242	2.914613740814e-005	0.825405844908583
乌	242	2.914613740814e-005	0.825522429458216
逾	241	2.90256988238088e-005	0.825580480855863
攻	241	2.90256988238088e-005	0.825609506554687
森	240	2.89052602394777e-005	0.825957092309067
雪	240	2.89052602394777e-005	0.825985997569306
池	240	2.89052602394777e-005	0.826014902829546
泰	240	2.89052602394777e-005	0.826159429130743
皆	240	2.89052602394777e-005	0.82630395543194
柬	239	2.87848216551465e-005	0.826332740253595
唯	239	2.87848216551465e-005	0.826476664361871
磋	238	2.86643830708154e-005	0.826793176961493
君	238	2.86643830708154e-005	0.827079820792201
梨	237	2.85439444864842e-005	0.827251566213458
义	237	2.85439444864842e-005	0.827308654102431
施	236	2.8423505902153e-005	0.827707787570904
吹	236	2.8423505902153e-005	0.827821481594513
思	236	2.8423505902153e-005	0.827878328606317
迈	236	2.8423505902153e-005	0.827906752112219
枫	235	2.83030673178219e-005	0.828133778843683
侗	235	2.83030673178219e-005	0.828360203382226
编	234	2.81826287334907e-005	0.828501116525893
邦	234	2.81826287334907e-005	0.828670212298294
府	232	2.79417515648284e-005	0.829091386027701
研	231	2.78213129804973e-005	0.82959301273144
界	231	2.78213129804973e-005	0.829704297983362
赤	230	2.77008743961661e-005	0.830036708476116
微	230	2.77008743961661e-005	0.830147511973701
姓	229	2.75804358118349e-005	0.830175092409513
韩	229	2.75804358118349e-005	0.830202672845325
毕	229	2.75804358118349e-005	0.830340575024384
扩	229	2.75804358118349e-005	0.830450896767632
秀	229	2.75804358118349e-005	0.830478477203443
玩	228	2.74599972275038e-005	0.830533397197899
钙	227	2.73395586431726e-005	0.830944815401974
谋	227	2.73395586431726e-005	0.830999494519261
汉	227	2.73395586431726e-005	0.831136192312477
勇	226	2.72191200588415e-005	0.831490281750411
怀	225	2.70986814745103e-005	0.831734892515188
拥	225	2.70986814745103e-005	0.831951681966984
植	224	2.69782428901792e-005	0.832032616695655
堆	224	2.69782428901792e-005	0.832113551424325
席	224	2.69782428901792e-005	0.832167507910106
控	224	2.69782428901792e-005	0.832248442638776
骨	224	2.69782428901792e-005	0.832302399124557
稿	223	2.6857804305848e-005	0.832464148143314
冷	223	2.6857804305848e-005	0.832598437164843
勤	222	2.67373657215168e-005	0.832920369500761
尼	221	2.66169271371857e-005	0.833293849550772
嘴	220	2.64964885528545e-005	0.833665884337772
末	218	2.62556113841922e-005	0.834667933359406
腿	218	2.62556113841922e-005	0.834799211416327
寻	217	2.61351727998611e-005	0.834877616934726
堂	217	2.61351727998611e-005	0.834982157625926
察	217	2.61351727998611e-005	0.835060563144325
灌	216	2.60147342155299e-005	0.835294816190849
伍	215	2.58942956311987e-005	0.8357878917551
鞋	215	2.58942956311987e-005	0.835839680346362
灵	214	2.57738570468676e-005	0.836175342680892
抬	213	2.56534184625364e-005	0.836586760884967
摊	213	2.56534184625364e-005	0.83661241430343
庭	212	2.55329798782053e-005	0.837072489695574
洗	211	2.54125412938741e-005	0.837378042384022
辅	211	2.54125412938741e-005	0.837479692549197
残	210	2.5292102709543e-005	0.83770780322792
协	210	2.5292102709543e-005	0.837910140049596
永	208	2.50512255408807e-005	0.838438744996225
绕	208	2.50512255408807e-005	0.838488847447307
丝	208	2.50512255408807e-005	0.83858905234947
孤	208	2.50512255408807e-005	0.838814513379338
搭	207	2.49307869565495e-005	0.839138734048357
切	207	2.49307869565495e-005	0.839288318770097
赚	206	2.48103483722183e-005	0.839362990692382
铜	206	2.48103483722183e-005	0.839387801040754
射	206	2.48103483722183e-005	0.839412611389126
备	206	2.48103483722183e-005	0.839462232085871
柏	206	2.48103483722183e-005	0.839635904524476
母	205	2.46899097878872e-005	0.840205217712609
凤	204	2.4569471203556e-005	0.840254356655016
爬	204	2.4569471203556e-005	0.84027892612622
确	204	2.4569471203556e-005	0.840450912424645
畅	203	2.44490326192249e-005	0.84069576406659
袋	203	2.44490326192249e-005	0.840744662131829
季	203	2.44490326192249e-005	0.840891356327544
涉	203	2.44490326192249e-005	0.840940254392782
浪	202	2.43285940348937e-005	0.841207868927166
料	200	2.40877168662314e-005	0.842008062881462
坏	200	2.40877168662314e-005	0.84215258918266
栋	200	2.40877168662314e-005	0.842176676899526
目	199	2.39672782819002e-005	0.842488974148697
屯	198	2.38468396975691e-005	0.842728165177179
圆	198	2.38468396975691e-005	0.842799705696272
宗	198	2.38468396975691e-005	0.842942786734457
良	197	2.37264011132379e-005	0.843442245543679
碘	197	2.37264011132379e-005	0.843465971944792
锌	196	2.36059625289068e-005	0.843820784014232
挤	196	2.36059625289068e-005	0.843915207864347
追	195	2.34855239445756e-005	0.844103332933073
登	195	2.34855239445756e-005	0.844244246076741
康	195	2.34855239445756e-005	0.844267731600685
词	195	2.34855239445756e-005	0.844338188172519
规	194	2.33650853602445e-005	0.844665419806147
泥	194	2.33650853602445e-005	0.844712149976868
散	193	2.32446467759133e-005	0.844874862504299
洋	193	2.32446467759133e-005	0.845107308972059
终	193	2.32446467759133e-005	0.845130553618835
巧	193	2.32446467759133e-005	0.845246776852714
捧	192	2.31242081915821e-005	0.845432252272585
混	192	2.31242081915821e-005	0.845663494354501
幢	191	2.3003769607251e-005	0.845732626101907
肩	191	2.3003769607251e-005	0.845824641180336
误	191	2.3003769607251e-005	0.845870648719551
材	191	2.3003769607251e-005	0.845985667567587
刻	190	2.28833310229198e-005	0.846169215970108
                                                                                                                                                                                                                                                                                                                                                                                                                                                                                                                                                                                                                                                                                                                                                                                                                                                                                                                                                                                                                                                                                                                                                                                                                                                                                                                                                                                                                                                                                                                                                                                                                                                                                                                                                                                                                                                                                                                                                                                                                                                                                                                                                                                                                                                                                                                                                                                                                                                                                                                                                                                                                                                                                                                                                                                                                                                                                                                                                                                                                                                                                                                                                                                                                                                                                                                                                                                                                                                                                                                                                                                                                                                                                                                                                                                                                                                                                                                        