上	31277	0.00396053971834924	0.11817165572011
中	31125	0.00394129228294338	0.122112948003053
省	24881	0.00315062789692897	0.147034451389842
元	23521	0.00297841400119233	0.15614988484462
人	23142	0.00293042204054219	0.159080306885162
不	19271	0.00244024557701532	0.182718056981526
说	17016	0.00215469974254023	0.189548363993316
年	16505	0.00208999290377447	0.195872539430651
新	15319	0.00193981225646296	0.197812351687114
后	15197	0.00192436365699247	0.199736715344106
大	14703	0.00186180949192342	0.203473503625862
已	13928	0.00176367289692644	0.208895582156412
两	13665	0.00173036976855972	0.214112523546451
下	12413	0.0015718316821904	0.225675420366522
都	11940	0.00151193670227611	0.231812946331565
出	11750	0.00148787740801879	0.236290760876447
好	11370	0.00143975881950414	0.242121974037236
名	11197	0.00141785219894352	0.243539826236179
使	10600	0.00134225536382971	0.246245103933619
时	9645	0.00122132575322053	0.260227099477331
会	9426	0.00119359425089235	0.267451472403483
次	9245	0.00117067460741563	0.269802318708153
做	8176	0.00103530942025205	0.283140538188685
县	8170	0.00103454965306498	0.28417508784175
作	7783	0.000985544669498741	0.290204853494093
内	7782	0.000985418041634229	0.291190271535728
家	7559	0.000957180027848	0.298005383203776
条	7495	0.000949075844519217	0.299904547915731
里	6878	0.000870946452115167	0.311705885004678
村	6844	0.000866641104721751	0.312572526109399
电	6802	0.000861322734412237	0.314299350297753
位	6647	0.00084169541541284	0.31769436997319
种	6406	0.000811178100065391	0.319342938141275
党	6393	0.000809531937826732	0.320152470079102
小	6250	0.000791424153201482	0.324156823038572
市	6146	0.000778254855292209	0.326494626673197
天	5795	0.000733808474848414	0.34011041443274
项	5666	0.000717473480326335	0.345915922137033
讲	5623	0.000712028482152309	0.349492526170181
亩	5294	0.000670367914727783	0.357801086872287
高	5210	0.000659731174108755	0.361129120407397
前	5204	0.000658971406921682	0.361788091814319
达	5023	0.000636051763444967	0.365025333170574
区	4943	0.000625921534283988	0.365651254704858
去	4869	0.000616551072310082	0.367514457103291
日	4708	0.000596163986123612	0.372376460589103
户	4685	0.000593251545239831	0.374160520572216
更	4631	0.00058641364055617	0.375334994015567
再	4528	0.000573370970511409	0.380555860869407
届	4523	0.000572737831188848	0.381128598700595
厂	4387	0.000555516441615184	0.387874698182485
最	4310	0.000545766096047742	0.391724311891521
局	4299	0.000544373189538107	0.392268685081059
办	4193	0.00053095063589981	0.396556051317715
万	4166	0.00052753168355798	0.397083583001273
报	4048	0.000512589595545536	0.402787535158227
外	3978	0.000503725645029679	0.406331469202331
余	3959	0.000501319715603947	0.407334361889267
号	3934	0.000498154018991141	0.408332316089488
应	3919	0.000496254601023457	0.409326724709503
成	3888	0.000492329137223578	0.41179647457895
院	3876	0.000490809602849431	0.4127789801797
近	3841	0.000486377627591503	0.413752875085664
水	3730	0.000472321934630644	0.418053157364499
看	3702	0.000468776354424302	0.420875312580884
点	3680	0.000465990541405032	0.422744466488949
米	3664	0.000463964495572837	0.423673028619417
共	3663	0.000463837867708324	0.424136866487125
却	3648	0.000461938449740641	0.42506251617671
占	3642	0.000461178682553567	0.425523694859263
乡	3635	0.000460292287501982	0.425983987146765
部	3603	0.00045624019583759	0.427357139709536
很	3534	0.000447502873186246	0.431877374589029
场	3465	0.000438765550534901	0.435408392590953
岁	3463	0.000438512294805877	0.435846904885759
走	3426	0.000433827063818924	0.438464049589498
分	3383	0.000428382065644898	0.44062356119089
批	3354	0.000424709857574043	0.441899210297986
处	3316	0.000419897998722578	0.442739892690483
国	3312	0.000419391487264529	0.443159284177747
镇	3284	0.000415845907058187	0.444827099781238
仅	3236	0.000409767769561599	0.446478707018071
抓	3225	0.000408374863051965	0.447296343139226
只	3213	0.000406855328677818	0.448110813563769
无	3131	0.000396471843787814	0.45252911301233
路	3098	0.00039229312425891	0.454501215374244
吨	3066	0.000388241032594519	0.456062663571544
长	3050	0.000386214986762323	0.457223841089121
组	2925	0.000370386503698293	0.463643114052705
建	2791	0.000353418369853654	0.471223944417459
正	2790	0.000353291741989141	0.471577236159448
未	2777	0.000351645579750482	0.473339009638406
山	2741	0.000347086976628042	0.475785966492241
级	2720	0.000344427791473285	0.476821655796086
月	2674	0.000338602909705722	0.478867582203011
全	2649	0.000335437213092916	0.480549326871598
方	2617	0.000331385121428524	0.483212690745884
图	2616	0.000331258493564012	0.483543949239448
数	2599	0.000329105819867304	0.484862018681156
委	2593	0.000328346052680231	0.48584743672279
受	2581	0.000326826518306084	0.486829182556353
件	2573	0.000325813495389986	0.487480809547133
带	2570	0.000325433611796449	0.48780624315893
才	2559	0.000324040705286815	0.489429105870518
非	2558	0.000323914077422302	0.489753019947941
百	2529	0.000320241869351448	0.491682575347378
总	2520	0.000319102218570837	0.492001677565949
队	2514	0.000318342451383764	0.492320020017333
行	2484	0.000314543615448397	0.494537020669213
台	2464	0.000312011058158152	0.496731988072668
车	2445	0.00030960512873242	0.497973574284211
钱	2427	0.000307325827171199	0.499514128883867
曾	2388	0.000302387340455222	0.503474162090758
站	2387	0.00030226071259071	0.504078810143804
案	2339	0.000296182575094122	0.506474356084646
老	2332	0.000295296180042537	0.506769652264689
便	2305	0.000291877227700706	0.507648956155861
进	2287	0.000289597926139486	0.509099351715985
均	2240	0.000283646416507411	0.512251119263694
学	2231	0.000282506765726801	0.512533626029421
开	2227	0.000282000254268752	0.513380006675821
强	2219	0.000280987231352654	0.514504968624148
事	2193	0.000277694906875336	0.517014479643051
转	2187	0.000276935139688262	0.517846424712897
花	2183	0.000276428628230214	0.518122853341127
贵	2175	0.000275415605314116	0.518674697574671
搞	2147	0.000271870025107773	0.521133937331363
仍	2125	0.000269084212088504	0.523293575560619
美	2122	0.000268704328494967	0.523562279889114
线	2117	0.000268071189172406	0.524098928778917
驻	2114	0.000267691305578869	0.524634311390075
原	2105	0.000266551654798259	0.5257025440551
厅	2062	0.000261106656624233	0.528338049799194
获	2047	0.000259207238656549	0.52963839133987
想	2036	0.000257814332146915	0.530672307853612
头	2033	0.000257434448553378	0.530929742302166
找	2026	0.000256548053501792	0.531186290355667
书	2017	0.000255408402721182	0.531953528586747
现	2014	0.000255028519127645	0.532208557105875
买	1995	0.000252622589701913	0.533728344735751
片	1960	0.000248190614443985	0.535728811739315
州	1954	0.000247430847256911	0.535976242586572
南	1950	0.000246924335798862	0.536470344513899
支	1948	0.000246671080069838	0.536717015593968
入	1910	0.000241859221218373	0.539886890926303
重	1887	0.000238946780334591	0.541565976409735
版	1886	0.000238820152470079	0.541804796562206
城	1847	0.000233881665754102	0.546058479786901
黔	1846	0.00023375503788959	0.54652598986268
改	1845	0.000233628410025077	0.546993373310595
写	1809	0.000229069806902637	0.55116006319237
交	1796	0.000227423644663978	0.551387486837034
接	1765	0.000223498180864098	0.553638677012332
手	1758	0.000222611785812513	0.554084153839686
吃	1750	0.000221598762896415	0.554750596290614
网	1738	0.000220079228522268	0.55541248013842
座	1723	0.000218179810554584	0.556068285848729
证	1718	0.000217546671232023	0.556722065513205
相	1715	0.000217166787638487	0.556939232300844
低	1692	0.000214254346754705	0.558016582172114
石	1692	0.000214254346754705	0.558230836518869
段	1690	0.000214001091025681	0.558444837609894
住	1685	0.000213367951703119	0.559085447976462
请	1669	0.000211341905870924	0.560360717199964
校	1668	0.000211215278006411	0.560783147755977
没	1662	0.000210455510819338	0.561204691916938
俄	1655	0.000209569115767752	0.561623830148474
军	1654	0.00020944248790324	0.561833272636377
见	1648	0.000208682720716167	0.562250764705674
难	1642	0.000207922953529093	0.563083216286977
酒	1640	0.000207669697800069	0.563498682310442
需	1630	0.000206403419154946	0.563911489148752
字	1624	0.000205643651967873	0.564735330035268
间	1616	0.000204630629051775	0.565554865574392
块	1613	0.000204250745458238	0.56575911631985
份	1608	0.000203617606135677	0.565962733925986
金	1577	0.000199692142335798	0.568380439743118
筑	1571	0.000198932375148724	0.56877843112128
制	1560	0.00019753946863909	0.569769167533223
送	1556	0.000197032957181041	0.570163613331179
机	1551	0.00019639981785848	0.570556666222625
生	1550	0.000196273189993967	0.570949212602613
双	1542	0.00019526016707787	0.572122673023048
约	1542	0.00019526016707787	0.572317933190125
张	1537	0.000194627027755308	0.572707693757094
放	1517	0.000192094470465064	0.575411958431618
拉	1513	0.000191587959007015	0.575795260977496
干	1509	0.000191081447548966	0.576369138459465
发	1505	0.000190574936090917	0.576941116523467
快	1501	0.000190068424632868	0.577511954936688
心	1500	0.000189941796768356	0.577891838530225
话	1488	0.000188422262394209	0.57921459320292
少	1456	0.000184370170729817	0.582007117499008
套	1435	0.00018171098557506	0.584382276353665
税	1417	0.00017943168401384	0.586004505925931
产	1400	0.000177279010317132	0.587252550158563
面	1399	0.00017715238245262	0.587429702541016
房	1384	0.000175252964484936	0.588839450556631
收	1372	0.000173733430110789	0.590060143170529
代	1367	0.000173100290788228	0.590233243461317
黄	1360	0.000172213895736642	0.590922985439315
物	1358	0.000171960640007618	0.591267033347195
红	1356	0.000171707384278593	0.591610574743617
加	1346	0.000170441105633471	0.592638033236269
林	1338	0.000169428082717373	0.59399687685035
门	1324	0.000167655292614202	0.596356080594077
期	1321	0.000167275409020665	0.596691011295712
称	1317	0.000166768897562616	0.596857780193275
海	1315	0.000166515641833592	0.597024295835108
款	1311	0.000166009130375543	0.597522323226235
道	1278	0.000161830410846639	0.599977384263398
状	1277	0.000161703782982127	0.60013908804638
法	1271	0.000160944015795053	0.600621920093765
太	1270	0.000160817387930541	0.600782737481696
口	1259	0.000159424481420906	0.601743083206157
华	1252	0.000158538086369321	0.602537546428106
治	1251	0.000158411458504809	0.602695957886611
动	1223	0.000154865878298466	0.604725296043285
回	1219	0.000154359366840417	0.605343619905698
女	1217	0.000154106111111393	0.605806191494761
创	1214	0.000153726227517856	0.606267750060908
反	1209	0.000153093088195295	0.606727535836952
猪	1203	0.000152333321008221	0.607490848604232
越	1200	0.000151953437414684	0.608859949075338
类	1200	0.000151953437414684	0.609011902512753
班	1196	0.000151446925956636	0.609466496546352
增	1194	0.000151193670227611	0.609617690216579
卖	1187	0.000150307275176025	0.610974127901234
特	1185	0.000150054019447001	0.611274489195857
辆	1181	0.000149547507988952	0.611723511603418
早	1179	0.000149294252259928	0.612321068496051
身	1161	0.000147014950698707	0.614242772967889
楼	1159	0.000146761694969683	0.614976961326331
真	1157	0.000146508439240658	0.615270104832676
权	1156	0.000146381811376146	0.615416486644053
科	1151	0.000145748672053585	0.6158544924274
极	1150	0.000145622044189073	0.616145863143643
树	1143	0.000144735649137487	0.617888135931467
河	1130	0.000143089486898828	0.618750978200253
关	1128	0.000142836231169803	0.618893814431423
系	1116	0.000141316696795657	0.620457541930285
问	1115	0.000141190068931144	0.620598731999216
风	1114	0.000141063441066632	0.620880985509214
桥	1112	0.000140810185337608	0.621021795694551
查	1101	0.000139417278827973	0.622002528505199
推	1096	0.000138784139505412	0.622558678086136
先	1095	0.0001386575116409	0.622974650621059
团	1093	0.000138404255911875	0.623389990016659
假	1092	0.000138277628047363	0.623666671900618
定	1089	0.000137897744453826	0.62463322239044
病	1088	0.000137771116589314	0.62477099350703
爱	1086	0.000137517860860289	0.625046155856615
声	1080	0.000136758093673216	0.625731465859355
江	1073	0.00013587169862163	0.626820718749889
主	1069	0.000135365187163581	0.627363192521459
土	1055	0.00013359239706041	0.628438389719033
超	1042	0.000131946234821751	0.630295513979969
明	1038	0.000131439723363702	0.630690339661519
龙	1033	0.000130806584041141	0.63121432576487
牛	1025	0.000129793561125043	0.632518212885753
商	1024	0.000129666933260531	0.632647879819013
力	1023	0.000129540305396019	0.63277742012441
量	1019	0.00012903379393797	0.63303561434015
设	1015	0.000128527282479921	0.633550356609392
情	1009	0.000127767515292847	0.634319114374846
教	1002	0.000126881120241262	0.635209055006638
属	1002	0.000126881120241262	0.635335936126879
保	1000	0.000126627864512237	0.635462563991391
满	998	0.000126374608783213	0.635968315682253
投	997	0.0001262479809187	0.636220811644091
防	994	0.000125868097325164	0.637102774720418
卡	993	0.000125741469460651	0.637228516189879
工	990	0.000125361585867115	0.637604980831074
巴	988	0.00012510833013809	0.637855324119215
药	986	0.000124855074409066	0.638480106002718
农	985	0.000124728446544554	0.638604834449263
刚	980	0.000124095307221992	0.639476287412836
幅	977	0.000123715423628456	0.639847940195179
轮	973	0.000123208912170407	0.64058883983044
乱	972	0.000123082284305894	0.640711922114746
民	972	0.000123082284305894	0.640835004399052
深	971	0.000122955656441382	0.640957960055494
枚	971	0.000122955656441382	0.641203871368376
节	966	0.000122322517118821	0.641816750232616
架	964	0.000122069261389797	0.641938819494005
包	952	0.00012054972701565	0.643637532296437
实	947	0.000119916587693089	0.64447922771185
听	945	0.000119663331964064	0.644598891043814
活	939	0.000118903564776991	0.645789192970229
王	934	0.000118270425454429	0.646499955173736
业	919	0.000116371007486746	0.649428351168446
存	915	0.000115864496028697	0.650009193182963
文	908	0.000114978100977111	0.65047100500484
烟	908	0.000114978100977111	0.650585983105817
读	907	0.000114851473112599	0.650700834578929
室	907	0.000114851473112599	0.650815686052042
额	901	0.000114091705925526	0.651960148691504
粮	900	0.000113965078061013	0.65218820547549
帐	892	0.000112952055144915	0.653549455018997
远	890	0.000112698799415891	0.653888057928703
通	889	0.000112572171551379	0.654451298670053
选	881	0.000111559148635281	0.655571195503799
副	879	0.000111305892906256	0.655794060545341
寨	878	0.000111179265041744	0.656127724968331
变	876	0.00011092600931272	0.656238650977644
世	876	0.00011092600931272	0.656349576986956
钢	875	0.000110799381448207	0.656571175749853
赴	873	0.000110546125719183	0.656792394629156
田	868	0.000109912986396622	0.657674357705483
株	867	0.00010978635853211	0.657894057050412
派	858	0.000108646707751499	0.659314061923052
步	858	0.000108646707751499	0.659531355338555
街	857	0.000108520079886987	0.66007395573799
购	855	0.000108266824157963	0.660399009466193
今	847	0.000107253801241865	0.661583359882976
群	841	0.000106494034054791	0.662543832235302
坡	841	0.000106494034054791	0.662650326269357
脑	838	0.000106114150461255	0.662969048604334
摆	838	0.000106114150461255	0.663181276905256
飞	837	0.000105987522596742	0.663287264427853
跑	830	0.000105101127545157	0.664554556095891
价	829	0.000104974499680645	0.664974833978207
务	823	0.000104214732493571	0.666124994871572
牌	822	0.000104088104629059	0.666437385813324
首	821	0.000103961476764547	0.666749270243617
盘	819	0.000103708221035522	0.666852978464653
球	819	0.000103708221035522	0.666956686685688
笔	814	0.000103075081712961	0.667473708256492
清	812	0.000102821825983936	0.667679478536324
油	809	0.0001024419423904	0.668192701271192
篇	804	0.000101808803067839	0.668805453507567
修	799	0.000101175663745277	0.669617011491226
养	799	0.000101175663745277	0.669819362818716
溪	796	0.000100795780151741	0.670122130042765
指	794	0.000100542524422716	0.670524806651914
令	794	0.000100542524422716	0.670625349176337
挂	791	0.00010016264082918	0.671327374057192
香	787	9.96561293711306e-005	0.671726378458271
准	780	9.87697343195449e-005	0.672817784022501
层	777	9.83898507260082e-005	0.673211849936863
票	777	9.83898507260082e-005	0.673408629638315
差	776	9.8263222861496e-005	0.673506892861177
言	774	9.80099671324715e-005	0.6738993126133
公	764	9.67436884873491e-005	0.676043122359493
联	762	9.64904327583246e-005	0.676332593657768
压	759	9.61105491647879e-005	0.676910396603537
提	758	9.59839213002757e-005	0.677006380524838
单	757	9.58572934357635e-005	0.677389809698581
歌	756	9.57306655712512e-005	0.677485540364152
股	755	9.5604037706739e-005	0.677581144401858
运	747	9.45910147906411e-005	0.679387364261261
洞	745	9.43377590616166e-005	0.679859812823756
旧	744	9.42111311971044e-005	0.680236783976409
引	742	9.39578754680799e-005	0.680424952983074
展	742	9.39578754680799e-005	0.680800784484947
德	739	9.35779918745432e-005	0.68183166192994
社	739	9.35779918745432e-005	0.681925239921815
铁	738	9.3451364010031e-005	0.682205847269574
排	735	9.30714804164942e-005	0.682765162547125
度	730	9.24383410939331e-005	0.683136055562281
西	728	9.21850853649086e-005	0.683782237554887
标	728	9.21850853649086e-005	0.683966607725617
具	727	9.20584575003964e-005	0.684243036353847
初	721	9.12986903133229e-005	0.685620114380417
信	721	9.12986903133229e-005	0.685802711761044
苗	719	9.10454345842984e-005	0.686075848064797
集	718	9.09188067197862e-005	0.686166766871516
负	718	9.09188067197862e-005	0.686257685678236
凡	717	9.0792178855274e-005	0.686620981021522
立	716	9.06655509907617e-005	0.686802312123503
茶	711	9.00324116682006e-005	0.687524977346275
诉	711	9.00324116682006e-005	0.687615009757943
印	709	8.97791559391761e-005	0.687974632893158
克	709	8.97791559391761e-005	0.688064412049097
菜	708	8.96525280746638e-005	0.688243843733111
化	707	8.95259002101516e-005	0.688602073961816
井	707	8.95259002101516e-005	0.688691599862026
京	705	8.92726444811271e-005	0.688959671051198
抢	704	8.91460166166149e-005	0.689048817067815
子	697	8.82596215650292e-005	0.690200370867689
落	696	8.8132993700517e-005	0.69028850386139
招	694	8.78797379714925e-005	0.690640529324734
画	693	8.77531101069803e-005	0.690728282434841
马	691	8.74998543779558e-005	0.69125416795616
求	690	8.73732265134436e-005	0.691691287344456
兴	690	8.73732265134436e-005	0.69177866057097
直	689	8.72465986489313e-005	0.692040526994781
富	682	8.63602035973457e-005	0.692906914843774
广	678	8.58536921392967e-005	0.694026178538197
坐	674	8.53471806812478e-005	0.694539781156659
杯	672	8.50939249522233e-005	0.69505110447356
完	672	8.50939249522233e-005	0.695136198398512
句	672	8.50939249522233e-005	0.695221292323464
限	671	8.49672970877111e-005	0.695306259620552
穿	670	8.48406692231988e-005	0.695476067586863
周	669	8.47140413586866e-005	0.695730336338803
谈	668	8.45874134941744e-005	0.695814923752297
奇	668	8.45874134941744e-005	0.695899511165792
古	667	8.44607856296621e-005	0.696068559364915
效	666	8.43341577651499e-005	0.69640602262384
费	660	8.35743905780765e-005	0.697497301560207
换	659	8.34477627135642e-005	0.69758074932292
调	657	8.31945069845397e-005	0.697913780606588
伊	657	8.31945069845397e-005	0.697996975113572
东	656	8.30678791200275e-005	0.698329246630053
竹	654	8.2814623391003e-005	0.698495002504699
列	653	8.26879955264908e-005	0.698826134370399
净	653	8.26879955264908e-005	0.698908822365925
易	652	8.25613676619786e-005	0.699156633096775
北	642	8.12950890168562e-005	0.700055184423354
胜	640	8.10418332878317e-005	0.700217394717795
白	638	8.07885775588072e-005	0.700298183295353
左	637	8.0661949694295e-005	0.700459507194742
草	636	8.05353218297828e-005	0.700701113160231
资	635	8.04086939652705e-005	0.701023127819686
留	631	7.99021825072216e-005	0.701584722398798
园	630	7.97755546427094e-005	0.701824302318455
坝	630	7.97755546427094e-005	0.701904077873098
医	628	7.95222989136849e-005	0.702382224689496
半	624	7.90157874556359e-005	0.703254057536663
装	621	7.86359038620992e-005	0.703568981035705
体	621	7.86359038620992e-005	0.703726252843429
博	620	7.8509275997587e-005	0.703804762119426
黑	620	7.8509275997587e-005	0.703883271395424
监	618	7.82560202685625e-005	0.704510205952624
斯	618	7.82560202685625e-005	0.704666717993161
帮	614	7.77495088105136e-005	0.705602371284042
检	613	7.76228809460013e-005	0.705913116063555
亦	612	7.74962530814891e-005	0.706223101075881
参	610	7.72429973524646e-005	0.706377713698451
云	609	7.71163694879524e-005	0.706763422173755
右	599	7.585009084283e-005	0.709666745851291
严	598	7.57234629783178e-005	0.709818319405113
光	594	7.52169515202688e-005	0.710195037302036
减	590	7.47104400622199e-005	0.711168425696542
尔	590	7.47104400622199e-005	0.711467267456791
平	589	7.45838121977076e-005	0.711541851268989
青	589	7.45838121977076e-005	0.711691018893384
死	588	7.44571843331954e-005	0.711914390446384
岩	583	7.38240450106342e-005	0.71287714210027
宽	581	7.35707892816097e-005	0.71361462278319
持	581	7.35707892816097e-005	0.713835335151035
担	580	7.34441614170975e-005	0.714129365052432
表	578	7.3190905688073e-005	0.714496079348059
困	576	7.29376499590485e-005	0.715299406520525
争	576	7.29376499590485e-005	0.715372344170484
畜	573	7.25577663655118e-005	0.715736019397364
木	569	7.20512549074629e-005	0.71638726650455
计	568	7.19246270429507e-005	0.7165312423865
补	568	7.19246270429507e-005	0.716603167013543
理	567	7.17979991784384e-005	0.716746889639765
背	557	7.0531720533316e-005	0.718669733762383
湖	556	7.04050926688038e-005	0.718810670575585
欠	556	7.04050926688038e-005	0.718951480760923
安	555	7.02784648042916e-005	0.719021759225727
载	555	7.02784648042916e-005	0.719162316155336
含	554	7.01518369397793e-005	0.719232467992275
银	552	6.98985812107549e-005	0.719512442200712
课	546	6.91388140236814e-005	0.720553576502732
甲	544	6.8885558294657e-005	0.720691347619321
矿	543	6.87589304301447e-005	0.720966509968906
居	542	6.86323025656325e-005	0.721103901201902
绿	542	6.86323025656325e-005	0.721172533504467
库	541	6.85056747011202e-005	0.721378050528571
企	540	6.8379046836608e-005	0.721651693343782
族	540	6.8379046836608e-005	0.721720072390618
供	535	6.77459075140468e-005	0.722535682465942
继	534	6.76192796495346e-005	0.722874158747783
优	533	6.74926517850224e-005	0.723009144051353
鱼	532	6.73660239205101e-005	0.723548578754175
常	529	6.69861403269734e-005	0.724420158345613
降	527	6.67328845979489e-005	0.724687469767598
馆	526	6.66062567334367e-005	0.724954148050261
拨	526	6.66062567334367e-005	0.725087360563727
率	524	6.63530010044122e-005	0.72528667282247
春	524	6.63530010044122e-005	0.725419378824479
煤	524	6.63530010044122e-005	0.725485731825483
型	520	6.58464895463633e-005	0.726079616510045
迎	520	6.58464895463633e-005	0.72654054193687
唱	518	6.55932338173388e-005	0.72699994782932
销	517	6.54666059528266e-005	0.727196600902908
知	514	6.50867223592899e-005	0.728175054411994
访	514	6.50867223592899e-005	0.728240141134353
顶	512	6.48334666302654e-005	0.728824655356941
店	512	6.48334666302654e-005	0.728954322290202
利	511	6.47068387657531e-005	0.729148442806499
羊	510	6.45802109012409e-005	0.729471723744599
掉	509	6.44535830367287e-005	0.729600757538537
梯	507	6.42003273077042e-005	0.730115373179915
英	506	6.4073699443192e-005	0.730500068632303
番	504	6.38204437141675e-005	0.731011265321339
暨	500	6.33139322561185e-005	0.731901205953131
升	499	6.31873043916063e-005	0.732280962918803
专	499	6.31873043916063e-005	0.732470524831978
眼	498	6.30606765270941e-005	0.732659960117288
结	497	6.29340486625818e-005	0.732785954842477
些	496	6.28074207980696e-005	0.733037437781399
热	494	6.25541650690451e-005	0.733601564917801
史	492	6.23009093400206e-005	0.734288141199186
果	492	6.23009093400206e-005	0.734350442108526
停	491	6.21742814755084e-005	0.734536964952953
忙	490	6.20476536109962e-005	0.734661060260175
兼	489	6.19210257464839e-005	0.734971171900365
患	487	6.16677700174595e-005	0.735280397145504
尚	487	6.16677700174595e-005	0.735342064915522
竟	487	6.16677700174595e-005	0.735465400455557
短	486	6.15411421529472e-005	0.73552694159771
解	482	6.10346306948983e-005	0.736323050981898
章	482	6.10346306948983e-005	0.736384085612593
脱	480	6.07813749658738e-005	0.7368714762631
瓦	479	6.06547471013616e-005	0.73711422187937
传	478	6.05281192368493e-005	0.737356587612047
脚	478	6.05281192368493e-005	0.73747764385052
战	477	6.04014913723371e-005	0.737658848324637
倒	475	6.01482356433126e-005	0.738020750761413
质	474	6.00216077788004e-005	0.738381386919544
鸡	473	5.98949799142881e-005	0.738501303507237
肉	473	5.98949799142881e-005	0.738561198487151
神	469	5.93884684562392e-005	0.739634876150351
观	468	5.92618405917269e-005	0.739694137990942
考	466	5.90085848627025e-005	0.740226101649758
感	465	5.88819569981902e-005	0.740343992191619
岗	463	5.86287012691658e-005	0.740872916781687
伤	461	5.83754455401413e-005	0.741223549338521
梵	458	5.79955619466046e-005	0.741921775383442
缺	458	5.79955619466046e-005	0.741979770945388
值	457	5.78689340820923e-005	0.742095508813553
根	456	5.77423062175801e-005	0.742673691642916
阳	455	5.76156783530679e-005	0.742731307321269
式	454	5.74890504885556e-005	0.743307337476935
毒	452	5.72357947595312e-005	0.743708874435303
算	452	5.72357947595312e-005	0.743880581819582
喝	449	5.68559111659944e-005	0.744507389748917
领	449	5.68559111659944e-005	0.744734813393581
维	449	5.68559111659944e-005	0.744848525215913
题	448	5.67292833014822e-005	0.744961983782516
封	448	5.67292833014822e-005	0.745018713065818
脸	446	5.64760275724577e-005	0.745414805026012
奔	445	5.63493997079455e-005	0.745810010591154
硬	445	5.63493997079455e-005	0.745979058790278
赛	443	5.6096143978921e-005	0.746709701568514
颗	442	5.59695161144088e-005	0.746765671084629
星	442	5.59695161144088e-005	0.746877610116858
距	442	5.59695161144088e-005	0.746989549149087
紧	439	5.55896325208721e-005	0.747491502004013
诗	439	5.55896325208721e-005	0.747658270901575
配	436	5.52097489273354e-005	0.748489836087827
纸	434	5.49564931983109e-005	0.748875164679538
夜	433	5.48298653337986e-005	0.749149820517665
取	433	5.48298653337986e-005	0.749204650382999
梦	429	5.43233538757497e-005	0.750023552782799
气	428	5.41967260112375e-005	0.750349239650325
序	428	5.41967260112375e-005	0.75056602655437
乐	427	5.40700981467252e-005	0.750620096652517
雨	425	5.38168424177008e-005	0.751160164494661
师	425	5.38168424177008e-005	0.751267798179497
角	424	5.36902145531885e-005	0.75169782640738
试	423	5.35635866886763e-005	0.75185864379531
苦	423	5.35635866886763e-005	0.752126461728753
环	421	5.33103309596518e-005	0.752606761218849
柑	420	5.31837030951396e-005	0.752819622659094
献	420	5.31837030951396e-005	0.752925990065284
冬	418	5.29304473661151e-005	0.753456687445455
营	417	5.28038195016029e-005	0.753827073949153
亮	417	5.28038195016029e-005	0.753879877768654
流	416	5.26771916370906e-005	0.754143643610433
响	416	5.26771916370906e-005	0.75419632080207
喜	410	5.19174244500172e-005	0.75576308736968
扩	410	5.19174244500172e-005	0.75597075706748
男	409	5.1790796585505e-005	0.756022547864066
例	407	5.15375408564805e-005	0.756798270162068
怀	407	5.15375408564805e-005	0.75705595786635
挖	407	5.15375408564805e-005	0.75721057048892
剧	405	5.1284285127456e-005	0.757364549972167
独	405	5.1284285127456e-005	0.757415834257294
势	404	5.11576572629438e-005	0.757723413340195
笑	404	5.11576572629438e-005	0.757979201626509
足	404	5.11576572629438e-005	0.758183832255561
跨	403	5.10310293984315e-005	0.758490145059816
秒	403	5.10310293984315e-005	0.75869426917741
致	401	5.07777736694071e-005	0.758999189075155
布	400	5.06511458048948e-005	0.759100617994629
职	400	5.06511458048948e-005	0.759455176015264
儿	397	5.02712622113581e-005	0.760160619848461
墙	396	5.01446343468459e-005	0.760461487654542
游	396	5.01446343468459e-005	0.760561776923236
告	394	4.98913786178214e-005	0.761111595110948
促	394	4.98913786178214e-005	0.761311160625419
精	392	4.96381228887969e-005	0.761858319627977
遇	392	4.96381228887969e-005	0.762007233996643
政	391	4.95114950242847e-005	0.762205533232469
遭	391	4.95114950242847e-005	0.762255044727494
呈	390	4.93848671597725e-005	0.762403452584702
铝	389	4.92582392952602e-005	0.762600485541883
急	388	4.9131611430748e-005	0.762945166589085
源	385	4.87517278372113e-005	0.763582104747582
般	385	4.87517278372113e-005	0.763630856475419
品	383	4.84984721081868e-005	0.764360359602874
兵	381	4.82452163791623e-005	0.764940441850205
须	380	4.81185885146501e-005	0.765229280009157
罪	379	4.79919606501378e-005	0.765325263930457
李	379	4.79919606501378e-005	0.765373255891107
翻	377	4.77387049211134e-005	0.765899774551749
空	376	4.76120770566011e-005	0.766376148578044
讯	375	4.74854491920889e-005	0.766661314528926
盖	374	4.73588213275767e-005	0.766756158799445
境	374	4.73588213275767e-005	0.766850876442101
麻	373	4.72321934630644e-005	0.767181628424206
晚	370	4.68523098695277e-005	0.767886312490217
添	369	4.67256820050155e-005	0.768120320783836
松	369	4.67256820050155e-005	0.768213772147846
育	369	4.67256820050155e-005	0.768260497829851
板	367	4.6472426275991e-005	0.768726488371256
色	366	4.63457984114788e-005	0.768958597246907
货	366	4.63457984114788e-005	0.769236672037376
练	365	4.62191705469665e-005	0.769514366944251
众	364	4.60925426824543e-005	0.769837267998757
穷	363	4.59659148179421e-005	0.770113443371259
船	363	4.59659148179421e-005	0.770251341115712
输	363	4.59659148179421e-005	0.770389238860166
缴	363	4.59659148179421e-005	0.770435204774984
志	363	4.59659148179421e-005	0.770481170689802
罚	360	4.55860312244053e-005	0.771121527800641
罗	360	4.55860312244053e-005	0.771258285894314
火	360	4.55860312244053e-005	0.771303871925539
奖	360	4.55860312244053e-005	0.771349457956763
扣	359	4.54594033598931e-005	0.771440376763483
味	359	4.54594033598931e-005	0.771576754973562
磷	357	4.52061476308686e-005	0.772438330963703
肥	357	4.52061476308686e-005	0.772483537111334
塘	357	4.52061476308686e-005	0.772573949406595
纳	356	4.50795197663564e-005	0.772844679780923
司	355	4.49528919018442e-005	0.773204429544002
域	355	4.49528919018442e-005	0.773249382435904
抵	353	4.46996361728197e-005	0.773607992548203
川	353	4.46996361728197e-005	0.773831490729067
血	353	4.46996361728197e-005	0.773920890001412
合	352	4.45730083083074e-005	0.774143881670818
福	352	4.45730083083074e-005	0.77436674671236
记	349	4.41931247147707e-005	0.774721304732994
愿	349	4.41931247147707e-005	0.774898077231853
抗	348	4.40664968502585e-005	0.775118536343969
视	346	4.3813241121234e-005	0.775382175557884
复	346	4.3813241121234e-005	0.775425988799005
册	343	4.34333575276973e-005	0.776604261078291
险	342	4.33067296631851e-005	0.776907408185934
断	340	4.30534739341606e-005	0.77720954227066
曲	340	4.30534739341606e-005	0.777252595744594
核	340	4.30534739341606e-005	0.777467863114265
义	339	4.29268460696484e-005	0.777682497344613
桔	338	4.28002182051361e-005	0.777982352127778
陈	337	4.26735903406239e-005	0.778153173117005
举	337	4.26735903406239e-005	0.778195846707346
贫	337	4.26735903406239e-005	0.778665256201093
跳	336	4.25469624761117e-005	0.778750476753909
怕	336	4.25469624761117e-005	0.778793023716385
警	336	4.25469624761117e-005	0.778878117641338
显	335	4.24203346115994e-005	0.779175693122941
箱	334	4.22937067470872e-005	0.779387414912405
炸	333	4.21670788825749e-005	0.779809338956961
虫	333	4.21670788825749e-005	0.779851506035843
租	333	4.21670788825749e-005	0.779935840193608
偏	332	4.20404510180627e-005	0.780188082899717
速	332	4.20404510180627e-005	0.780272163801753
答	332	4.20404510180627e-005	0.780356244703789
佳	332	4.20404510180627e-005	0.780482366056843
基	331	4.19138231535505e-005	0.780608107526304
砖	331	4.19138231535505e-005	0.780691935172611
旁	330	4.17871952890382e-005	0.780901377660514
评	330	4.17871952890382e-005	0.781026739246381
整	327	4.14073116955015e-005	0.781817150376666
功	326	4.12806838309893e-005	0.782189183042604
贷	326	4.12806838309893e-005	0.782354305777928
昔	326	4.12806838309893e-005	0.782395586461759
粉	325	4.1154055966477e-005	0.782519301885387
页	325	4.1154055966477e-005	0.78260160999732
语	324	4.10274281019648e-005	0.782930715817188
拍	324	4.10274281019648e-005	0.783094825529596
形	322	4.07741723729403e-005	0.783830406794547
秋	322	4.07741723729403e-005	0.78387118096692
融	321	4.06475445084281e-005	0.783952602683801
塔	321	4.06475445084281e-005	0.784155840406343
性	320	4.05209166439159e-005	0.78460195037302
沟	320	4.05209166439159e-005	0.784764034039596
催	319	4.03942887794036e-005	0.784885216905934
寄	318	4.02676609148914e-005	0.785207611448983
意	317	4.01410330503792e-005	0.785609275035216
器	316	4.00144051858669e-005	0.785769459283824
艘	315	3.98877773213547e-005	0.786208984601546
议	315	3.98877773213547e-005	0.78632864793351
烧	315	3.98877773213547e-005	0.786488199042795
逃	314	3.97611494568424e-005	0.786687004790079
劳	312	3.9507893727818e-005	0.787162619049187
禁	312	3.9507893727818e-005	0.787399666411554
轻	311	3.93812658633057e-005	0.787635954006734
懂	310	3.92546379987935e-005	0.78810700966272
官	310	3.92546379987935e-005	0.788185518938717
藏	310	3.92546379987935e-005	0.788342537490713
犯	309	3.91280101342813e-005	0.78849904953125
示	309	3.91280101342813e-005	0.788812073612324
底	309	3.91280101342813e-005	0.788851201622458
划	308	3.9001382269769e-005	0.788929204386998
舞	308	3.9001382269769e-005	0.788968205769268
拟	308	3.9001382269769e-005	0.789046208533807
抱	308	3.9001382269769e-005	0.789085209916077
皮	308	3.9001382269769e-005	0.789280216827426
忘	307	3.88747544052568e-005	0.789474590599452
杀	307	3.88747544052568e-005	0.789630089617073
澳	307	3.88747544052568e-005	0.789668964371478
食	306	3.87481265407445e-005	0.789746587252424
圈	306	3.87481265407445e-005	0.789785335378964
置	306	3.87481265407445e-005	0.789824083505505
灯	305	3.86214986762323e-005	0.790249806385995
普	304	3.84948708117201e-005	0.790789620972411
毁	304	3.84948708117201e-005	0.790828115843223
遵	303	3.83682429472078e-005	0.791020210313688
渡	303	3.83682429472078e-005	0.791096946799583
屋	303	3.83682429472078e-005	0.791250419771372
港	300	3.79883593536711e-005	0.791899007693403
禽	300	3.79883593536711e-005	0.791936996052757
卷	299	3.78617314891589e-005	0.792278384775482
杂	299	3.78617314891589e-005	0.79235410823846
玩	297	3.76084757601344e-005	0.792693724171081
售	297	3.76084757601344e-005	0.793032200452923
齐	296	3.74818478956222e-005	0.793107164148714
刀	296	3.74818478956222e-005	0.793257091540297
侧	296	3.74818478956222e-005	0.793332055236088
宝	296	3.74818478956222e-005	0.793444500779775
护	295	3.73552200311099e-005	0.793594301543493
籽	295	3.73552200311099e-005	0.793631656763524
拒	295	3.73552200311099e-005	0.793930498523773
冠	295	3.73552200311099e-005	0.794005208963836
颇	294	3.72285921665977e-005	0.794378381280553
庆	294	3.72285921665977e-005	0.794452838464886
旗	293	3.71019643020855e-005	0.794935923768
似	293	3.71019643020855e-005	0.794973025732302
踏	293	3.71019643020855e-005	0.795010127696605
客	293	3.71019643020855e-005	0.795047229660907
振	292	3.69753364375732e-005	0.795121180333782
退	292	3.69753364375732e-005	0.795195131006657
鸟	292	3.69753364375732e-005	0.795269081679532
订	292	3.69753364375732e-005	0.795306057015969
饭	292	3.69753364375732e-005	0.79545395836172
泉	291	3.6848708573061e-005	0.795748748030304
野	290	3.67220807085488e-005	0.795859167528158
折	290	3.67220807085488e-005	0.795969333770284
造	289	3.65954528440365e-005	0.796079373384545
坪	287	3.6342197115012e-005	0.79680773686122
互	286	3.62155692504998e-005	0.797097461415224
助	284	3.59623135214753e-005	0.797494693026198
破	284	3.59623135214753e-005	0.797710466907327
搬	284	3.59623135214753e-005	0.797818353847891
久	283	3.58356856569631e-005	0.79789015184707
救	283	3.58356856569631e-005	0.798141001646669
杨	283	3.58356856569631e-005	0.798212673017983
贴	282	3.57090577924509e-005	0.79846263642253
涉	282	3.57090577924509e-005	0.798712599827078
钙	280	3.54558020634264e-005	0.798925841150916
峰	280	3.54558020634264e-005	0.799103120161234
习	280	3.54558020634264e-005	0.799280399171551
挑	280	3.54558020634264e-005	0.799351310775678
止	279	3.53291741989141e-005	0.799386639949876
付	279	3.53291741989141e-005	0.799563285820871
敢	277	3.50759184698897e-005	0.800056121469552
追	277	3.50759184698897e-005	0.800161349224962
研	277	3.50759184698897e-005	0.800266576980371
俩	275	3.48226627408652e-005	0.800720917758241
遍	275	3.48226627408652e-005	0.800825385746463
沙	274	3.4696034876353e-005	0.801173105862414
旱	274	3.4696034876353e-005	0.801415978106549
欲	273	3.45694070118407e-005	0.801692786618373
铺	273	3.45694070118407e-005	0.801727356025385
亚	272	3.44427791473285e-005	0.801934519211727
棵	272	3.44427791473285e-005	0.801968961990874
征	271	3.43161512828162e-005	0.802450021248156
控	271	3.43161512828162e-005	0.802484337399439
汇	271	3.43161512828162e-005	0.802518653550722
卫	271	3.43161512828162e-005	0.802587285853287
许	271	3.43161512828162e-005	0.80262160200457
夏	270	3.4189523418304e-005	0.802827372284402
采	270	3.4189523418304e-005	0.802929940854657
戏	269	3.40628955537918e-005	0.80320307715841
叶	269	3.40628955537918e-005	0.803305265845071
葡	268	3.39362676892795e-005	0.803780373592721
术	267	3.38096398247673e-005	0.804152912770117
鸭	267	3.38096398247673e-005	0.804321960969241
残	266	3.36830119602551e-005	0.804490502656907
磋	265	3.35563840957428e-005	0.804726157112764
思	265	3.35563840957428e-005	0.804893939033243
秀	264	3.34297562312306e-005	0.805195186722917
格	263	3.33031283667183e-005	0.805228489851284
糖	263	3.33031283667183e-005	0.805261792979651
拖	263	3.33031283667183e-005	0.805528218006584
善	263	3.33031283667183e-005	0.805661430520051
必	262	3.31765005022061e-005	0.805827313022562
景	262	3.31765005022061e-005	0.805926842524068
编	261	3.30498726376939e-005	0.806258101017632
森	260	3.29232447731816e-005	0.80662114310519
床	260	3.29232447731816e-005	0.806752836084282
瓶	259	3.27966169086694e-005	0.806884149179782
航	259	3.27966169086694e-005	0.807146522115051
枫	257	3.25433611796449e-005	0.807865388501887
闯	255	3.22901054506204e-005	0.808481686318468
员	255	3.22901054506204e-005	0.808546266529369
稳	254	3.21634775861082e-005	0.808900571294274
托	254	3.21634775861082e-005	0.808964898249446
软	254	3.21634775861082e-005	0.808997061727032
汛	254	3.21634775861082e-005	0.809157879114962
圆	253	3.2036849721596e-005	0.809350226841157
雪	252	3.19102218570837e-005	0.809637925349329
侗	252	3.19102218570837e-005	0.809829386680471
栽	251	3.17835939925715e-005	0.809861170274464
睡	250	3.16569661280593e-005	0.810146969364668
彩	250	3.16569661280593e-005	0.810178626330796
钩	249	3.1530338263547e-005	0.810495069364212
钟	248	3.14037103990348e-005	0.81106160243004
拥	248	3.14037103990348e-005	0.811124409850838
甚	247	3.12770825345226e-005	0.811280921891375
乌	247	3.12770825345226e-005	0.811781355211926
赤	245	3.10238268054981e-005	0.812465398936022
衣	244	3.08971989409858e-005	0.812898212976925
梨	243	3.07705710764736e-005	0.812990777945884
爬	243	3.07705710764736e-005	0.81302154851696
寻	243	3.07705710764736e-005	0.813052319088037
迁	243	3.07705710764736e-005	0.813267713085572
跃	243	3.07705710764736e-005	0.813298483656649
毛	242	3.06439432119614e-005	0.813329127599861
吹	241	3.05173153474491e-005	0.814001901444014
泰	241	3.05173153474491e-005	0.814062936074708
累	241	3.05173153474491e-005	0.814093453390056
枪	240	3.03906874829369e-005	0.81445839489558
误	239	3.02640596184247e-005	0.814852587437806
稻	238	3.01374317539124e-005	0.815124457462915
谷	238	3.01374317539124e-005	0.815305282053438
汉	237	3.00108038894002e-005	0.815575505916308
施	236	2.98841760248879e-005	0.81575544411178
智	236	2.98841760248879e-005	0.815785328287805
财	235	2.97575481603757e-005	0.816083410280866
失	233	2.95042924313512e-005	0.816765427959129
返	233	2.95042924313512e-005	0.81679493225156
聘	233	2.95042924313512e-005	0.816883445128854
玉	233	2.95042924313512e-005	0.816942453713717
伏	233	2.95042924313512e-005	0.816971958006148
协	232	2.9377664566839e-005	0.817207232578411
夫	230	2.91244088378145e-005	0.817703740435164
孤	230	2.91244088378145e-005	0.817907611297029
腿	230	2.91244088378145e-005	0.817936735705867
栋	228	2.887115310879e-005	0.818516944581063
季	228	2.887115310879e-005	0.818661300346607
细	227	2.87445252442778e-005	0.818891256548561
息	226	2.86178973797656e-005	0.819092341597406
洗	224	2.83646416507411e-005	0.820175389722578
吉	224	2.83646416507411e-005	0.820288848289182
端	223	2.82380137862289e-005	0.820430544869571
池	222	2.81113859217166e-005	0.820881846578693
督	222	2.81113859217166e-005	0.820909957964615
炉	221	2.79847580572044e-005	0.821218550070431
竞	221	2.79847580572044e-005	0.821246534828489
毕	221	2.79847580572044e-005	0.821302504344603
灾	221	2.79847580572044e-005	0.821414443376832
波	220	2.78581301926922e-005	0.821609450288181
友	220	2.78581301926922e-005	0.821748740939144
扶	220	2.78581301926922e-005	0.821888031590107
奥	219	2.77315023281799e-005	0.822193078115717
刘	217	2.74782465991554e-005	0.822689712600334
素	217	2.74782465991554e-005	0.822717190846933
终	215	2.7224990870131e-005	0.823975745192322
稿	214	2.70983630056187e-005	0.824138715253949
目	214	2.70983630056187e-005	0.824247108705972
夺	214	2.70983630056187e-005	0.824328403794989
渐	214	2.70983630056187e-005	0.824463895610017
规	213	2.69717351411065e-005	0.824814528166851
确	213	2.69717351411065e-005	0.824841499901992
容	213	2.69717351411065e-005	0.824895443372274
移	213	2.69717351411065e-005	0.824922415107416
扇	211	2.6718479412082e-005	0.825110330858352
统	209	2.64652236830575e-005	0.82614893260308
登	209	2.64652236830575e-005	0.826228328274129
庭	209	2.64652236830575e-005	0.826307723945178
桂	209	2.64652236830575e-005	0.826387119616228
席	208	2.63385958185453e-005	0.826571743042687
埃	208	2.63385958185453e-005	0.826756113213417
洋	208	2.63385958185453e-005	0.826861467596691
伍	208	2.63385958185453e-005	0.82688780619251
潮	207	2.62119679540331e-005	0.827071669851781
斤	207	2.62119679540331e-005	0.827176517723598
围	207	2.62119679540331e-005	0.82725515362746
迈	207	2.62119679540331e-005	0.827333789531322
料	206	2.60853400895208e-005	0.827464722743228
郎	205	2.59587122250086e-005	0.827933878981245
鼓	205	2.59587122250086e-005	0.827985796405695
幢	205	2.59587122250086e-005	0.82806367254237
	205	2.59587122250086e-005	0.828401135801295
尼	204	2.58320843604964e-005	0.828556254935323
症	204	2.58320843604964e-005	0.82896956828509
微	204	2.58320843604964e-005	0.829047064538172
盒	203	2.57054564959841e-005	0.829072769994668
掏	203	2.57054564959841e-005	0.829149886364155
绕	203	2.57054564959841e-005	0.829175591820651
绝	203	2.57054564959841e-005	0.829612584581082
责	203	2.57054564959841e-005	0.82968970095057
府	202	2.55788286314719e-005	0.829766437436465
垮	202	2.55788286314719e-005	0.829894331579622
搭	202	2.55788286314719e-005	0.829919910408254
旺	201	2.54522007669597e-005	0.830201024267471
逾	201	2.54522007669597e-005	0.830251928669005
喊	201	2.54522007669597e-005	0.830353737472073
锌	201	2.54522007669597e-005	0.830430094074374
灵	201	2.54522007669597e-005	0.830480998475908
邮	200	2.53255729024474e-005	0.830709941654947
技	200	2.53255729024474e-005	0.830836569519459
堂	200	2.53255729024474e-005	0.831216453112996
旅	199	2.51989450379352e-005	0.831418551184758
痛	199	2.51989450379352e-005	0.831569744854985
赚	198	2.50723171734229e-005	0.831670414007273
唯	198	2.50723171734229e-005	0.831770703275966
趟	198	2.50723171734229e-005	0.831820847910313
抛	198	2.50723171734229e-005	0.83187099254466
铜	197	2.49456893089107e-005	0.832096516771356
侠	197	2.49456893089107e-005	0.832121462460665
判	197	2.49456893089107e-005	0.832370919353754
籍	197	2.49456893089107e-005	0.832445756421681
私	197	2.49456893089107e-005	0.83247070211099
顿	197	2.49456893089107e-005	0.832520593489607
末	196	2.48190614443985e-005	0.832868186977693
君	196	2.48190614443985e-005	0.83296746322347
仓	196	2.48190614443985e-005	0.832992282284915
皆	196	2.48190614443985e-005	0.833066739469248
植	195	2.46924335798862e-005	0.833165889087161
弱	195	2.46924335798862e-005	0.83319058152074
守	195	2.46924335798862e-005	0.8332399663879
介	195	2.46924335798862e-005	0.83326465882148
圣	195	2.46924335798862e-005	0.83328935125506
繁	195	2.46924335798862e-005	0.833338736122219
演	195	2.46924335798862e-005	0.833560968024438
堡	195	2.46924335798862e-005	0.833733815059497
抽	194	2.4565805715374e-005	0.833881209893789
填	194	2.4565805715374e-005	0.834102302145228
韩	193	2.44391778508618e-005	0.834273882901642
谱	193	2.44391778508618e-005	0.834322761257344
栏	193	2.44391778508618e-005	0.834371639613046
损	192	2.43125499863495e-005	0.834956660347093
泥	192	2.43125499863495e-005	0.835102535647011
债	192	2.43125499863495e-005	0.835151160746984
勤	191	2.41859221218373e-005	0.835272090357593
词	191	2.41859221218373e-005	0.835465577734568
偷	190	2.4059294257325e-005	0.835851032954143
剑	189	2.39326663928128e-005	0.836067060091
储	189	2.39326663928128e-005	0.836090992757393
扎	189	2.39326663928128e-005	0.836114925423786
冷	189	2.39326663928128e-005	0.836162790756571
刺	188	2.38060385283006e-005	0.836592565728725
                                                                                                                                                                                                                                                                                                                                                                                                                                                                                                                                                                                                                                                                                                                                                                                                                                                                                                                                                                                                                                                                                                                                                                                                                                                                                                                                                                                                                                                                                                                                                                                                                                                                                                                                                                                                                                                                                                                                                                                                                                                                                                                                                                                                                                                                                                                                                                                                                                                                                                                                                                                                                                                                                                                                                                                                                                                                                                                                                                                                                                                                                                                                                                                                                                                                                                                                                                                                                                                                                                                                                                                                                                                                                                                                                                                                                                                                              