中	32569	0.0042691399863441	0.123956719002923
上	30757	0.00403162327857734	0.136137183987756
省	26628	0.00349039453334062	0.146986926225764
大	24252	0.00317894878408355	0.15342189875208
元	20509	0.00268831686511502	0.174001305817573
人	19572	0.00256549503554689	0.179205438450993
新	17845	0.002339120115948	0.191438335380145
不	16935	0.00221983744262143	0.193658172822767
年	15127	0.00198284505429787	0.203937324426719
说	14806	0.00194076841898157	0.205878092845701
后	13721	0.00179854677001527	0.215033234643306
两	12774	0.00167441414183916	0.228993501978061
已	12539	0.00164361037455153	0.230637112352612
好	12159	0.00159380002744812	0.23223091238006
都	11952	0.00156666649626285	0.236978887097901
下	11346	0.001487232100619	0.247734513995856
名	10932	0.00143296503824845	0.252084399176451
出	10799	0.00141553141676226	0.253499930593214
使	10006	0.0013115850871491	0.260226817969529
会	9268	0.00121484814987986	0.272689104655079
次	8741	0.00114576906323909	0.283310112535993
县	8670	0.0011364623931224	0.286727102347286
做	8571	0.00112348548690335	0.288987050227312
时	8567	0.00112296116746016	0.290110011394772
党	8111	0.00106318875093607	0.296633593906989
电	7685	0.00100734873023594	0.299674646677512
作	7236	0.000948493872737447	0.311367625660036
家	7159	0.000938400723455968	0.316082699332817
内	7144	0.000936434525543991	0.317019133858361
市	6924	0.000907596956168336	0.32067849033227
位	6256	0.000820035609154984	0.332656961251613
小	6003	0.000786872404372981	0.33987998590105
村	5997	0.000786085925208191	0.340666071826258
区	5903	0.000773764418293138	0.341439836244551
里	5883	0.00077114282107717	0.342210979065629
种	5874	0.000769963102329984	0.343751560669593
条	5385	0.000705865050399551	0.361363975085913
天	5328	0.000698393498334041	0.365571769697403
高	5302	0.000694985421953281	0.367661313758391
讲	5264	0.000690004387242941	0.369739716031211
项	5092	0.000667458651185611	0.373808828149977
更	5064	0.000663788415083255	0.37447261656506
去	4854	0.000636261644315584	0.379008372988268
前	4720	0.000618696942968594	0.382156911244646
亩	4691	0.00061489562700544	0.384004744042322
达	4549	0.000596282286772063	0.390637253918862
日	4532	0.000594053929138489	0.393017926350683
最	4474	0.00058645129721218	0.396561014988064
报	4123	0.000540442266071931	0.409512622793975
届	4090	0.000536116630665583	0.410586691173357
米	4029	0.000528120759156879	0.412178131763311
局	3987	0.000522615405003344	0.414270821740958
外	3980	0.000521697845977756	0.415314348512774
办	3970	0.000520387047369771	0.416355778006818
应	3916	0.000513308734886656	0.418932676990254
户	3898	0.000510949297392284	0.420467753240065
余	3844	0.000503870984909169	0.424527951928296
看	3794	0.000497316991869247	0.427029611071634
近	3763	0.000493253516184496	0.428018608621358
万	3748	0.00049128731827252	0.429002756216233
院	3734	0.000489452200221341	0.430474520893278
再	3638	0.000476868533584692	0.432409652878245
部	3594	0.000471101019709561	0.434776693004543
抓	3581	0.000469396981519181	0.435246089986062
号	3580	0.000469265901658383	0.43618475286924
很	3518	0.00046113895028888	0.438507225842866
水	3491	0.000457599794047323	0.438964825636914
点	3460	0.000453536318362571	0.440328318348939
成	3452	0.000452487679476184	0.441234342346778
厂	3402	0.000445933686436262	0.444817934661146
却	3377	0.000442656689916302	0.446590658698584
共	3328	0.000436233776737178	0.448345949114536
场	3246	0.000425485228151707	0.452663457569514
乡	3232	0.000423650110100529	0.453511675348741
占	3232	0.000423650110100529	0.453935325458842
处	3193	0.00041853799552939	0.456041123422568
镇	3128	0.000410017804577492	0.459772573819917
走	3080	0.000403725971259168	0.460995024601723
分	3061	0.000401235453903997	0.461797495509531
批	2977	0.000390224745596929	0.466162454874119
岁	2936	0.000384850471304193	0.46964144545957
级	2865	0.000375543801187505	0.474577650857518
长	2831	0.000371087085920358	0.476815053001486
仅	2828	0.000370693846337963	0.477185746847824
组	2820	0.000369645207451575	0.478665638476238
建	2802	0.000367285769957204	0.479770903862491
正	2791	0.000365843891488421	0.480504033523936
路	2785	0.00036505741232363	0.48086909093626
国	2741	0.000359289898448499	0.485210455925904
只	2730	0.000357848019979717	0.485926938445028
图	2720	0.000356537221371732	0.4862834756664
林	2654	0.000347885950559036	0.488747908129271
委	2589	0.000339365759607138	0.491481447546362
无	2587	0.000339103599885541	0.491820551146247
车	2562	0.00033582660336558	0.493504665197786
山	2554	0.000334777964479193	0.493839443162265
台	2535	0.000332287447124023	0.494839582500157
案	2504	0.000328223971439271	0.496818495158631
总	2461	0.000322587537424939	0.498772371563692
吨	2460	0.00032245645756414	0.499094828021256
行	2410	0.000315902464524219	0.502282428076152
队	2401	0.000314722745777033	0.502912791126732
强	2398	0.000314329506194638	0.503227120632927
月	2355	0.000308693072180305	0.506334237653292
数	2353	0.000308430912458708	0.506642668565751
件	2333	0.00030580931524274	0.507560751910783
带	2325	0.000304760676356352	0.508475689339156
才	2307	0.00030240123886198	0.509992807648037
百	2299	0.000301352599975593	0.510294160248013
线	2289	0.000300041801367609	0.511797253011788
非	2283	0.000299255322202818	0.512695805457561
方	2270	0.000297551284012438	0.514188018592891
送	2254	0.000295454006239664	0.514780630643561
进	2241	0.000293749968049284	0.515369310298406
未	2236	0.000293094568745292	0.516249511563668
全	2206	0.000289162172921339	0.518576965572005
州	2204	0.000288900013199742	0.518865865585204
曾	2195	0.000287720294452556	0.519442354812996
站	2185	0.000286409495844572	0.521165399583191
花	2172	0.000284705457654192	0.522591941708261
均	2144	0.000281035221551836	0.524575966481306
想	2112	0.000276840666006286	0.525968427842567
入	2104	0.000275792027119899	0.527349747415661
老	2093	0.000274350148651116	0.528173584340779
钱	2077	0.000272252870878341	0.528720056280448
网	2074	0.000271859631295946	0.528991915911744
城	2073	0.000271728551435148	0.529263644463179
事	2060	0.000270024513244768	0.530617699425227
酒	2058	0.000269762353523171	0.531157224132273
找	2056	0.000269500193801574	0.531426724326075
受	2032	0.000266354277142412	0.533841870761286
开	2015	0.000264125919508839	0.534902437915006
便	1995	0.00026150432229287	0.536215989200067
转	1966	0.000257703006329715	0.5393275629357
重	1965	0.000257571926468917	0.539842837868499
片	1963	0.00025730976674732	0.540100147635246
获	1954	0.000256130048000134	0.540870241817437
搞	1954	0.000256130048000134	0.541126371865437
房	1929	0.000252853051480173	0.542396928956156
贵	1884	0.000246954457744244	0.545397871289275
现	1876	0.000245905818857857	0.546136637384735
黔	1859	0.000243677461224283	0.547605780464564
校	1832	0.000240138304982726	0.550988427352328
版	1813	0.000237647787627555	0.5526583847789
美	1797	0.000235550509854781	0.553841380522606
接	1781	0.000233453232082006	0.554778601527315
西	1747	0.000228996516814859	0.558709293313077
筑	1740	0.00022807895778927	0.559165582308517
书	1728	0.000226505999459689	0.559847328664529
交	1726	0.000226243839738092	0.560299816344006
仍	1720	0.000225457360573301	0.560525273704579
干	1709	0.000224015482104519	0.560974222227814
座	1694	0.000222049284192542	0.561643122757468
低	1691	0.000221656044610147	0.562086565926549
住	1686	0.000221000645306155	0.562528960456744
写	1684	0.000220738485584558	0.562749698942328
厅	1674	0.000219427686976574	0.563629244808286
草	1651	0.00021641285017821	0.565589937366109
制	1642	0.000215233131431024	0.566452442850162
金	1614	0.000211562895328668	0.5705005821912
手	1598	0.000209465617555893	0.571342508137109
学	1597	0.000209334537695094	0.571551842674804
买	1597	0.000209334537695094	0.571761177212499
原	1594	0.000208941298112699	0.571970118510612
相	1587	0.00020802373908711	0.572178142249699
快	1583	0.000207499419643916	0.572800902668352
生	1567	0.000205402141871141	0.574860691600938
支	1557	0.000204091343263157	0.575474669668918
段	1549	0.00020304270437677	0.576084453181353
放	1545	0.000202518384933576	0.576489752110941
头	1531	0.000200683266882398	0.577899647093689
没	1529	0.000200421107160801	0.57810006820085
东	1509	0.000197799509944832	0.579491480923226
张	1502	0.000196881950919243	0.579688362874145
改	1499	0.000196488711336848	0.580081471376679
证	1495	0.000195964391893654	0.580866639742862
治	1489	0.000195177912728864	0.581647351393777
块	1488	0.000195046832868065	0.581842398226645
请	1482	0.000194260353703275	0.582036658580349
双	1471	0.000192818475234492	0.583392417580587
字	1463	0.000191769836348105	0.583968513568796
期	1455	0.000190721197461717	0.584924610073459
份	1455	0.000190721197461717	0.585115331270921
少	1436	0.000188230680106547	0.587764586337518
黄	1428	0.00018718204122016	0.588326525700761
巴	1427	0.000187050961359361	0.588513576662121
吃	1424	0.000186657721776966	0.588700234383898
约	1412	0.000185084763447385	0.589257585952012
道	1401	0.000183642884978602	0.590177766574817
海	1390	0.000182201006509819	0.591092048603886
心	1388	0.000181938846788222	0.591638127303973
发	1387	0.000181807766927424	0.592001742837828
机	1378	0.000180628048180238	0.592907242516223
难	1375	0.000180234808597843	0.59344847126146
话	1374	0.000180103728737044	0.593628574990197
药	1370	0.000179579409293851	0.593988127048367
见	1369	0.000179448329433052	0.5941675753778
间	1361	0.000178399690546665	0.594884057896924
状	1342	0.000175909173191494	0.596830724909642
拉	1333	0.000174729454444309	0.598232230781299
需	1326	0.00017381189541872	0.599103256456304
负	1318	0.000172763256532332	0.600487328706475
商	1314	0.000172238937089138	0.601177333093718
太	1313	0.00017210785722834	0.601349440950946
假	1305	0.000171059218341953	0.602551312194607
俄	1302	0.000170665978759557	0.60323463150895
军	1299	0.000170272739177162	0.603575308067165
先	1292	0.000169355180151573	0.604934606223644
面	1281	0.00016791330168279	0.606283942310703
桥	1272	0.000166733582935604	0.607286703245811
税	1261	0.000165291704466822	0.608114865806336
楼	1250	0.000163849825998039	0.608936081134238
门	1245	0.000163194426694047	0.610080539398869
权	1244	0.000163063346833248	0.610243602745702
女	1242	0.000162801187111651	0.610895200733731
节	1222	0.000160179589895683	0.613149643259604
河	1215	0.000159262030870094	0.613468167321344
驻	1205	0.000157951232262109	0.614578020502724
石	1203	0.000157689072540513	0.614735709575265
套	1178	0.000154412076020552	0.616607398907606
红	1176	0.000154149916298955	0.616915829820064
代	1173	0.00015375667671656	0.617531380846374
口	1163	0.000152445878108575	0.618296100754272
越	1158	0.000151790478804583	0.619056232867042
华	1147	0.0001503486003358	0.620414351304774
反	1146	0.000150217520475002	0.62086513494606
真	1140	0.000149431041310211	0.621614387430383
病	1132	0.000148382402423824	0.622061107595984
称	1128	0.00014785808298063	0.62265306424735
南	1123	0.000147202683676638	0.623537460068157
业	1120	0.000146809444094243	0.623978412719883
款	1119	0.000146678364233444	0.62427176944835
卡	1113	0.000145891885068654	0.624855730228207
情	1113	0.000145891885068654	0.625001622113276
辆	1111	0.000145629725347057	0.625293012643831
团	1100	0.000144187846878274	0.626306128887942
动	1097	0.000143794607295879	0.626881569476847
加	1096	0.00014366352743508	0.627168896531717
身	1096	0.00014366352743508	0.627312560059152
早	1092	0.000143139207991887	0.628173361505016
树	1079	0.000141435169801507	0.629311659016189
类	1078	0.000141304089940709	0.629594267196071
爱	1065	0.000139600051750329	0.631279823126078
枚	1065	0.000139600051750329	0.631419423177828
轮	1064	0.000139468971889531	0.631558892149718
回	1052	0.000137896013559949	0.63308282661136
步	1051	0.000137764933699151	0.633358487558619
抢	1048	0.000137371694116756	0.633771126960412
江	1048	0.000137371694116756	0.633908498654529
收	1047	0.000137240614255957	0.634182979883041
推	1034	0.000135536576065578	0.635410149539836
极	1022	0.000133963617735997	0.636083244625036
票	1019	0.000133570378153601	0.636617788297372
通	1016	0.000133177138571206	0.637150890091239
实	1010	0.000132390659406415	0.638080377384161
防	1010	0.000132390659406415	0.638345158702974
查	1001	0.000131210940659229	0.639397598905325
龙	1000	0.000131079860798431	0.639528678766123
减	994	0.00013029338163364	0.640312798493419
风	992	0.000130031221912044	0.640703154318877
班	990	0.000129769062190447	0.641222230567639
明	985	0.000129113662886455	0.641739340618488
盘	983	0.000128851503164858	0.64225513987073
满	976	0.000127933944139269	0.643152905837338
古	974	0.000127671784417672	0.643280577621756
溪	971	0.000127278544835277	0.643790347200401
创	969	0.00012701638511368	0.644298674900577
购	969	0.00012701638511368	0.644425691285691
特	968	0.000126885305252881	0.644552576590944
产	968	0.000126885305252881	0.644679461896197
刚	964	0.000126360985809688	0.644932314947677
联	961	0.000125967746227292	0.645058282693904
寨	956	0.0001253123469233	0.646063796306089
系	954	0.000125050187201703	0.646439077947555
声	954	0.000125050187201703	0.646564128134756
主	948	0.000124263708036913	0.64718701963327
保	948	0.000124263708036913	0.647311283341307
群	945	0.000123870468454517	0.647683419066114
属	944	0.000123739388593719	0.648054637231895
农	938	0.000122952909428928	0.648670712577647
卖	933	0.000122297510124936	0.649651058856558
超	930	0.000121904270542541	0.650383795278422
增	929	0.000121773190681742	0.650505568469104
变	922	0.000120855631656153	0.652204494544912
设	922	0.000120855631656153	0.652325350176569
法	922	0.000120855631656153	0.652446205808225
株	917	0.000120200232352161	0.653289704712463
教	912	0.000119544833048169	0.654368360886973
民	904	0.000118496194161782	0.655795165171765
问	901	0.000118102954579386	0.656149867275085
公	900	0.000117971874718588	0.656385811024523
洞	886	0.00011613675666741	0.658722178463394
脑	877	0.000114957037920224	0.660108347991337
工	871	0.000114170558755433	0.661712634407649
关	868	0.000113777319173038	0.66228243856254
王	864	0.000113252999729844	0.662622459721451
力	861	0.000112859760147449	0.66318702068191
准	857	0.000112335440704255	0.664199612606578
独	855	0.000112073280982659	0.664648430049951
计	851	0.000111548961539465	0.665095674534996
赴	848	0.00011115572195707	0.66565289502325
量	842	0.000110369242792279	0.666427052681125
北	842	0.000110369242792279	0.666537421923917
听	841	0.00011023816293148	0.66675789824978
牌	841	0.00011023816293148	0.666868136412712
清	833	0.000109189524045093	0.668183391735963
铁	833	0.000109189524045093	0.668292581260008
室	833	0.000109189524045093	0.668401770784053
旧	832	0.000109058444184295	0.668510829228237
首	831	0.000108927364323496	0.668728815036745
运	826	0.000108271965019504	0.669705359999694
深	825	0.000108140885158706	0.669813500884852
投	825	0.000108140885158706	0.67002978265517
土	813	0.000106567926829124	0.671532220019642
言	809	0.000106043607385931	0.672276360389395
跑	809	0.000106043607385931	0.672488447604167
周	809	0.000106043607385931	0.672594491211553
诉	808	0.000105912527525132	0.672700403739078
展	804	0.000105388208081939	0.673755989858088
煤	804	0.000105388208081939	0.67386137806617
幅	803	0.00010525712822114	0.673966635194391
远	800	0.000104863888638745	0.674386877228111
球	798	0.000104601728917148	0.674701075654444
牛	798	0.000104601728917148	0.674910279112279
文	794	0.000104077409473954	0.675536447607313
初	791	0.000103684169891559	0.676159339105827
选	790	0.000103553090030761	0.676262892195858
今	788	0.000103290930309164	0.676469474056476
富	784	0.00010276661086597	0.678015429934733
乱	783	0.000102635531005172	0.678220700996743
科	782	0.000102504451144373	0.678425709899032
定	774	0.000101455812257986	0.679547753507466
具	772	0.000101193652536389	0.679750402972261
青	768	0.000100669333093195	0.680557723834918
胜	768	0.000100669333093195	0.680759062501105
引	764	0.000100145013650001	0.681060021861498
读	763	0.000100013933789203	0.681360063662865
活	761	9.9751774067606e-005	0.681959229706575
笔	760	9.96206942068076e-005	0.682258222869056
篇	759	9.94896143460091e-005	0.682556822791955
度	756	9.90963747636139e-005	0.683053222224799
瓦	754	9.8834215042017e-005	0.683251021734744
香	753	9.87031351812186e-005	0.683547393300009
德	751	9.84409754596217e-005	0.683744406330789
物	750	9.83098955988233e-005	0.683842716226387
招	748	9.80477358772264e-005	0.683940763962265
油	744	9.75234164340327e-005	0.685211321052984
广	743	9.73923365732343e-005	0.685503498062703
左	742	9.72612567124358e-005	0.685698151655989
帐	741	9.71301768516374e-005	0.685989542186544
困	740	9.6999096990839e-005	0.686183540380526
层	738	9.67369372692421e-005	0.686280277317795
杯	737	9.66058574084437e-005	0.686376883175203
令	737	9.66058574084437e-005	0.686473489032612
摆	734	9.62126178260484e-005	0.686954945361324
坡	727	9.52950588004594e-005	0.687529468391204
额	724	9.49018192180641e-005	0.68781456708844
包	722	9.46396594964672e-005	0.688288551865088
粮	719	9.42464199140719e-005	0.689043965102869
提	715	9.37221004708782e-005	0.689795708104548
副	713	9.34599407492813e-005	0.690451107408541
茶	712	9.33288608884829e-005	0.690544436269429
价	712	9.33288608884829e-005	0.690637765130318
园	712	9.33288608884829e-005	0.690731093991206
猪	706	9.25423817236923e-005	0.691940830026515
凡	703	9.2149142141297e-005	0.692402624376108
街	703	9.2149142141297e-005	0.692494773518249
飞	699	9.16248226981033e-005	0.693230000457468
落	697	9.13626629765064e-005	0.694144937885841
歌	696	9.1231583115708e-005	0.694236169468957
云	691	9.05761838117158e-005	0.695053583480896
股	690	9.04451039509174e-005	0.695144028584847
架	690	9.04451039509174e-005	0.695324918792748
句	689	9.0314024090119e-005	0.695415232816839
竹	688	9.01829442293205e-005	0.695505415761068
脱	688	9.01829442293205e-005	0.695685781649527
求	684	8.96586247861268e-005	0.696494544390653
指	680	8.91343053429331e-005	0.696762602705986
信	677	8.87410657605378e-005	0.697474497429982
派	675	8.84789060389409e-005	0.697562976336021
集	673	8.82167463173441e-005	0.697739671988378
化	673	8.82167463173441e-005	0.697827888734695
列	671	8.79545865957472e-005	0.698268054907256
留	671	8.79545865957472e-005	0.698443964080448
子	665	8.71681074309566e-005	0.699405041619822
马	663	8.69059477093598e-005	0.69957885351524
差	660	8.65127081269645e-005	0.700532459502549
修	657	8.61194685445692e-005	0.700963712244576
排	655	8.58573088229723e-005	0.701393654187994
优	653	8.55951491013755e-005	0.701822023173084
苗	653	8.55951491013755e-005	0.701993213471286
平	652	8.5464069240577e-005	0.702249867838729
换	650	8.52019095189802e-005	0.702761996854869
挂	644	8.44154303541896e-005	0.70378009413369
务	643	8.42843504933912e-005	0.703864378484183
右	639	8.37600310501974e-005	0.704787442863926
立	635	8.32357116070037e-005	0.705621635098047
烟	635	8.32357116070037e-005	0.705788106521261
光	632	8.28424720246084e-005	0.706452288175926
菜	632	8.28424720246084e-005	0.706617973119975
易	632	8.28424720246084e-005	0.706700815592
战	631	8.271139216381e-005	0.70711450363268
养	629	8.24492324422131e-005	0.707609330107194
社	628	8.23181525814147e-005	0.707691648259775
单	628	8.23181525814147e-005	0.708103239022682
斯	626	8.20559928598178e-005	0.708349800240844
体	626	8.20559928598178e-005	0.708431856233704
谈	625	8.19249129990194e-005	0.708513781146703
甲	620	8.12695136950272e-005	0.70924717296787
赛	620	8.12695136950272e-005	0.709328442481565
克	617	8.08762741126319e-005	0.709976894552935
完	615	8.06141143910351e-005	0.710218736896108
净	615	8.06141143910351e-005	0.710460579239282
坐	614	8.04830345302367e-005	0.710541062273812
兴	613	8.03519546694382e-005	0.71078211813782
观	612	8.02208748086398e-005	0.710862339012629
秒	612	8.02208748086398e-005	0.711022780762246
严	611	8.00897949478414e-005	0.711102870557194
湖	610	7.99587150870429e-005	0.711343008862177
气	610	7.99587150870429e-005	0.711422967577264
限	610	7.99587150870429e-005	0.711502926292351
费	610	7.99587150870429e-005	0.711582885007438
存	609	7.98276352262445e-005	0.711742671357751
果	604	7.91722359222523e-005	0.712377622203459
居	603	7.90411560614539e-005	0.71245666335952
宽	602	7.89100762006555e-005	0.712772696903906
木	599	7.85168366182602e-005	0.713481314631382
热	599	7.85168366182602e-005	0.713559831468
诗	595	7.79925171750665e-005	0.714029097369659
检	591	7.74681977318727e-005	0.715039329856832
京	587	7.6943878288679e-005	0.715656584921332
坝	581	7.61573991238884e-005	0.716652005384236
半	581	7.61573991238884e-005	0.716728162783359
顶	579	7.58952394022916e-005	0.716955979581427
含	576	7.55019998198963e-005	0.717561044218873
监	570	7.47155206551057e-005	0.718687544542574
绿	569	7.45844407943073e-005	0.718911297864957
黑	563	7.37979616295167e-005	0.719801461199639
资	561	7.35358019079198e-005	0.720096259806575
质	559	7.32736421863229e-005	0.720536163819415
岩	558	7.31425623255245e-005	0.72060930638174
穿	552	7.23560831607339e-005	0.721919187430698
硬	552	7.23560831607339e-005	0.721991543513859
源	551	7.22250032999355e-005	0.72220834960362
装	549	7.19628435783386e-005	0.722713007067694
争	548	7.18317637175402e-005	0.723072296966142
式	547	7.17006838567418e-005	0.723287661177434
鱼	546	7.15696039959433e-005	0.72335923078143
序	544	7.13074442743465e-005	0.723930476814789
直	542	7.10452845527496e-005	0.724286227556996
调	540	7.07831248311528e-005	0.724640667500595
效	535	7.01277255271606e-005	0.725696515779326
升	532	6.97344859447653e-005	0.725975715882827
白	527	6.90790866407731e-005	0.727224906956235
番	527	6.90790866407731e-005	0.727293986042876
师	526	6.89480067799747e-005	0.727501092222938
画	524	6.86858470583779e-005	0.727845570097116
思	524	6.86858470583779e-005	0.727982941791232
田	519	6.80304477543857e-005	0.729007986302676
拨	515	6.7506128311192e-005	0.730498495399815
安	513	6.72439685895951e-005	0.730700489465306
唱	512	6.71128887287967e-005	0.731103822196982
墙	510	6.68507290071998e-005	0.731438469081601
尔	508	6.6588569285603e-005	0.731838524816758
钢	501	6.5671010260014e-005	0.732960568425193
印	499	6.54088505384171e-005	0.733222334907207
店	497	6.51466908168202e-005	0.73361347721183
帮	496	6.50156109560218e-005	0.733808655124559
苦	496	6.50156109560218e-005	0.734003701957427
常	495	6.48845310952234e-005	0.734263240081808
死	489	6.40980519304328e-005	0.735808147321178
短	486	6.37048123480375e-005	0.73625499856664
知	486	6.37048123480375e-005	0.736318703378988
维	486	6.37048123480375e-005	0.736446113003684
降	484	6.34426526264406e-005	0.736827424318747
供	483	6.33115727656422e-005	0.737207818074784
史	483	6.33115727656422e-005	0.737334441220315
渡	481	6.30494130440453e-005	0.737839623003833
背	481	6.30494130440453e-005	0.737965721829921
畜	480	6.29183331832469e-005	0.738091689576148
势	475	6.22629338792547e-005	0.739030876778769
医	475	6.22629338792547e-005	0.739093139712648
载	475	6.22629338792547e-005	0.739342191448165
算	475	6.22629338792547e-005	0.739528980249803
型	474	6.21318540184563e-005	0.73965324395784
理	473	6.20007741576579e-005	0.739963247828628
剧	472	6.18696942968594e-005	0.740334990313852
环	471	6.1738614436061e-005	0.740767553854487
兼	470	6.16075345752626e-005	0.741075984766946
梦	466	6.10832151320689e-005	0.742180463674033
血	465	6.09521352712704e-005	0.742607521860514
眼	464	6.0821055410472e-005	0.742729163971335
封	462	6.05588956888751e-005	0.7432749805117
缺	458	6.00345762456814e-005	0.744300418262726
库	457	5.9903496384883e-005	0.744720004897142
担	456	5.97724165240845e-005	0.745018866979762
补	455	5.96413366632861e-005	0.745078508316426
表	455	5.96413366632861e-005	0.745197790989752
尚	454	5.95102568024877e-005	0.745436094176684
考	454	5.95102568024877e-005	0.745555114690289
掉	453	5.93791769416893e-005	0.74561449386723
儿	452	5.92480970808908e-005	0.746148644299984
值	451	5.91170172200924e-005	0.746266878334424
持	450	5.8985937359294e-005	0.746444098306223
患	450	5.8985937359294e-005	0.746621056118301
亮	449	5.88548574984955e-005	0.746856737708017
扩	449	5.88548574984955e-005	0.747151011995509
春	448	5.87237776376971e-005	0.747209735773147
率	445	5.83305380553018e-005	0.747795269511333
残	445	5.83305380553018e-005	0.747853600049388
梵	445	5.83305380553018e-005	0.747911930587444
政	444	5.81994581945034e-005	0.748378050572443
男	443	5.80683783337049e-005	0.748552517867165
脚	443	5.80683783337049e-005	0.748610586245499
访	443	5.80683783337049e-005	0.748668654623833
利	439	5.75440588905112e-005	0.749072904914535
基	436	5.71508193081159e-005	0.749818356082895
些	435	5.70197394473175e-005	0.749989546381098
促	434	5.68886595865191e-005	0.750103323700271
流	434	5.68886595865191e-005	0.750160212359858
阳	432	5.66264998649222e-005	0.750670637337807
议	432	5.66264998649222e-005	0.750727263837672
根	430	5.63643401433253e-005	0.751292086957852
距	428	5.61021804217285e-005	0.752078959362225
传	427	5.597110056093e-005	0.752246872663907
银	426	5.58400207001316e-005	0.752806059350073
题	426	5.58400207001316e-005	0.752861899370773
停	426	5.58400207001316e-005	0.752973579412174
伤	425	5.57089408393332e-005	0.753140706234691
色	424	5.55778609785348e-005	0.75319628409567
欠	424	5.55778609785348e-005	0.753251861956649
馆	423	5.54467811177363e-005	0.753584804803076
压	423	5.54467811177363e-005	0.753640251584194
境	422	5.53157012569379e-005	0.753806329767826
贸	420	5.5053541535341e-005	0.754082252874806
暨	419	5.49224616745426e-005	0.7543571273429
记	418	5.47913818137442e-005	0.754631608571412
响	418	5.47913818137442e-005	0.754795982716853
岗	418	5.47913818137442e-005	0.754850774098667
矿	417	5.46603019529457e-005	0.755014755004526
评	414	5.42670623705504e-005	0.755832431176186
倒	410	5.37427429273567e-005	0.757181898343107
参	410	5.37427429273567e-005	0.757450612057743
融	407	5.33495033449614e-005	0.758200126701789
板	406	5.3218423484163e-005	0.758466480978932
感	405	5.30873436233646e-005	0.75883887886346
软	405	5.30873436233646e-005	0.75899814089433
急	404	5.29562637625661e-005	0.759104053421856
配	403	5.28251839017677e-005	0.759686048003801
课	403	5.28251839017677e-005	0.759844523555506
注	402	5.26941040409693e-005	0.760266076387834
迎	402	5.26941040409693e-005	0.760424158699957
企	398	5.21697845977756e-005	0.761629306940138
鸡	397	5.20387047369771e-005	0.761785685214071
雨	397	5.20387047369771e-005	0.761837723918808
布	397	5.20387047369771e-005	0.761889762623545
讯	397	5.20387047369771e-005	0.761993840033019
游	395	5.17765450153803e-005	0.762564037427492
毒	393	5.15143852937834e-005	0.763028453374301
英	393	5.15143852937834e-005	0.763131482144889
奖	391	5.12522255721865e-005	0.763799596195379
销	390	5.11211457113881e-005	0.763952959632513
输	390	5.11211457113881e-005	0.764004080778224
告	387	5.07279061289928e-005	0.764768145286818
跨	387	5.07279061289928e-005	0.764818873192947
轻	383	5.02035866857991e-005	0.765676659802012
玩	382	5.00725068250007e-005	0.765776935895523
夜	382	5.00725068250007e-005	0.765927153415998
李	381	4.99414269642022e-005	0.766277267724191
沙	381	4.99414269642022e-005	0.766327209151155
竟	381	4.99414269642022e-005	0.766477033432048
翻	379	4.96792672426054e-005	0.766775633354947
官	379	4.96792672426054e-005	0.766825312622189
客	379	4.96792672426054e-005	0.766874991889432
遇	379	4.96792672426054e-005	0.766924671156675
紧	378	4.95481873818069e-005	0.766974219344057
川	378	4.95481873818069e-005	0.767023767531438
井	378	4.95481873818069e-005	0.767172412093584
脸	377	4.94171075210085e-005	0.767370211603529
铝	377	4.94171075210085e-005	0.767518462926092
粉	376	4.92860276602101e-005	0.767617166061273
奇	376	4.92860276602101e-005	0.767715738116593
喜	376	4.92860276602101e-005	0.767765024144254
职	376	4.92860276602101e-005	0.768060740310215
笑	375	4.91549477994116e-005	0.768257360101412
品	375	4.91549477994116e-005	0.768306515049212
火	374	4.90238679386132e-005	0.768796884808459
星	371	4.86306283562179e-005	0.769626489247452
结	370	4.84995484954195e-005	0.769771987892938
喝	369	4.8368468634621e-005	0.769965855007059
退	368	4.82373887738226e-005	0.770352409516554
须	367	4.81063089130242e-005	0.770641309529754
羊	366	4.79752290522258e-005	0.770881185675015
继	365	4.78441491914273e-005	0.771024718122589
世	363	4.75819894698305e-005	0.771836233540792
致	363	4.75819894698305e-005	0.772026561498672
忙	362	4.7450909609032e-005	0.772263947126578
角	361	4.73198297482336e-005	0.772547997184928
藏	361	4.73198297482336e-005	0.772595317014676
磷	359	4.70576700266367e-005	0.773019753603941
试	357	4.67955103050399e-005	0.773676725866263
示	357	4.67955103050399e-005	0.773910703417788
侗	357	4.67955103050399e-005	0.774004294438398
警	356	4.66644304442414e-005	0.774424405392257
专	356	4.66644304442414e-005	0.774471069822701
售	356	4.66644304442414e-005	0.774517734253146
怕	355	4.6533350583443e-005	0.774750532085924
拟	355	4.6533350583443e-005	0.774797065436507
奥	355	4.6533350583443e-005	0.775076265540008
空	354	4.64022707226446e-005	0.775401081435066
取	354	4.64022707226446e-005	0.775447483705789
添	353	4.62711908618462e-005	0.775493754896651
冠	353	4.62711908618462e-005	0.775540026087513
亦	353	4.62711908618462e-005	0.775632568469236
领	353	4.62711908618462e-005	0.775678839660098
例	352	4.61401110010477e-005	0.775817522152823
义	352	4.61401110010477e-005	0.775955942485826
拍	349	4.57468714186524e-005	0.776737047376324
冬	348	4.5615791557854e-005	0.776782663167882
解	348	4.5615791557854e-005	0.776965126334113
复	346	4.53536318362571e-005	0.777374488739386
福	346	4.53536318362571e-005	0.777646610530404
普	346	4.53536318362571e-005	0.77769196416224
救	346	4.53536318362571e-005	0.777737317794076
铺	345	4.52225519754587e-005	0.777963430553954
营	343	4.49603922538618e-005	0.778821086083157
乐	342	4.48293123930634e-005	0.77909071735682
般	342	4.48293123930634e-005	0.779135546669213
跳	341	4.4698232532265e-005	0.779448958616382
彩	341	4.4698232532265e-005	0.779493656848914
扣	340	4.45671526714665e-005	0.779717016931715
梨	340	4.45671526714665e-005	0.779761584084386
破	340	4.45671526714665e-005	0.779984419847743
举	336	4.40428332282728e-005	0.780782171880562
鸟	336	4.40428332282728e-005	0.78082621471379
味	333	4.36495936458775e-005	0.781572190201594
贷	332	4.35185137850791e-005	0.781877344117533
洽	329	4.31252742026838e-005	0.782526975907649
梯	329	4.31252742026838e-005	0.782915103375473
沟	328	4.29941943418854e-005	0.783388432752816
穷	325	4.26009547594901e-005	0.783901741487703
划	324	4.24698748986917e-005	0.784157085056538
催	324	4.24698748986917e-005	0.78441190430593
兵	323	4.23387950378932e-005	0.784708538030917
韩	320	4.19455554554979e-005	0.78525579644975
精	318	4.16833957339011e-005	0.785673941205697
颗	318	4.16833957339011e-005	0.785757307997164
标	318	4.16833957339011e-005	0.785882358184366
呈	318	4.16833957339011e-005	0.786174141954503
奔	317	4.15523158731026e-005	0.786215694270376
足	317	4.15523158731026e-005	0.786506560481488
肉	316	4.14212360123042e-005	0.786796771293295
速	316	4.14212360123042e-005	0.78687961376532
雪	316	4.14212360123042e-005	0.786962456237344
纳	316	4.14212360123042e-005	0.787086719945381
戏	315	4.12901561515058e-005	0.787252142729708
塘	315	4.12901561515058e-005	0.787417303354314
偏	314	4.11590762907073e-005	0.787540911663047
合	314	4.11590762907073e-005	0.787664388891919
塔	314	4.11590762907073e-005	0.7877467070445
船	313	4.10279964299089e-005	0.787952371346093
池	313	4.10279964299089e-005	0.788034427338953
抱	313	4.10279964299089e-005	0.788116483331813
怀	312	4.08969165691105e-005	0.788361995911088
形	312	4.08969165691105e-005	0.788443789744226
久	311	4.07658367083121e-005	0.788566218334212
圈	311	4.07658367083121e-005	0.788647750007628
佳	309	4.05036769867152e-005	0.789581694015818
域	308	4.03725971259168e-005	0.789904674792825
毁	308	4.03725971259168e-005	0.789985419987077
毛	307	4.02415172651183e-005	0.790106144538873
旁	306	4.01104374043199e-005	0.790266979528072
遵	306	4.01104374043199e-005	0.790307089965477
神	306	4.01104374043199e-005	0.790347200402881
必	306	4.01104374043199e-005	0.79042742127769
伏	306	4.01104374043199e-005	0.790547752589903
显	305	3.99793575435215e-005	0.790707801099938
拒	304	3.9848277682723e-005	0.791186897991156
罗	304	3.9848277682723e-005	0.791306442824205
陈	301	3.94550381003277e-005	0.792100393541061
籍	301	3.94550381003277e-005	0.792337123769663
志	298	3.90617985179324e-005	0.793357187246397
踏	297	3.8930718657134e-005	0.793863679828522
币	296	3.87996387963356e-005	0.793902479467319
器	296	3.87996387963356e-005	0.793941279106115
愿	296	3.87996387963356e-005	0.794251676216486
乌	296	3.87996387963356e-005	0.794290475855283
抵	295	3.86685589355372e-005	0.794329144414218
献	294	3.85374790747387e-005	0.794792642802002
互	294	3.85374790747387e-005	0.794985330197375
赢	294	3.85374790747387e-005	0.7951009426346
夏	293	3.84063992139403e-005	0.795331381029883
夺	293	3.84063992139403e-005	0.795523413025953
屋	292	3.82753193531419e-005	0.795906559459067
晚	291	3.81442394923434e-005	0.796021123257405
贴	290	3.8013159631545e-005	0.796325490694179
付	290	3.8013159631545e-005	0.796401517013442
造	289	3.78820797707466e-005	0.796515294332615
移	289	3.78820797707466e-005	0.796818350970781
烧	289	3.78820797707466e-005	0.796856233050552
育	287	3.76199200491497e-005	0.797534571330184
谷	286	3.74888401883513e-005	0.797984830652027
港	285	3.73577603275528e-005	0.798097035012871
答	285	3.73577603275528e-005	0.798321181574836
货	284	3.72266804667544e-005	0.798581899417964
罚	284	3.72266804667544e-005	0.798619126098431
叶	284	3.72266804667544e-005	0.798842486181232
刘	283	3.7095600605956e-005	0.798879581781838
挖	283	3.7095600605956e-005	0.799102155385473
性	282	3.69645207451575e-005	0.799250013468454
司	282	3.69645207451575e-005	0.79936090703069
峰	281	3.68334408843591e-005	0.799471538433204
练	280	3.67023610235607e-005	0.799802384001859
智	280	3.67023610235607e-005	0.799839086362883
夫	280	3.67023610235607e-005	0.799949193445953
介	279	3.65712811627623e-005	0.800132574171211
松	278	3.64402013019638e-005	0.800497631583534
征	277	3.63091214411654e-005	0.800860853877807
懂	277	3.63091214411654e-005	0.801042399485012
研	277	3.63091214411654e-005	0.801078708606453
遭	276	3.6178041580367e-005	0.801223551852636
险	274	3.59158818587701e-005	0.801691769115408
似	274	3.59158818587701e-005	0.801727684997267
野	272	3.56537221371732e-005	0.802121448899105
曲	272	3.56537221371732e-005	0.802157102621243
侧	272	3.56537221371732e-005	0.802264063787654
租	271	3.55226422763748e-005	0.802797952060686
视	270	3.53915624155764e-005	0.802904126747933
敢	270	3.53915624155764e-005	0.802974909872764
秀	270	3.53915624155764e-005	0.803258042372089
糖	269	3.52604825547779e-005	0.80332869441706
抗	269	3.52604825547779e-005	0.803504996829833
渝	268	3.51294026939795e-005	0.803821947933244
汇	267	3.49983228331811e-005	0.804312710932073
许	267	3.49983228331811e-005	0.80438270757774
控	266	3.48672429723827e-005	0.804801900972573
寄	266	3.48672429723827e-005	0.804941369944463
坪	266	3.48672429723827e-005	0.80504597167338
横	265	3.47361631115842e-005	0.805254388652049
俩	264	3.46050832507858e-005	0.805427938387746
册	264	3.46050832507858e-005	0.805704779053753
杨	264	3.46050832507858e-005	0.805739384137004
纸	263	3.44740033899874e-005	0.805946228157344
伊	263	3.44740033899874e-005	0.806049650167513
皮	263	3.44740033899874e-005	0.806084124170903
欲	262	3.43429235291889e-005	0.806324524635608
末	262	3.43429235291889e-005	0.806358867559137
景	261	3.42118436683905e-005	0.806907436776579
犯	259	3.39496839467936e-005	0.807760111271073
卫	258	3.38186040859952e-005	0.808166983158991
汛	258	3.38186040859952e-005	0.808336076179421
盖	257	3.36875242251968e-005	0.808470957356183
迁	257	3.36875242251968e-005	0.808774145074209
饭	257	3.36875242251968e-005	0.808841520122659
栽	256	3.35564443643983e-005	0.808875076567024
整	256	3.35564443643983e-005	0.808975745900117
助	256	3.35564443643983e-005	0.809009302344482
箱	256	3.35564443643983e-005	0.809445536121219
鸭	254	3.32942846428015e-005	0.810013111918476
遍	253	3.3163204782003e-005	0.81021235330689
刀	253	3.3163204782003e-005	0.810245516511672
汉	253	3.3163204782003e-005	0.810311842921236
砖	253	3.3163204782003e-005	0.810345006126018
舞	252	3.30321249212046e-005	0.810642688489891
卷	252	3.30321249212046e-005	0.81087391336434
底	252	3.30321249212046e-005	0.810973009739103
语	251	3.29010450604062e-005	0.811104613919345
洗	251	3.29010450604062e-005	0.811334921234767
虫	251	3.29010450604062e-005	0.811367822279828
核	251	3.29010450604062e-005	0.811400723324888
统	250	3.27699651996078e-005	0.811564573150886
意	250	3.27699651996078e-005	0.811695653011685
枫	249	3.26388853388093e-005	0.811924518448639
秋	248	3.25078054780109e-005	0.812380020964913
绝	248	3.25078054780109e-005	0.812477544381348
昔	247	3.23767256172125e-005	0.812769197071624
跃	247	3.23767256172125e-005	0.812898703974093
铜	246	3.2245645756414e-005	0.812995571991223
颇	246	3.2245645756414e-005	0.813060063282736
罪	246	3.2245645756414e-005	0.813124554574248
肥	246	3.2245645756414e-005	0.813253537157274
护	245	3.21145658956156e-005	0.813479125597708
止	245	3.21145658956156e-005	0.813511240163604
柑	245	3.21145658956156e-005	0.813543354729499
演	245	3.21145658956156e-005	0.813671812993082
拖	245	3.21145658956156e-005	0.813703927558977
贫	245	3.21145658956156e-005	0.813800271256664
搬	244	3.19834860348172e-005	0.814216318734838
章	243	3.18524061740187e-005	0.814534842796578
置	242	3.17213263132203e-005	0.814725432914179
波	242	3.17213263132203e-005	0.814852318219432
财	242	3.17213263132203e-005	0.814884039545745
族	242	3.17213263132203e-005	0.815042646177312
细	241	3.15902464524219e-005	0.815358679721696
桔	241	3.15902464524219e-005	0.815390269968149
棵	240	3.14591665916234e-005	0.815768435366552
容	240	3.14591665916234e-005	0.815957190366102
森	239	3.1328086730825e-005	0.816113961879617
折	239	3.1328086730825e-005	0.816145289966348
埃	239	3.1328086730825e-005	0.816176618053078
齐	238	3.11970068700266e-005	0.816364455493602
谋	238	3.11970068700266e-005	0.816426849507342
页	237	3.10659270092282e-005	0.816956805384551
睡	236	3.09348471484297e-005	0.817267202494921
断	235	3.08037672876313e-005	0.817823767583871
旅	235	3.08037672876313e-005	0.817854571351159
黎	235	3.08037672876313e-005	0.817977786420309
堡	235	3.08037672876313e-005	0.818193412791322
冷	234	3.06726874268329e-005	0.818408252683171
床	233	3.05416075660344e-005	0.818958657018663
滩	233	3.05416075660344e-005	0.818989198626229
闯	232	3.0410527705236e-005	0.819476815708399
棋	231	3.02794478444376e-005	0.819780396666008
预	230	3.01483679836391e-005	0.820354133216723
钩	229	3.00172881228407e-005	0.820444447240813
众	229	3.00172881228407e-005	0.820594533681427
禁	229	3.00172881228407e-005	0.820744620122041
瓶	228	2.98862082620423e-005	0.82086429603495
聘	228	2.98862082620423e-005	0.820894182243212
杀	228	2.98862082620423e-005	0.821043613284522
食	227	2.97551284012438e-005	0.821282440790897
屯	227	2.97551284012438e-005	0.821341951047699
素	227	2.97551284012438e-005	0.8213717061761
托	227	2.97551284012438e-005	0.821520481818106
订	227	2.97551284012438e-005	0.82160974720331
珠	226	2.96240485404454e-005	0.821994990914197
习	226	2.96240485404454e-005	0.822143111156899
赚	225	2.9492968679647e-005	0.822202228174119
判	225	2.9492968679647e-005	0.822320200048837
劳	225	2.9492968679647e-005	0.822349693017517
员	225	2.9492968679647e-005	0.822408678954876
逐	224	2.93618888188486e-005	0.822585505687093
禽	224	2.93618888188486e-005	0.82267359135355
编	224	2.93618888188486e-005	0.822791038908825
衣	224	2.93618888188486e-005	0.823025934019376
缴	223	2.92308089580501e-005	0.823376834806733
郎	222	2.90997290972517e-005	0.823610419118675
丁	222	2.90997290972517e-005	0.823639518847773
症	222	2.90997290972517e-005	0.824046915055134
玉	221	2.89686492364533e-005	0.82424982667965
腿	221	2.89686492364533e-005	0.824336732627359
搭	220	2.88375693756548e-005	0.824567695342086
钟	220	2.88375693756548e-005	0.824625370480837
端	219	2.87064895148564e-005	0.824884253205914
毕	219	2.87064895148564e-005	0.824941666184943
格	218	2.8575409654058e-005	0.82517105594134
弱	218	2.8575409654058e-005	0.825199631350995
爬	218	2.8575409654058e-005	0.825256782170303
榜	218	2.8575409654058e-005	0.825371083808919
吹	218	2.8575409654058e-005	0.825399659218573
兰	218	2.8575409654058e-005	0.825456810037881
堂	218	2.8575409654058e-005	0.825485385447535
稽	217	2.84443297932595e-005	0.825656313586016
亚	217	2.84443297932595e-005	0.825770090905189
艘	217	2.84443297932595e-005	0.825883868224362
涉	217	2.84443297932595e-005	0.826082978532914
藤	216	2.83132499324611e-005	0.826309484532374
锌	216	2.83132499324611e-005	0.826337797782306
债	216	2.83132499324611e-005	0.826507677281901
累	215	2.81821700716627e-005	0.826817681152689
振	214	2.80510902108642e-005	0.827071058523612
责	214	2.80510902108642e-005	0.827379620515932
忘	213	2.79200103500658e-005	0.827575060588382
虎	212	2.77889304892674e-005	0.828159545687681
阁	211	2.76578506284689e-005	0.828492226374388
损	210	2.75267707676705e-005	0.829016021498138
滑	210	2.75267707676705e-005	0.829043548268905
康	209	2.73956909068721e-005	0.829290371646789
麻	209	2.73956909068721e-005	0.829317767337695
失	208	2.72646110460737e-005	0.8295090128546
乙	208	2.72646110460737e-005	0.829699865131923
迈	208	2.72646110460737e-005	0.829754394354015
幢	207	2.71335311852752e-005	0.829944853391755
返	206	2.70024513244768e-005	0.830486868616157
昆	206	2.70024513244768e-005	0.830783895580727
确	206	2.70024513244768e-005	0.8308649029347
渐	205	2.68713714636784e-005	0.831483206638087
鲁	204	2.67402916028799e-005	0.831616908096102
界	204	2.67402916028799e-005	0.831777349845719
灯	203	2.66092117420815e-005	0.831937136196033
勇	203	2.66092117420815e-005	0.832256446736938
炸	203	2.66092117420815e-005	0.832309665160422
梁	202	2.64781318812831e-005	0.832548230507076
洋	202	2.64781318812831e-005	0.83283948995777
皆	201	2.63470520204846e-005	0.83320874192564
斤	200	2.62159721596862e-005	0.833497641938839
圆	200	2.62159721596862e-005	0.833550073883159
栋	200	2.62159721596862e-005	0.833576289855319
旺	199	2.60848922988878e-005	0.833838318497055
鲜	199	2.60848922988878e-005	0.833916573173951
功	199	2.60848922988878e-005	0.833968742958549
稻	198	2.59538124380893e-005	0.83441205504777
挑	198	2.59538124380893e-005	0.834671593172151
府	197	2.58227325772909e-005	0.834697415904729
顿	197	2.58227325772909e-005	0.835033111428234
尼	196	2.56916527164925e-005	0.835187785663976
稳	196	2.56916527164925e-005	0.835290552274842
察	196	2.56916527164925e-005	0.835444702191141
剑	195	2.5560572855694e-005	0.835572898295002
匀	195	2.5560572855694e-005	0.835598458867858
喊	195	2.5560572855694e-005	0.835624019440714
肾	195	2.5560572855694e-005	0.835649580013569
永	194	2.54294929948956e-005	0.836007296953689
钙	194	2.54294929948956e-005	0.836109014925668
追	194	2.54294929948956e-005	0.836210732897648
孤	194	2.54294929948956e-005	0.836312450869628
桂	193	2.52984131340972e-005	0.836843979705166
微	193	2.52984131340972e-005	0.836970471770837
稿	192	2.51673332732988e-005	0.837096308437203
谢	192	2.51673332732988e-005	0.837373149103209
庹	191	2.50362534125003e-005	0.837899172584594
塞	190	2.49051735517019e-005	0.838048603625905
宝	190	2.49051735517019e-005	0.83812331914656
施	189	2.47740936909035e-005	0.838247320694875
串	189	2.47740936909035e-005	0.838395965257021
仙	188	2.4643013830105e-005	0.838642919714765
术	188	2.4643013830105e-005	0.838667562728595
终	188	2.4643013830105e-005	0.838790777797746
腰	188	2.4643013830105e-005	0.838889349853066
籽	187	2.45119339693066e-005	0.838913861787036
鼓	187	2.45119339693066e-005	0.839011909522913
甚	187	2.45119339693066e-005	0.839036421456882
误	187	2.45119339693066e-005	0.839208004994668
觉	186	2.43808541085082e-005	0.839427957001088
航	186	2.43808541085082e-005	0.839574242125739
汤	186	2.43808541085082e-005	0.839623003833956
庆	185	2.42497742477097e-005	0.839793538732854
盐	185	2.42497742477097e-005	0.839866288055598
射	184	2.41186943869113e-005	0.840181404040958
围	184	2.41186943869113e-005	0.84039847229044
灵	184	2.41186943869113e-005	0.8404708283736
挤	184	2.41186943869113e-005	0.840543184456761
测	184	2.41186943869113e-005	0.840736134011856
慢	183	2.39876145261129e-005	0.840880321858735
聚	183	2.39876145261129e-005	0.840928297087787
斗	183	2.39876145261129e-005	0.841000259931365
嘴	182	2.38565346653144e-005	0.841335300055566
雷	182	2.38565346653144e-005	0.841406869659562
采	182	2.38565346653144e-005	0.841430726194228
伍	182	2.38565346653144e-005	0.841502295798224
勤	181	2.3725454804516e-005	0.841621185231968
词	181	2.3725454804516e-005	0.841810988870404
席	180	2.35943749437176e-005	0.84207131347395
谱	180	2.35943749437176e-005	0.842118502223838
祝	180	2.35943749437176e-005	0.842236474098556
捐	179	2.34632950829192e-005	0.842259937393639
鞋	179	2.34632950829192e-005	0.842447643754303
圣	178	2.33322152221207e-005	0.84261136250044
吉	178	2.33322152221207e-005	0.842798020222217
诚	177	2.32011353613223e-005	0.842937489194106
积	177	2.32011353613223e-005	0.843099897141636
趟	177	2.32011353613223e-005	0.843146299412359
友	177	2.32011353613223e-005	0.84333190849525
旱	176	2.30700555005239e-005	0.843655675751422
竞	176	2.30700555005239e-005	0.843678745806922
登	176	2.30700555005239e-005	0.843747955973424
汽	175	2.29389756397254e-005	0.844322347923443
枪	174	2.2807895778927e-005	0.844505204329257
莫	174	2.2807895778927e-005	0.844801706974383
暖	174	2.2807895778927e-005	0.844847322765941
灰	174	2.2807895778927e-005	0.84487013066172
灌	173	2.26768159181286e-005	0.845119837796541
浪	173	2.26768159181286e-005	0.845233221876132
训	172	2.25457360573301e-005	0.845482535771371
决	172	2.25457360573301e-005	0.845550172979543
透	172	2.25457360573301e-005	0.8455727187156
桩	172	2.25457360573301e-005	0.845775630340116
签	172	2.25457360573301e-005	0.84582072181223
仪	172	2.25457360573301e-005	0.845843267548288
错	172	2.25457360573301e-005	0.846046179172803
父	172	2.25457360573301e-005	0.846136362117033
胡	171	2.24146561965317e-005	0.846316072606187
逾	171	2.24146561965317e-005	0.846360901918581
隔	171	2.24146561965317e-005	0.846450560543367
滇	171	2.24146561965317e-005	0.846652292449136
弄	170	2.22835763357333e-005	0.846853500035462
刺	170	2.22835763357333e-005	0.846920350764469
砍	170	2.22835763357333e-005	0.84696491791714
胸	170	2.22835763357333e-005	0.846987201493476
拥	170	2.22835763357333e-005	0.84712090295149
杉	169	2.21524964749348e-005	0.847209775097112
绕	169	2.21524964749348e-005	0.847276232586537
伙	169	2.21524964749348e-005	0.847342690075961
菲	169	2.21524964749348e-005	0.847431300061861
息	168	2.20214166141364e-005	0.847629886050971
潮	168	2.20214166141364e-005	0.847651907467585
丝	168	2.20214166141364e-005	0.847762014550656
舍	168	2.20214166141364e-005	0.847960207300183
扎	167	2.1890336753338e-005	0.848179372827438
栏	167	2.1890336753338e-005	0.848266934174451
败	167	2.1890336753338e-005	0.848354495521465
狗	167	2.1890336753338e-005	0.848420166531725
季	167	2.1890336753338e-005	0.848485837541985
扶	166	2.17592568925396e-005	0.848899394502804
惊	165	2.16281770317411e-005	0.849094441335672
阵	165	2.16281770317411e-005	0.84931072310599
磨	165	2.16281770317411e-005	0.849332351283021
岸	164	2.14970971709427e-005	0.849590709688655
肩	164	2.14970971709427e-005	0.849676698077339
牧	164	2.14970971709427e-005	0.849719692271681
涌	164	2.14970971709427e-005	0.849741189368851
蛇	164	2.14970971709427e-005	0.849977657437732
岛	164	2.14970971709427e-005	0.850063645826415
唯	163	2.13660173101443e-005	0.850234836124618
奶	162	2.12349374493458e-005	0.85057656132172
硒	162	2.12349374493458e-005	0.850661501071517
液	162	2.12349374493458e-005	0.850682736008967
旗	162	2.12349374493458e-005	0.850767675758764
辅	162	2.12349374493458e-005	0.850852615508561
予	161	2.11038575885474e-005	0.851064440563612
盼	161	2.11038575885474e-005	0.851127752136377
目	161	2.11038575885474e-005	0.851191063709143
骨	161	2.11038575885474e-005	0.851338790712263
澳	161	2.11038575885474e-005	0.851359894569852
偷	161	2.11038575885474e-005	0.851423206142617
规	161	2.11038575885474e-005	0.851486517715383
寻	160	2.0972777727749e-005	0.851738715367559
幕	160	2.0972777727749e-005	0.851780660923015
冰	160	2.0972777727749e-005	0.85182260647847
服	160	2.0972777727749e-005	0.851969415922564
赠	160	2.0972777727749e-005	0.851990388700292
母	160	2.0972777727749e-005	0.85209525258893
蓝	160	2.0972777727749e-005	0.852116225366658
烤	160	2.0972777727749e-005	0.852137198144386
愁	159	2.08416978669505e-005	0.852304587126625
略	159	2.08416978669505e-005	0.852533845803162
仁	159	2.08416978669505e-005	0.852742262781832
泉	158	2.07106180061521e-005	0.853301973787441
守	157	2.05795381453537e-005	0.853322553325586
艺	157	2.05795381453537e-005	0.853343132863732
盒	157	2.05795381453537e-005	0.853363712401877
痛	157	2.05795381453537e-005	0.853590087321476
逃	157	2.05795381453537e-005	0.853651825935912
丰	157	2.05795381453537e-005	0.853734144088494
攻	156	2.04484582845552e-005	0.853877807615929
抬	156	2.04484582845552e-005	0.854041395282205
辞	155	2.03173784237568e-005	0.854184403410336
杂	155	2.03173784237568e-005	0.854550116221964
摊	154	2.01862985629584e-005	0.854751979207594
凤	153	2.00552187021599e-005	0.854852779620548
宜	153	2.00552187021599e-005	0.854912945276654
刻	153	2.00552187021599e-005	0.854953055714058
碗	153	2.00552187021599e-005	0.854973110932761
摘	153	2.00552187021599e-005	0.855053331807569
堵	152	1.99241388413615e-005	0.855313132091672
君	152	1.99241388413615e-005	0.855492449341244
炒	151	1.97930589805631e-005	0.855751069906599
沼	151	1.97930589805631e-005	0.855949000496405
锦	150	1.96619791197647e-005	0.856224923603385
叙	150	1.96619791197647e-005	0.856323233498984
癌	150	1.96619791197647e-005	0.856500191311062
蔬	150	1.96619791197647e-005	0.856519853290181
技	149	1.95308992589662e-005	0.856715293362632
坏	149	1.95308992589662e-005	0.856773886060409
亲	149	1.95308992589662e-005	0.856930133254481
砂	149	1.95308992589662e-005	0.85694966415374
柴	149	1.95308992589662e-005	0.857047318650035
骗	148	1.93998193981678e-005	0.857221917024618
尾	148	1.93998193981678e-005	0.857318916121609
盛	147	1.92687395373694e-005	0.857531658735684
柏	147	1.92687395373694e-005	0.857647271172909
哥	146	1.91376596765709e-005	0.858358772657323
敌	146	1.91376596765709e-005	0.858377910317
兑	146	1.91376596765709e-005	0.858416185636353
朱	146	1.91376596765709e-005	0.858473598615382
庭	146	1.91376596765709e-005	0.858511873934735
崖	146	1.91376596765709e-005	0.858588424573441
欧	146	1.91376596765709e-005	0.858684112871824
哭	145	1.90065798157725e-005	0.858836427670072
捧	145	1.90065798157725e-005	0.858893447409519
饮	145	1.90065798157725e-005	0.859007486888414
材	145	1.90065798157725e-005	0.859121526367309
磋	144	1.88754999549741e-005	0.859254179186437
伴	144	1.88754999549741e-005	0.859329681186257
督	144	1.88754999549741e-005	0.859386307686121
骑	144	1.88754999549741e-005	0.859442934185986
窗	144	1.88754999549741e-005	0.8596883156854
拐	143	1.87444200941756e-005	0.859725804525589
堆	143	1.87444200941756e-005	0.859744548945683
碧	143	1.87444200941756e-005	0.859763293365777
坛	143	1.87444200941756e-005	0.859931993146625
                                                                                                                                                                                                                                                                                                                                                                                                                                                                                                                                                                                                                                                                                                                                                                                                                                                                                                                                                                                                                                                                                                                                                                                                                                                                                                                                                                                                                                                                                                                                                                                                                                                                                                                                                                                                                                                                                                                                                                                                                                                                                                                                                                                                                                                                                                                                                                                                                                                                                                                                                                                                                                                                                                                                                                                                                                                                                                                                                                                                                                                                                                                                                                                                                                                                                                                                                                                                                                                                                                                                                                                                                                                                                                                                                                                                                                                                                                                                                                                                                                                                                                                                                                                                                                                                                                                                                                                                                                                                                                                                                                                                                                                                                                                                                                                                                                                                                                                                                                                                                                                                                                                                                                                                                                                                                                                                                                                                                                                                                                                                                                                                                                                                                                                                                                                                                                                                                                                                                                                                                                                                                                                                                                                                                                                                                                                                                                                                                                                                                                                                                                                                                                                                                                                                                                                                                                                                                                                                                                                                                                                                                                                                                                                                                                                                                                                                                                                                                                                                                                                                                                                                                                                                                                                                                                                                                                                                                                                                                                                                                                                                                                                                                                                                                                                                                                                                                                                                                                                                                                                                                                                                                                                                                                                                                                                                                                                                                                                                                                                                                                                                                                                                                                                                                                                                                                                                                                                                                                                                                                                                                                                                                                                                                                                                                                                                                                                                                                                                                                                                                                                                                                                                                                                                                                                                                                                                                                                                                                                                                                                                                                                                                                                                                                                                                                                                                                                                                                                                                                                                                                                                                                                                                                                                                                                                                                                                                                                                                                                                                                                                                                                                                                                                                                                                                                                                                                                                                                                                                                                                                                                                                                                                                                                                                                                                                                                                                                                                                                                                                                                                                                                                                                                                                                                                                                                                                                                                                                                                                                                                                                                                                                                                                                                                                                                                                                                                                                                                                                                                                                                                                                                                                                                                                                                                                                                                                                                                                                                                                                                                                                                                                                                                                                                                                                                                                                                                                                                                                                                                                                                                                               