中	33456	0.00418592063791749	0.119591762634678
上	30345	0.00379668106640382	0.135511798738493
省	27322	0.00341845180742413	0.146336437365648
元	21879	0.00273743895376007	0.167362631024283
人	20980	0.00262495860185046	0.169987589626134
新	19733	0.00246893746855649	0.177673288243601
不	17722	0.00221732680371753	0.187012535616172
大	16802	0.00210221899086232	0.193445060479772
说	15491	0.00193819035754363	0.19936160206053
后	14580	0.00182420859937939	0.205027533913952
年	14154	0.00177090867733991	0.215729933048542
党	12817	0.00160362699713619	0.225562517492947
已	12648	0.00158248219238344	0.228739993596502
两	12531	0.00156784348140077	0.235035890490931
下	12235	0.00153080879378648	0.23966685296616
都	12102	0.00151416820779763	0.242698192194264
好	12096	0.00151341750467031	0.244211609698934
名	11518	0.00144109977007214	0.250084610498308
出	10726	0.00134200695726635	0.257072905910498
使	10003	0.0012515472304247	0.268699420594815
会	9814	0.00122790008191422	0.272425410450063
时	9312	0.0011650912535954	0.281952208487274
次	9090	0.00113731523788468	0.284240601853711
做	8697	0.00108814418304545	0.293134432037407
村	8412	0.00105248578449791	0.298476810842956
县	7759	0.00097078426080828	0.304470299494264
电	7653	0.000957521838892353	0.307360631651621
家	7619	0.000953267854504225	0.310226816191715
作	7127	0.000891710198064262	0.318534222115789
内	6972	0.000872317033941916	0.323823300999298
市	6593	0.000824897619733082	0.331434680007162
种	6365	0.000796370900895051	0.338733766514061
里	6162	0.000770972111754172	0.341071956521277
小	6055	0.000757584572650359	0.345636106418174
位	5842	0.000730934611630619	0.350817584520101
区	5659	0.000708038166247462	0.355838036801219
条	5372	0.00067212953332415	0.363404999207382
高	5313	0.00066474761923887	0.366741249022365
亩	5289	0.000661744806729603	0.367402993829095
办	4989	0.000624209650363772	0.375084438462174
项	4982	0.000623333830048569	0.375707772292223
户	4930	0.000616827736278492	0.376945056163229
更	4923	0.000615951915963289	0.378177460463907
天	4917	0.000615201212835972	0.378792661676743
最	4911	0.000614450509708656	0.379407112186451
届	4741	0.000593180587768018	0.389039133778675
前	4705	0.000588676369004118	0.39140222210628
达	4601	0.000575664181463964	0.397796335993199
日	4554	0.000569783673633317	0.401229051160043
去	4401	0.000550640743886743	0.40458869788916
余	4276	0.00053500109540098	0.411106928026463
报	4147	0.000518860978163673	0.414785498467502
乡	4123	0.000515858165654406	0.416333698550405
局	4117	0.000515107462527089	0.416848806012932
号	4067	0.000508851603132784	0.41889559808956
外	3989	0.000499092462477668	0.423933942128546
万	3948	0.000493962657774338	0.426416142019018
图	3938	0.000492711485895477	0.428389114954794
水	3938	0.000492711485895477	0.42888182644069
近	3870	0.000484203517119222	0.430341818906133
应	3868	0.00048395328274345	0.430825772188876
米	3839	0.000480324884294753	0.433235904579126
镇	3831	0.000479323946791664	0.434675502942944
看	3768	0.000471441563954839	0.436099962127027
分	3762	0.000470690860827523	0.436570652987855
点	3739	0.000467813165506142	0.438918477018537
院	3704	0.000463434063930129	0.440774715618016
共	3698	0.000462683360802812	0.441237398978818
占	3576	0.000447419063880707	0.447144681887673
成	3547	0.00044379066543201	0.447588472553105
再	3517	0.000440037149795427	0.4480285097029
很	3447	0.0004312789466434	0.449769765606711
部	3400	0.000425398438812753	0.451483996197939
场	3353	0.000419517930982106	0.455288434529992
批	3347	0.00041876722785479	0.456545361799495
走	3306	0.000413637423151459	0.458205041296804
抓	3236	0.000404879219999432	0.462700877209116
组	3235	0.000404754102811546	0.463105631311927
却	3231	0.000404253634060001	0.463509884945987
处	3178	0.000397622423102038	0.466302125228042
路	3173	0.000396996837162607	0.467493616208281
级	3099	0.000387738165259036	0.472207030910326
厂	3094	0.000387112579319605	0.472594143489646
房	3041	0.000380481368361642	0.477585693700362
委	3024	0.000378354376167578	0.478343903858952
山	2939	0.000367719415197259	0.480969738281118
进	2939	0.000367719415197259	0.481337457696315
岁	2888	0.000361338438615068	0.4831595393035
吨	2878	0.000360087266736207	0.483519626570236
仅	2824	0.000353330938590357	0.486723502400436
队	2754	0.00034457273543833	0.489501103971507
只	2681	0.000335439180722644	0.494937320667971
无	2665	0.000333437305716467	0.495605696685658
车	2656	0.000332311251025492	0.497269254815792
送	2652	0.000331810782273947	0.497601065598066
正	2640	0.000330309376019314	0.498261809467292
国	2626	0.000328557735388909	0.499578918104169
件	2603	0.000325680040067528	0.500559586622821
带	2589	0.000323928399437123	0.50120831924201
总	2576	0.000322301875994603	0.502499903972558
方	2570	0.000321551172867287	0.503787359835906
强	2564	0.00032080046973997	0.50442933612695
建	2558	0.000320049766612654	0.505069560777363
非	2541	0.00031792277441859	0.506025456092813
学	2524	0.000315795782224526	0.507608188519572
美	2517	0.000314919961909323	0.507923108481482
长	2500	0.00031279296971526	0.508863864617197
案	2461	0.000307913399387702	0.511656355133627
花	2433	0.000304410118126891	0.513187289044602
讲	2430	0.000304034766563232	0.513795733929292
才	2410	0.00030153242280551	0.515611434559895
数	2358	0.000295026329035433	0.517100078861364
站	2352	0.000294275625908116	0.517394354487272
网	2330	0.000291523047774622	0.519153001680199
行	2325	0.000290897461835191	0.519443899142034
月	2306	0.000288520235265355	0.520601608481544
受	2302	0.000288019766513811	0.520889628248058
入	2300	0.000287769532138039	0.521177397780196
未	2295	0.000287143946198608	0.521464541726395
商	2292	0.00028676859463495	0.52175131032103
百	2287	0.000286143008695519	0.522037453329725
事	2237	0.000279887149301214	0.525152621073714
台	2221	0.000277885274295037	0.527105199907864
黔	2213	0.000276884336791948	0.527382084244656
开	2202	0.000275508047725201	0.527933976160422
全	2196	0.000274757344597884	0.528484116435557
线	2171	0.000271629414900731	0.530667411364169
老	2159	0.000270128008646098	0.531750926211263
州	2150	0.000269001953955123	0.532558307424692
均	2138	0.00026750054770049	0.53389906321008
想	2120	0.00026524843831854	0.535762183254891
曾	2112	0.000264247500815451	0.53629080337371
贵	2104	0.000263246563312362	0.537345666384778
制	2082	0.000260493985178868	0.539438126234985
获	2078	0.000259993516427324	0.539698119751412
找	2068	0.000258742344548463	0.540475597956937
钱	2059	0.000257616289857488	0.541249447764012
书	2034	0.000254488360160335	0.543295739371889
现	2028	0.000253737657033019	0.543803715154707
城	1983	0.000248107383578144	0.54856880325535
转	1980	0.000247732032014486	0.548816535287364
版	1978	0.000247481797638713	0.549064017085003
证	1969	0.000246355742947738	0.549557729508401
西	1954	0.000244478985129447	0.55078475377
反	1952	0.000244228750753675	0.551028982520754
便	1924	0.000240725469492864	0.553216531433755
重	1905	0.000238348242923028	0.554413402453073
假	1902	0.000237972891359369	0.554651375344433
片	1901	0.000237847774171483	0.555127196009964
节	1888	0.000236221250728964	0.557020719531432
厅	1855	0.000232092383528723	0.560773484464887
相	1845	0.000230841211649862	0.562162410367611
低	1843	0.000230590977274089	0.562854433533809
支	1828	0.000228714219455798	0.563772918810081
住	1825	0.000228338867892139	0.564458435882509
教	1823	0.000228088633516367	0.564686524516025
林	1811	0.000226587227261734	0.565593874362575
搞	1784	0.000223209063188809	0.566944013937054
买	1782	0.000222958828813037	0.567390056711868
红	1765	0.000220831836618973	0.568276762222417
军	1748	0.000218704844424909	0.569155335115753
仍	1745	0.000218329492861251	0.57002915355595
接	1728	0.000216202500667187	0.570897341722692
东	1727	0.000216077383479301	0.571113419106171
手	1717	0.00021482621160044	0.571974350476015
原	1712	0.00021420062566101	0.572832153916162
楼	1691	0.000211573164715402	0.574962148922735
段	1678	0.000209946641272882	0.575593365135621
校	1654	0.000206943828763616	0.578714288270252
交	1627	0.000203565664690691	0.580150258235621
草	1626	0.000203440547502805	0.580353698783123
改	1624	0.000203190313127033	0.58055688909625
期	1613	0.000201814024060285	0.581162956754371
头	1610	0.000201438672496627	0.581767648123424
座	1594	0.000199436797490449	0.584169397662086
吃	1582	0.000197935391235816	0.58575538313573
盘	1578	0.000197434922484272	0.585952818058215
运	1568	0.000196183750605411	0.586739179584079
发	1568	0.000196183750605411	0.586935363334684
税	1565	0.000195808399041752	0.587327105249955
生	1562	0.000195433047478094	0.587522538297434
心	1545	0.00019330605528403	0.589077870060046
海	1534	0.000191929766217283	0.590039771000514
快	1526	0.000190928828714194	0.590804362135686
放	1517	0.00018980277402322	0.59175525276362
写	1515	0.000189552539647447	0.592134357842915
权	1512	0.000189177188083789	0.59270226475873
筑	1509	0.000188801836520131	0.593080118666146
请	1508	0.000188676719332245	0.593268795385479
代	1506	0.000188426484956472	0.593457221870435
没	1496	0.000187175313077611	0.594019748747171
难	1493	0.000186799961513953	0.594206548708685
金	1491	0.000186549727138181	0.594393098435823
字	1487	0.000186049258386636	0.59457914769421
团	1470	0.000183922266192573	0.596983774928193
太	1460	0.000182671094313712	0.59734911711682
黄	1448	0.000181169688059078	0.598076423330002
酒	1446	0.000180919453683306	0.598619181691052
巴	1444	0.000180669219307534	0.598799850910359
间	1426	0.000178417109925584	0.601313079863427
份	1416	0.000177165938046723	0.601845703732258
见	1406	0.000175914766167862	0.602550739085997
民	1405	0.000175789648979976	0.602726528734977
少	1397	0.000174788711476887	0.603778013581971
块	1397	0.000174788711476887	0.603952802293448
套	1392	0.000174163125537457	0.604650330615913
张	1385	0.000173287305222254	0.605170818117519
公	1381	0.000172786836470709	0.605516642024837
查	1362	0.000170409609900873	0.606373319410293
江	1360	0.000170159375525101	0.606713763278531
干	1356	0.000169658906773557	0.607733468359803
农	1347	0.000168532852082582	0.608579010315537
越	1343	0.000168032383331037	0.608915325316575
双	1332	0.00016665609426429	0.609415794068119
通	1329	0.000166280742700632	0.609748480670709
面	1324	0.000165655156761201	0.610411852000881
拉	1318	0.000164904453633885	0.610742036259712
华	1316	0.000164654219258113	0.61123637426905
约	1309	0.00016377839894291	0.612384449585093
驻	1307	0.000163528164567138	0.61254797774966
状	1303	0.000163027695815593	0.613853825839627
门	1302	0.000162902578627707	0.614016728418255
话	1294	0.000161901641124618	0.615476846000885
机	1292	0.000161651406748846	0.615962050455508
业	1291	0.00016152628956096	0.616446754441379
道	1288	0.000161150937997302	0.616607905379376
石	1267	0.000158523477051694	0.618527453275925
称	1266	0.000158398359863807	0.618685851635788
轮	1261	0.000157772773924377	0.619317568317425
女	1251	0.000156521602045516	0.619944780780298
类	1251	0.000156521602045516	0.620101302382344
口	1249	0.000156271367669744	0.620413970234871
需	1246	0.000155896016106085	0.620882158751941
治	1236	0.000154644844227224	0.621656884379332
加	1200	0.000150140625463325	0.624409962981578
药	1178	0.00014738804732983	0.62663704892595
真	1161	0.000145261055135767	0.628831604401473
卖	1157	0.000144760586384222	0.629266261512189
南	1156	0.000144635469196336	0.629700418154154
购	1124	0.000140631719183981	0.632693471522765
溪	1104	0.000138129375426259	0.634503666997102
树	1103	0.000138004258238373	0.634779800630766
先	1102	0.000137879141050486	0.634917679771817
身	1099	0.000137503789486828	0.635468445632891
辆	1098	0.000137378672298942	0.635880581649788
回	1098	0.000137378672298942	0.636017960322087
河	1095	0.000137003320735284	0.636154963642822
爱	1094	0.000136878203547398	0.636428720049917
桥	1094	0.000136878203547398	0.636565598253464
寨	1086	0.000135877266044309	0.637520242397035
款	1063	0.000132999570722928	0.640071757209597
问	1062	0.000132874453535042	0.640337506116667
极	1055	0.00013199863321984	0.641396623112123
法	1047	0.000130997695716751	0.643106099250211
展	1047	0.000130997695716751	0.643237096945928
情	1045	0.000130747461340978	0.643629339329951
实	1043	0.000130497226965206	0.643759836556916
保	1034	0.000129371172274231	0.644278822652267
风	1031	0.000128995820710573	0.644924552458947
特	1030	0.000128870703522687	0.645311289686703
收	1022	0.000127869766019598	0.64646449480745
早	1019	0.00012749441445594	0.646975223168401
班	1016	0.000127119062892281	0.647357080825829
主	1004	0.000125617656637648	0.648621139775043
卡	1003	0.000125492539449762	0.648746632314492
北	1003	0.000125492539449762	0.648872124853942
属	997	0.000124741836322446	0.650247287865998
龙	993	0.000124241367570901	0.650620262203087
超	988	0.000123615781631471	0.650991985368297
系	980	0.000122614844128382	0.652098772012337
关	977	0.000122239492564723	0.652833209905228
产	976	0.000122114375376837	0.652955324280605
创	967	0.000120988320685862	0.653805870923855
听	963	0.000120487851934318	0.654409311121029
设	961	0.000120237617558546	0.65501062432601
病	955	0.000119486914431229	0.655969772688345
防	955	0.000119486914431229	0.656089259602776
物	952	0.000119111562867571	0.656685818354617
推	950	0.000118861328491799	0.656923666128789
力	950	0.000118861328491799	0.657399111442756
深	932	0.000116609219109849	0.659394980823915
步	930	0.000116358984734077	0.659627823910571
动	930	0.000116358984734077	0.659860541880039
枚	928	0.000116108750358304	0.660092884497944
满	927	0.000115983633170418	0.660324851764284
刚	925	0.000115733398794646	0.660788035593839
园	921	0.000115232930043102	0.661249217548387
投	916	0.000114607344103671	0.662053345714931
价	911	0.000113981758164241	0.662738237201419
信	906	0.00011335617222481	0.664103265721257
监	900	0.000112605469097493	0.665118466583765
初	896	0.000112105000345949	0.665679742288622
周	896	0.000112105000345949	0.665903952289314
幅	893	0.000111729648782291	0.666239516587224
杯	888	0.00011110406284286	0.667242831316882
马	886	0.000110853828467088	0.667464789208192
文	886	0.000110853828467088	0.66757564303666
群	883	0.00011047847690343	0.667907328701745
层	882	0.000110353359715544	0.668017682061461
赴	880	0.000110103125339771	0.668568823274099
牛	879	0.000109978008151885	0.668788779290403
声	873	0.000109227305024569	0.669335916753029
王	872	0.000109102187836683	0.669554121128703
左	865	0.00010822636752148	0.670749365624578
增	858	0.000107350547206277	0.672042451761381
胜	858	0.000107350547206277	0.672364503403
变	856	0.000107100312830505	0.672578829145849
派	853	0.000106724961266847	0.673434380476614
篇	853	0.000106724961266847	0.673647830399147
远	845	0.000105724023763758	0.674497125870518
室	845	0.000105724023763758	0.67481429794181
诉	843	0.000105473789387986	0.675131094661537
抢	842	0.000105348672200099	0.675236443333737
负	842	0.000105348672200099	0.675341792005938
黑	841	0.000105223555012213	0.67544701556095
修	832	0.000104097500321238	0.676911512245157
土	832	0.000104097500321238	0.677015609745478
坡	825	0.000103221680006036	0.678361370218381
洞	819	0.000102470976878719	0.67918351525998
富	815	0.000101970508127175	0.680307192724386
养	815	0.000101970508127175	0.680409163232513
右	814	0.000101845390939289	0.680714699405331
联	802	0.000100343984684655	0.682431682574692
清	801	0.000100218867496769	0.68273246429437
包	799	9.9968633120997e-005	0.682832432927491
量	799	9.9968633120997e-005	0.682932401560612
首	799	9.9968633120997e-005	0.683032370193733
油	793	9.92179299936803e-005	0.683829366680567
球	791	9.89676956179081e-005	0.684225487697415
体	791	9.89676956179081e-005	0.684324455393033
科	790	9.8842578430022e-005	0.684423297971463
旧	785	9.82169924905915e-005	0.685309878364824
株	782	9.78416409269332e-005	0.685604028873544
言	780	9.7591406551161e-005	0.685701620280095
工	779	9.74662893632749e-005	0.685896552858822
茶	778	9.73411721753888e-005	0.68609136032036
具	774	9.68407034238444e-005	0.686965178760557
古	771	9.64653518601861e-005	0.687641937629833
社	765	9.57146487328694e-005	0.688794767399015
架	765	9.57146487328694e-005	0.689081911345213
活	762	9.53392971692111e-005	0.689463769002642
瓦	761	9.5214179981325e-005	0.689749661776961
俄	760	9.50890627934389e-005	0.690130143145323
准	760	9.50890627934389e-005	0.690225232208116
跑	759	9.49639456055528e-005	0.690415160099328
苗	759	9.49639456055528e-005	0.690605087990539
菜	756	9.45885940418945e-005	0.69088910400704
牌	756	9.45885940418945e-005	0.691172869789166
选	754	9.43383596661223e-005	0.69155084881377
度	754	9.43383596661223e-005	0.691645187173436
定	752	9.40881252903501e-005	0.691927826900871
煤	750	9.38378909145779e-005	0.692679906317254
猪	749	9.37127737266918e-005	0.692867331864707
计	747	9.34625393509196e-005	0.693147969717136
德	746	9.33374221630334e-005	0.693802082375404
明	745	9.32123049751474e-005	0.694268519251844
令	740	9.25867190357168e-005	0.695105177887238
乱	740	9.25867190357168e-005	0.695197764606274
诗	740	9.25867190357168e-005	0.695382938044345
笔	740	9.25867190357168e-005	0.695475524763381
提	735	9.19611330962863e-005	0.696029418554152
引	735	9.19611330962863e-005	0.696121379687249
战	735	9.19611330962863e-005	0.696305301953441
田	733	9.17108987205141e-005	0.69648884886807
云	730	9.13355471568558e-005	0.697220784417204
摆	727	9.09601955931975e-005	0.697949216685077
落	726	9.08350784053114e-005	0.698040051763482
排	724	9.05848440295392e-005	0.698584311530787
势	719	8.99592580901086e-005	0.699216153329612
渡	717	8.97090237143364e-005	0.699665449151311
立	717	8.97090237143364e-005	0.699934576222454
求	716	8.95839065264503e-005	0.700113744035507
差	712	8.90834377749059e-005	0.700917371733299
居	709	8.87080862112476e-005	0.701272829664083
京	708	8.85829690233615e-005	0.701538703688341
换	707	8.84578518354754e-005	0.701627161540177
子	707	8.84578518354754e-005	0.701892535095683
读	704	8.80825002718171e-005	0.702156907713686
脱	703	8.7957383083931e-005	0.702508987480398
香	702	8.78322658960449e-005	0.702860316543982
广	702	8.78322658960449e-005	0.702948148809878
光	699	8.74569143323866e-005	0.703473640999
列	699	8.74569143323866e-005	0.703736011741997
集	687	8.59555080777533e-005	0.706162284249484
额	684	8.5580156514095e-005	0.706762971868525
股	681	8.52048049504367e-005	0.707531441636522
绿	681	8.52048049504367e-005	0.707616646441472
挂	681	8.52048049504367e-005	0.707701851246422
句	678	8.48294533867784e-005	0.708211453552682
化	674	8.4328984635234e-005	0.708633849178986
气	669	8.37033986958035e-005	0.709053742461532
票	665	8.3202929944259e-005	0.709554211213076
矿	661	8.27024611927146e-005	0.710134379613304
帮	660	8.25773440048285e-005	0.710216956957309
街	660	8.25773440048285e-005	0.710382111645319
墙	660	8.25773440048285e-005	0.710464688989324
飞	658	8.23271096290563e-005	0.711041479225479
坝	658	8.23271096290563e-005	0.711123806335108
质	656	8.20768752532841e-005	0.711616893172567
粮	654	8.18266408775119e-005	0.712108353486583
副	648	8.10759377501953e-005	0.712923241731285
平	646	8.08257033744231e-005	0.713246919896347
坐	640	8.00750002471064e-005	0.714211823649325
完	636	7.9574531495562e-005	0.7152490451369
穿	635	7.94494143076759e-005	0.715487393379824
畜	632	7.90740627440176e-005	0.715804315216739
序	632	7.90740627440176e-005	0.715883389279483
单	630	7.88238283682454e-005	0.715962213107851
源	628	7.85735939924732e-005	0.716119485413024
指	628	7.85735939924732e-005	0.716198059007017
装	625	7.81982424288149e-005	0.716903219477943
值	625	7.81982424288149e-005	0.716981417720371
凡	625	7.81982424288149e-005	0.7170596159628
烟	623	7.79480080530427e-005	0.71768407584754
示	618	7.73224221136122e-005	0.718305157568206
毒	616	7.707218773784e-005	0.718613946787909
秀	616	7.707218773784e-005	0.718845163351123
铁	614	7.68219533620677e-005	0.719229648469497
木	612	7.65717189862955e-005	0.719842972924514
银	610	7.63214846105233e-005	0.720301527418117
理	610	7.63214846105233e-005	0.720454170387338
直	608	7.60712502347511e-005	0.720987544959297
调	608	7.60712502347511e-005	0.721063616209532
宽	605	7.56958986710928e-005	0.721367150507343
赛	602	7.53205471074345e-005	0.721896521329289
安	601	7.51954299195484e-005	0.721971716759209
减	601	7.51954299195484e-005	0.722046912189128
招	595	7.44447267922318e-005	0.7224954573077
热	594	7.43196096043457e-005	0.723015819692118
留	593	7.41944924164596e-005	0.723164208676951
死	592	7.40693752285735e-005	0.723682944537927
岩	591	7.39442580406874e-005	0.723830833054008
存	590	7.38191408528013e-005	0.724126359851795
官	590	7.38191408528013e-005	0.724200178992648
帐	589	7.36940236649152e-005	0.724347567039978
净	589	7.36940236649152e-005	0.724421261063642
甲	587	7.3443789289143e-005	0.724641842665886
暨	586	7.33186721012568e-005	0.724862048916565
谈	583	7.29433205375985e-005	0.725374153566583
竹	579	7.24428517860541e-005	0.726028516459228
费	577	7.21926174102819e-005	0.726389854897843
画	571	7.14419142829653e-005	0.72710740197037
资	570	7.13167970950792e-005	0.72753592833888
担	565	7.06912111556487e-005	0.728599049084348
供	563	7.04409767798764e-005	0.729022320530966
含	562	7.03158595919904e-005	0.729233518344118
限	558	6.98153908404459e-005	0.730073680260773
硬	553	6.91898049010154e-005	0.730906960732094
效	551	6.89395705252432e-005	0.731252159053472
流	550	6.88144533373571e-005	0.731596231320159
考	550	6.88144533373571e-005	0.731665045773497
争	549	6.8689336149471e-005	0.731871113781945
务	546	6.83139845858127e-005	0.732418751713322
半	546	6.83139845858127e-005	0.732555379682494
升	545	6.81888673979266e-005	0.732623568549892
表	544	6.80637502100405e-005	0.7327598211675
白	544	6.80637502100405e-005	0.73296401241813
型	543	6.79386330221544e-005	0.733100014801362
知	543	6.79386330221544e-005	0.733167953434385
鱼	541	6.76883986463822e-005	0.733642272693661
易	541	6.76883986463822e-005	0.733709961092307
督	540	6.75632814584961e-005	0.733777524373766
羊	539	6.743816427061e-005	0.734249966875223
斯	536	6.70628127069517e-005	0.734921846174172
秒	536	6.70628127069517e-005	0.734988908986879
歌	533	6.66874611432933e-005	0.735791160395604
春	529	6.61869923917489e-005	0.736256346100165
尔	526	6.58116408280906e-005	0.737047211844793
观	525	6.56865236402045e-005	0.737178584892073
独	519	6.49358205128879e-005	0.738551620911936
严	516	6.45604689492296e-005	0.739004545132084
优	509	6.36846486340268e-005	0.739966446072552
顶	508	6.35595314461407e-005	0.740284493964158
果	504	6.30590626945963e-005	0.741549678968062
降	503	6.29339455067102e-005	0.741612612913569
载	502	6.28088283188241e-005	0.741989966352233
师	501	6.2683711130938e-005	0.742115333774495
短	500	6.25585939430519e-005	0.742365818384643
常	499	6.24334767551658e-005	0.74292834526138
彩	498	6.23083595672797e-005	0.743053087097702
青	498	6.23083595672797e-005	0.743177703816837
湖	496	6.20581251915075e-005	0.743364003309599
史	490	6.13074220641909e-005	0.744659091321409
铝	490	6.13074220641909e-005	0.744720398743473
普	488	6.10571876884187e-005	0.745148549760419
兴	484	6.05567189368742e-005	0.745938289450356
遇	484	6.05567189368742e-005	0.745998846169293
讯	482	6.0306484561102e-005	0.746541979881907
色	480	6.00562501853298e-005	0.746662217499465
剧	480	6.00562501853298e-005	0.746722273749651
唱	480	6.00562501853298e-005	0.746782329999836
式	477	5.96808986216715e-005	0.747261904181003
游	477	5.96808986216715e-005	0.747381265978247
男	476	5.95557814337854e-005	0.747560183556924
克	472	5.9055312682241e-005	0.747915891722084
继	470	5.88050783064688e-005	0.748387458403226
井	470	5.88050783064688e-005	0.748563873638146
伤	463	5.79292579912661e-005	0.750081545127205
尚	462	5.780414080338e-005	0.750602533097563
今	462	5.780414080338e-005	0.750660337238366
眼	461	5.76790236154939e-005	0.750891303567204
番	459	5.74287892397217e-005	0.751639379233575
亮	457	5.71785548639494e-005	0.752097433258426
持	457	5.71785548639494e-005	0.75215461181329
奇	457	5.71785548639494e-005	0.752211790368154
布	456	5.70534376760633e-005	0.752326022360694
环	452	5.65529689245189e-005	0.753177069472695
忙	451	5.64278517366328e-005	0.753402905996829
拨	451	5.64278517366328e-005	0.753572189552039
访	449	5.61776173608606e-005	0.753797150255859
困	448	5.60525001729745e-005	0.753909255256204
掉	446	5.58022657972023e-005	0.754300872054288
售	446	5.58022657972023e-005	0.754524081117476
扩	446	5.58022657972023e-005	0.754635685649071
缺	445	5.56771486093162e-005	0.754802717094899
境	444	5.55520314214301e-005	0.75485826912632
感	442	5.53017970456579e-005	0.75535723647161
脚	441	5.51766798577718e-005	0.755799275496411
领	441	5.51766798577718e-005	0.755909628856127
背	440	5.50515626698857e-005	0.75640546827172
医	438	5.48013282941135e-005	0.756789828272906
利	438	5.48013282941135e-005	0.757063834914377
板	437	5.46762111062274e-005	0.757337591321471
告	436	5.45510939183413e-005	0.757556171048709
鸡	435	5.44259767304552e-005	0.757828801401113
距	434	5.43008595425691e-005	0.758209407886662
课	433	5.4175742354683e-005	0.758480286598435
补	432	5.40506251667968e-005	0.758534337223602
兼	432	5.40506251667968e-005	0.758642438473936
政	432	5.40506251667968e-005	0.758696489099103
馆	431	5.39255079789107e-005	0.759073967654955
率	430	5.38003907910246e-005	0.759504621015659
营	428	5.35501564152524e-005	0.759826672657278
基	428	5.35501564152524e-005	0.759987323126524
沙	427	5.34250392273663e-005	0.760147723361394
记	427	5.34250392273663e-005	0.760201148400621
跨	425	5.31748048515941e-005	0.760307623127512
拟	425	5.31748048515941e-005	0.760413972737215
乐	421	5.26743361000497e-005	0.761525764068771
解	421	5.26743361000497e-005	0.761631112740971
急	420	5.25492189121636e-005	0.761788885514896
奖	419	5.24241017242775e-005	0.762628171611235
销	418	5.22989845363914e-005	0.762785068564844
专	418	5.22989845363914e-005	0.763046563487526
评	417	5.21738673485053e-005	0.763098737354875
库	417	5.21738673485053e-005	0.763516128293662
钢	417	5.21738673485053e-005	0.763568302161011
贫	416	5.20487501606192e-005	0.763828545911814
停	414	5.1798515784847e-005	0.764451254155923
融	413	5.16733985969609e-005	0.764606524586089
肉	413	5.16733985969609e-005	0.764658197984686
角	413	5.16733985969609e-005	0.76476154478188
火	413	5.16733985969609e-005	0.764916564977671
川	412	5.15482814090748e-005	0.765225854666125
紧	410	5.12980470333026e-005	0.765688913378492
欠	410	5.12980470333026e-005	0.765842807519592
须	410	5.12980470333026e-005	0.765894105566625
些	409	5.11729298454165e-005	0.766201143145698
章	408	5.10478126575304e-005	0.766405334396328
配	407	5.09226954696443e-005	0.766558352717113
标	406	5.07975782817582e-005	0.766965233812119
印	403	5.04222267180998e-005	0.767876462291493
思	403	5.04222267180998e-005	0.768027728971648
算	403	5.04222267180998e-005	0.768128573425084
题	401	5.01719923423276e-005	0.768530574949762
空	401	5.01719923423276e-005	0.768681090926789
传	399	4.99217579665554e-005	0.769131512803179
页	398	4.97966407786693e-005	0.769430417765039
退	396	4.95464064028971e-005	0.769678775382993
企	396	4.95464064028971e-005	0.769777868195798
味	395	4.9421289215011e-005	0.77007489639984
患	395	4.9421289215011e-005	0.77017373897827
铺	395	4.9421289215011e-005	0.770223160267485
梦	393	4.91710548392388e-005	0.77081533991775
英	393	4.91710548392388e-005	0.770962853082268
职	393	4.91710548392388e-005	0.771159537301625
雨	392	4.90459376513527e-005	0.771208583239276
喝	392	4.90459376513527e-005	0.77135572105223
输	392	4.90459376513527e-005	0.771453812927533
压	390	4.87957032755805e-005	0.772040987890282
竟	388	4.85454688998083e-005	0.77233288628962
涉	388	4.85454688998083e-005	0.772527068165219
挖	387	4.84203517119222e-005	0.772769169923779
塔	386	4.82952345240361e-005	0.772962475979063
根	386	4.82952345240361e-005	0.773059066448111
李	384	4.80450001482639e-005	0.773348212269315
遵	384	4.80450001482639e-005	0.773396257269463
世	384	4.80450001482639e-005	0.77349234726976
练	383	4.79198829603778e-005	0.773684277035977
破	383	4.79198829603778e-005	0.773828036684858
封	383	4.79198829603778e-005	0.773875956567819
致	383	4.79198829603778e-005	0.773971796333739
兵	382	4.77947657724917e-005	0.774210770162602
结	381	4.76696485846056e-005	0.774353904225544
移	380	4.75445313967195e-005	0.774925439539808
租	379	4.74194142088334e-005	0.775209956025061
磷	378	4.72942970209472e-005	0.775304544619103
怕	378	4.72942970209472e-005	0.775351838916124
催	378	4.72942970209472e-005	0.775446427510166
俱	378	4.72942970209472e-005	0.775588310401229
软	377	4.71691798330611e-005	0.775824156300394
倒	374	4.67938282694028e-005	0.776763411029855
喜	372	4.65435938936306e-005	0.777509860172784
脸	371	4.64184767057445e-005	0.777928126931887
抵	369	4.61682423299723e-005	0.778483772363289
扣	368	4.60431251420862e-005	0.778622151973091
举	368	4.60431251420862e-005	0.77880632447366
纳	368	4.60431251420862e-005	0.778944453849086
取	368	4.60431251420862e-005	0.778990496974228
卷	367	4.59180079542001e-005	0.779449802170958
阳	365	4.56677735784279e-005	0.779816145297089
抗	365	4.56677735784279e-005	0.779998816391402
梵	365	4.56677735784279e-005	0.780090151938559
玉	363	4.54175392026557e-005	0.780453867603744
赢	362	4.52924220147696e-005	0.781088461980702
翻	360	4.50421876389974e-005	0.781584676747858
精	359	4.49170704511113e-005	0.781629593818309
末	359	4.49170704511113e-005	0.781719427959211
怀	358	4.47919532632252e-005	0.781988555030354
品	358	4.47919532632252e-005	0.782078138936881
亦	357	4.46668360753391e-005	0.782301598234445
苦	357	4.46668360753391e-005	0.782435598742671
坪	356	4.4541718887453e-005	0.782658307337108
穷	355	4.44166016995669e-005	0.782747140540507
脑	353	4.41663673237946e-005	0.783323305190723
罪	353	4.41663673237946e-005	0.783367471558047
沟	353	4.41663673237946e-005	0.783676636129313
铜	352	4.40412501359085e-005	0.783720677379449
贷	352	4.40412501359085e-005	0.783852801129857
检	352	4.40412501359085e-005	0.783896842379993
戏	351	4.39161329480224e-005	0.784248421677953
轻	351	4.39161329480224e-005	0.784380170076798
笑	348	4.35407813843641e-005	0.785079700274269
奔	347	4.3415664196478e-005	0.785253738282619
速	345	4.31654298207058e-005	0.785989927816141
遭	344	4.30403126328197e-005	0.786334750785955
试	343	4.29151954449336e-005	0.78650666180211
拒	340	4.25398438812753e-005	0.787233717780917
控	339	4.24147266933892e-005	0.787361087078185
答	339	4.24147266933892e-005	0.787403501804878
塘	339	4.24147266933892e-005	0.787445916531572
响	339	4.24147266933892e-005	0.787530745984959
旁	338	4.22896095055031e-005	0.787657739930663
险	338	4.22896095055031e-005	0.78786918797819
航	338	4.22896095055031e-005	0.787911477587696
陈	337	4.2164492317617e-005	0.788164965010353
季	337	4.2164492317617e-005	0.788502280948894
醋	336	4.20393751297309e-005	0.788628649308659
添	334	4.17891407539587e-005	0.789131620403961
促	334	4.17891407539587e-005	0.789298776966977
搬	334	4.17891407539587e-005	0.789424144389238
货	333	4.16640235660726e-005	0.789757581694955
足	333	4.16640235660726e-005	0.789799245718521
合	331	4.14137891903004e-005	0.790338876149874
峰	331	4.14137891903004e-005	0.790380289939064
棋	329	4.11635548145282e-005	0.790999244667536
显	327	4.0913320438756e-005	0.791738812365131
形	327	4.0913320438756e-005	0.791902465646886
般	326	4.07882032508698e-005	0.792188608655581
必	325	4.06630860629837e-005	0.792717979477527
统	325	4.06630860629837e-005	0.79275864256359
冠	325	4.06630860629837e-005	0.792799305649653
警	324	4.05379688750976e-005	0.79324572377603
店	324	4.05379688750976e-005	0.79332679971378
维	324	4.05379688750976e-005	0.793529489558156
助	323	4.04128516872115e-005	0.79361031526153
智	323	4.04128516872115e-005	0.793691140964904
族	323	4.04128516872115e-005	0.793852792371653
梨	322	4.02877344993254e-005	0.793973905809527
玩	322	4.02877344993254e-005	0.794014193544026
义	322	4.02877344993254e-005	0.794135056747524
皮	322	4.02877344993254e-005	0.794296207685522
儿	320	4.00375001235532e-005	0.794696958038322
圈	318	3.9787265747781e-005	0.795215819016485
钛	318	3.9787265747781e-005	0.795295393547981
逃	318	3.9787265747781e-005	0.795414755345224
景	318	3.9787265747781e-005	0.79549432987672
夜	317	3.96621485598949e-005	0.795772465385391
舞	316	3.95370313720088e-005	0.796168711519426
纸	315	3.94119141841227e-005	0.796366146441911
振	314	3.92867969962366e-005	0.796602492809828
鸟	314	3.92867969962366e-005	0.796956073982794
杨	314	3.92867969962366e-005	0.797034647576787
视	312	3.90365626204644e-005	0.797230205741453
毛	312	3.90365626204644e-005	0.797269242304073
船	312	3.90365626204644e-005	0.797308278866694
许	312	3.90365626204644e-005	0.797503461679796
齐	310	3.87863282446922e-005	0.797775966915012
偏	310	3.87863282446922e-005	0.797853539571501
岗	310	3.87863282446922e-005	0.797931112227991
似	308	3.853609386892e-005	0.798471868714034
迎	308	3.853609386892e-005	0.798548940901772
参	308	3.853609386892e-005	0.798587476995641
呈	307	3.84109766810339e-005	0.798779656996234
神	305	3.81607423052617e-005	0.799277373169645
曲	304	3.80356251173756e-005	0.799734926725744
敢	302	3.77853907416034e-005	0.800380030946485
谋	301	3.76602735537173e-005	0.800795420010267
跳	301	3.76602735537173e-005	0.800833080283821
敌	300	3.75351563658311e-005	0.801096201729945
罗	299	3.7410039177945e-005	0.801470677473288
港	296	3.70346876142867e-005	0.802177839819219
颗	296	3.70346876142867e-005	0.802214874506834
底	296	3.70346876142867e-005	0.802363013257291
置	295	3.69095704264006e-005	0.802584470679849
互	295	3.69095704264006e-005	0.802695199391128
福	295	3.69095704264006e-005	0.802805928102407
愿	295	3.69095704264006e-005	0.802842837672833
久	294	3.67844532385145e-005	0.802990100602975
研	294	3.67844532385145e-005	0.803137238415929
佳	294	3.67844532385145e-005	0.803247591775645
冬	293	3.66593360506284e-005	0.803284251111695
追	293	3.66593360506284e-005	0.803357569783797
晚	292	3.65342188627423e-005	0.803796856230465
拍	292	3.65342188627423e-005	0.804052595762504
欲	291	3.64091016748562e-005	0.804343868575904
演	289	3.6158867299084e-005	0.805033389398344
志	289	3.6158867299084e-005	0.805105707132943
栋	288	3.60337501111979e-005	0.805430010883943
饭	288	3.60337501111979e-005	0.80564621338461
踏	287	3.59086329233118e-005	0.805825756549227
册	287	3.59086329233118e-005	0.805861665182151
侧	286	3.57835157354257e-005	0.80614818354241
谷	286	3.57835157354257e-005	0.806291317605351
星	286	3.57835157354257e-005	0.806434451668293
汇	285	3.56583985475396e-005	0.806577085262483
粉	284	3.55332813596535e-005	0.806719593739486
烧	284	3.55332813596535e-005	0.806932793427643
例	283	3.54081641717674e-005	0.806968201591815
禽	282	3.52830469838813e-005	0.807322158116345
罚	282	3.52830469838813e-005	0.807428007257297
抱	281	3.51579297959952e-005	0.807533481046685
麻	281	3.51579297959952e-005	0.807744428625461
整	280	3.50328126081091e-005	0.807955000852673
横	280	3.50328126081091e-005	0.808060099290498
侗	280	3.50328126081091e-005	0.808095132103106
榜	279	3.4907695420223e-005	0.808199855189367
盼	279	3.4907695420223e-005	0.808234762884787
箱	279	3.4907695420223e-005	0.808409301361888
洗	279	3.4907695420223e-005	0.808444209057308
懂	279	3.4907695420223e-005	0.808479116752729
砖	279	3.4907695420223e-005	0.808583839838989
域	279	3.4907695420223e-005	0.80865365522983
床	278	3.47825782323369e-005	0.808792785542759
意	278	3.47825782323369e-005	0.808862350699224
屋	278	3.47825782323369e-005	0.808897133277456
弱	277	3.46574610444508e-005	0.80903601335601
永	276	3.45323438565647e-005	0.809278365348945
虎	276	3.45323438565647e-005	0.809589156443654
雪	274	3.42821094807924e-005	0.81038014730547
吹	274	3.42821094807924e-005	0.810517275743393
断	273	3.41569922929063e-005	0.810757000275382
梯	273	3.41569922929063e-005	0.810791157267675
肥	272	3.40318751050202e-005	0.811097819495184
贴	272	3.40318751050202e-005	0.811267978870709
薯	271	3.39067579171341e-005	0.811471919886963
池	270	3.3781640729248e-005	0.811877925161653
诚	269	3.36565235413619e-005	0.812147928053111
编	269	3.36565235413619e-005	0.812316210670818
介	268	3.35314063534758e-005	0.812652650789044
性	268	3.35314063534758e-005	0.812786776414457
廉	267	3.34062891655897e-005	0.813121089540489
迁	266	3.32811719777036e-005	0.813487557783807
造	265	3.31560547898175e-005	0.813819493683269
围	265	3.31560547898175e-005	0.813885805792848
划	264	3.30309376019314e-005	0.814183834934393
夏	264	3.30309376019314e-005	0.814249896809597
毁	263	3.29058204140453e-005	0.814810171576951
劳	262	3.27807032261592e-005	0.814941294389856
议	262	3.27807032261592e-005	0.815006855796309
俩	261	3.26555860382731e-005	0.815170634195252
遍	260	3.2530468850387e-005	0.815659967517074
兰	260	3.2530468850387e-005	0.815855150330177
育	260	3.2530468850387e-005	0.815920211267878
采	259	3.24053516625009e-005	0.816115018729417
夫	259	3.24053516625009e-005	0.816179829432742
恶	258	3.22802344746148e-005	0.816470977128953
细	258	3.22802344746148e-005	0.816503257363427
滩	258	3.22802344746148e-005	0.816535537597902
松	258	3.22802344746148e-005	0.816600098066851
秋	258	3.22802344746148e-005	0.816632378301326
堡	258	3.22802344746148e-005	0.81672921900475
夺	257	3.21551172867287e-005	0.816954555060133
忘	255	3.19048829109565e-005	0.817435380413179
献	255	3.19048829109565e-005	0.817531095061912
伍	255	3.19048829109565e-005	0.817658714593556
血	255	3.19048829109565e-005	0.817754429242289
栽	254	3.17797657230704e-005	0.817850018773834
赚	254	3.17797657230704e-005	0.817881798539557
导	253	3.16546485351843e-005	0.81826278037667
付	253	3.16546485351843e-005	0.818326089673741
渝	252	3.15295313472982e-005	0.818483987564853
征	252	3.15295313472982e-005	0.818547046627548
昔	252	3.15295313472982e-005	0.818610105690242
旅	251	3.14044141594121e-005	0.818956680300687
籍	251	3.14044141594121e-005	0.819082297957324
盖	250	3.1279296971526e-005	0.819270599325093
返	250	3.1279296971526e-005	0.819333157919036
币	249	3.11541797836399e-005	0.819739663662478
决	248	3.10290625957537e-005	0.820113388702694
棵	248	3.10290625957537e-005	0.820175446827885
叶	247	3.09039454078676e-005	0.82076349761095
骗	246	3.07788282199815e-005	0.820948420814645
客	245	3.06537110320954e-005	0.821470409722506
奶	244	3.05285938442093e-005	0.821531592027382
折	244	3.05285938442093e-005	0.821592649215071
藏	244	3.05285938442093e-005	0.821897935153513
众	243	3.04034766563232e-005	0.822141162966763
跃	243	3.04034766563232e-005	0.822262776873388
刘	242	3.02783594684371e-005	0.822505504217887
拖	242	3.02783594684371e-005	0.822687174374698
迈	242	3.02783594684371e-005	0.822747731093635
寄	242	3.02783594684371e-005	0.822778009453103
救	242	3.02783594684371e-005	0.82283856617204
食	241	3.0153242280551e-005	0.822959429375538
格	240	3.00281250926649e-005	0.823351046173621
残	240	3.00281250926649e-005	0.82356124304927
杀	238	2.97778907168927e-005	0.824159303207365
蛇	238	2.97778907168927e-005	0.824248636879516
毕	237	2.96527735290066e-005	0.824545289731993
揽	236	2.95276563411205e-005	0.824633997818204
复	236	2.95276563411205e-005	0.824693053130887
缴	236	2.95276563411205e-005	0.824840691412592
伏	236	2.95276563411205e-005	0.824870219068933
颇	234	2.92774219653483e-005	0.825311006921857
挑	234	2.92774219653483e-005	0.825720890829372
功	233	2.91523047774622e-005	0.825808347743704
乌	232	2.90271875895761e-005	0.826390142667375
刀	231	2.890207040169e-005	0.826650261300991
肩	231	2.890207040169e-005	0.826679163371392
财	231	2.890207040169e-005	0.826736967512196
器	230	2.87769532138039e-005	0.826852325559427
波	230	2.87769532138039e-005	0.827082541185137
搭	229	2.86518360259178e-005	0.827398336967362
止	228	2.85267188380317e-005	0.827684730210434
灯	227	2.84016016501456e-005	0.828083728922602
旱	227	2.84016016501456e-005	0.828140532125903
伊	227	2.84016016501456e-005	0.828254138532504
司	227	2.84016016501456e-005	0.828339343337454
语	226	2.82764844622595e-005	0.828424172790841
容	226	2.82764844622595e-005	0.828735214119925
绝	226	2.82764844622595e-005	0.828763490604388
端	225	2.81513672743734e-005	0.82898945224571
贸	225	2.81513672743734e-005	0.829073906347533
员	225	2.81513672743734e-005	0.829130209082082
鼓	224	2.80262500864873e-005	0.829242564316804
射	223	2.79011328986012e-005	0.829550477716191
犯	223	2.79011328986012e-005	0.829689983380685
谱	221	2.76508985228289e-005	0.830634868383601
盐	221	2.76508985228289e-005	0.830662519282123
鸭	221	2.76508985228289e-005	0.831077282759966
滑	220	2.75257813349428e-005	0.831352540573315
友	220	2.75257813349428e-005	0.83143511791732
皆	218	2.72755469591706e-005	0.832173684677412
护	217	2.71504297712845e-005	0.832282536630873
稳	217	2.71504297712845e-005	0.832499740069043
炉	216	2.70253125833984e-005	0.832716693272838
勤	214	2.67750782076262e-005	0.833416598821872
砍	214	2.67750782076262e-005	0.83355047421291
责	214	2.67750782076262e-005	0.833630799447533
磋	212	2.6524843831854e-005	0.834136773355344
瓶	212	2.6524843831854e-005	0.834163298199176
伙	212	2.6524843831854e-005	0.834269397574503
汉	212	2.6524843831854e-005	0.834455071481326
界	211	2.63997266439679e-005	0.834931142381232
协	211	2.63997266439679e-005	0.834957542107876
圆	210	2.62746094560818e-005	0.835194138710169
善	210	2.62746094560818e-005	0.835404335585817
潮	209	2.61494922681957e-005	0.83556160789099
枪	209	2.61494922681957e-005	0.835692355352331
累	209	2.61494922681957e-005	0.835927700782744
扶	209	2.61494922681957e-005	0.836084597736354
奥	209	2.61494922681957e-005	0.83613689672089
艘	208	2.60243750803096e-005	0.836397640940444
洋	206	2.57741407045374e-005	0.837148594302136
吉	206	2.57741407045374e-005	0.837200142583545
逐	205	2.56490235166513e-005	0.837251565747766
素	205	2.56490235166513e-005	0.837328512818316
柏	205	2.56490235166513e-005	0.837379810865349
堂	205	2.56490235166513e-005	0.837508055982933
衣	205	2.56490235166513e-005	0.837559354029966
腿	205	2.56490235166513e-005	0.837610652076999
泰	204	2.55239063287652e-005	0.837968236999978
昆	204	2.55239063287652e-005	0.838019284812636
汤	204	2.55239063287652e-005	0.838070332625294
尼	203	2.53987891408791e-005	0.838324695868266
偷	203	2.53987891408791e-005	0.838527886181393
幕	202	2.5273671952993e-005	0.838654629892722
森	202	2.5273671952993e-005	0.838679903564675
庭	202	2.5273671952993e-005	0.838755724580534
卫	202	2.5273671952993e-005	0.83880627192444
拆	202	2.5273671952993e-005	0.838983187628111
稻	201	2.51485547651069e-005	0.839109180636313
丝	201	2.51485547651069e-005	0.839234923410138
冷	201	2.51485547651069e-005	0.839260071964903
终	201	2.51485547651069e-005	0.839536706067319
损	200	2.50234375772208e-005	0.839987503295274
府	199	2.48983203893347e-005	0.840137143451985
劣	199	2.48983203893347e-005	0.840236736733543
判	199	2.48983203893347e-005	0.840261635053932
碟	199	2.48983203893347e-005	0.840311431694711
登	199	2.48983203893347e-005	0.840411024976268
失	198	2.47732032014486e-005	0.840683905563048
韩	198	2.47732032014486e-005	0.840708678766249
枫	198	2.47732032014486e-005	0.840807771579055
确	198	2.47732032014486e-005	0.840931637595063
幢	197	2.46480860135625e-005	0.841030355056305
托	197	2.46480860135625e-005	0.8412028916584
踩	197	2.46480860135625e-005	0.841227539744413
预	197	2.46480860135625e-005	0.84127683591644
丁	196	2.45229688256763e-005	0.841301358885266
鲜	196	2.45229688256763e-005	0.841374927791743
柑	196	2.45229688256763e-005	0.84144849669822
忍	195	2.43978516377902e-005	0.841840113496304
弹	195	2.43978516377902e-005	0.841864511347942
泉	195	2.43978516377902e-005	0.842035296309406
爬	194	2.42727344499041e-005	0.842156785098844
寻	194	2.42727344499041e-005	0.842229603302194
饮	194	2.42727344499041e-005	0.842278148771093
慢	192	2.40225000741319e-005	0.842882214554208
                                                                                                                                                                                                                                                                                                                                                                                                                                                                                                                                                                                                                                                                                                                                                                                                                                                                                                                                                                                                                                                                                                                                                                                                                                                                                                                                                                                                                                                                                                                                                                                                                                                                                                                                                                                                                                                                                                                                                                                                                                                                                                                                                                                                                                                                                                                                                                                                                                                                                                                                                                                                                                                                                                                                                                                                                                                                                                                                                                                                                                                                                                                                                                                                                                                                                                                                                                                                                                                                                                                                                                                                                                                                                                                                                                                                                                                                                                                                                                                                                                                                                                                                                                                                                                                                                                                                                                                                                                                                                                                                                                                                                                                                                                                                                                                                                                                                                                                                                                                                                                                                                                                                                                                                                                                                                                                                                                                                                                                                                  