中	31897	0.00412199566774986	0.120292180058468
上	30358	0.00392311328593756	0.132135567742648
省	27855	0.00359965480531625	0.147061309274122
元	22872	0.00295571009539376	0.165761034612254
人	22503	0.00290802484595338	0.168669059458208
大	20293	0.00262243026258419	0.174061369494518
新	18478	0.0023878808649303	0.188901044966027
不	17307	0.00223655450424011	0.193516434352919
说	16479	0.00212955345671536	0.195645987809634
年	14785	0.00191064068557174	0.205691292673452
后	13579	0.00175479133374221	0.216503955291137
党	12898	0.00166678684900265	0.223380194106103
两	12378	0.00159958812350402	0.224979782229607
都	12291	0.00158834525981483	0.226568127489422
已	12274	0.00158614837840429	0.228154275867826
名	12171	0.00157283786162283	0.229727113729449
下	12032	0.00155487512538378	0.232837897806763
好	11863	0.00153303553959672	0.23437093334636
出	10497	0.00135650965684454	0.253437408651733
时	10430	0.00134785135952068	0.257489233342664
做	10042	0.00129771077203323	0.260125491035302
次	9755	0.00126062224469072	0.26783060028363
会	9184	0.00118683287496049	0.275166891911625
使	9118	0.00117830380595489	0.27634519571758
家	9050	0.00116951628031276	0.281041611260025
村	8288	0.00107104430179361	0.294555791871074
县	7760	0.00100281174974884	0.30075577889655
电	7758	0.00100255329311231	0.301758332189663
里	6863	0.000886893948263701	0.320594264175248
内	6554	0.000846962397919321	0.323176245974215
作	6328	0.000817756797991068	0.328981828172342
位	6256	0.000808452359075873	0.330607778872772
种	6226	0.000804575509527875	0.33302719144736
市	6182	0.000798889463524144	0.335427865915799
条	5862	0.000757536401678831	0.34389981600472
区	5702	0.000736859870756174	0.349112886363595
届	5489	0.000709334238965388	0.355611390804268
小	5475	0.000707525042509655	0.357735775128253
天	5435	0.000702355909778991	0.359143329970813
高	5268	0.000680774780628468	0.362575117190701
户	5127	0.000662553587752877	0.367288073957884
亩	5093	0.000658159824931813	0.367946233782815
更	4936	0.000637870978963956	0.373117434166572
前	4923	0.00063619101082649	0.37502833330878
项	4788	0.000618745187860499	0.380052601094667
最	4774	0.000616935991404766	0.380669537086072
再	4689	0.000605951584352105	0.383118413717224
报	4653	0.000601299364894507	0.38613434420893
去	4545	0.000587342706521714	0.390860611492895
达	4533	0.000585791966702515	0.39261966736114
余	4496	0.00058101051892665	0.395532473654869
办	4222	0.000545601959721601	0.406178173285353
近	4213	0.000544438904857201	0.407268084921614
看	4099	0.000529706876574809	0.411022426023895
进	4033	0.000521177807569213	0.413647440852845
水	3999	0.000516784044748148	0.415721038447751
外	3970	0.000513036423518417	0.416749566632835
图	3881	0.000501535103192689	0.420796351419353
乡	3847	0.000497141340371624	0.421792572524871
万	3832	0.000495202915597625	0.422287775440468
走	3743	0.000483701595271898	0.426193572131758
应	3734	0.000482538540407498	0.426676110672166
成	3667	0.000473880243083636	0.430968300035073
共	3616	0.000467289598852039	0.43378211743701
很	3610	0.000466514228942439	0.434715275123213
占	3595	0.00046457580416844	0.436575387536342
点	3542	0.00045772670330031	0.437960327423205
局	3528	0.000455917506844578	0.43841624493005
镇	3502	0.000452557570569646	0.439776502208124
米	3459	0.000447000752884182	0.441125387394191
岁	3432	0.000443511588290984	0.443348243696695
却	3426	0.000442736218381384	0.443790979915076
部	3382	0.000437050172377654	0.445547321988638
场	3217	0.000415727499863664	0.454485269393229
抓	3207	0.000414435216680998	0.455730771924683
分	3199	0.000413401390134865	0.456971234551724
组	3156	0.000407844572449401	0.458608945029116
处	3149	0.000406939974221535	0.459422954205878
只	3087	0.000398927818489006	0.461840299127373
委	3060	0.000395438653895807	0.463824987639311
山	3035	0.000392207945939142	0.465396920902706
厂	3001	0.000387814183118078	0.466172936953897
路	2929	0.000378509744202882	0.470767262124911
无	2901	0.000374891351291417	0.471895554571697
批	2867	0.000370497588470353	0.474125001518433
送	2830	0.000365716140694488	0.477443843188155
队	2798	0.000361580834509957	0.478533754824416
国	2784	0.000359771638054225	0.47889352646247
仅	2776	0.000358737811508092	0.479970644495222
建	2758	0.000356411701779293	0.482114671523584
长	2748	0.000355119418596627	0.482825556502368
带	2693	0.000348011861091964	0.485282316060935
林	2671	0.000345168838090098	0.487704959343479
吨	2627	0.000339482792086368	0.489074650288786
件	2627	0.000339482792086368	0.489414133080873
级	2609	0.000337156682357569	0.490427929237674
正	2594	0.00033521825758357	0.491434617836971
强	2577	0.000333021376173038	0.493103601567384
月	2567	0.000331729092990372	0.493767318210002
花	2561	0.000330953723080772	0.494098271933082
数	2554	0.000330049124852906	0.495089323905869
才	2516	0.000325138448758775	0.498690400222686
房	2433	0.000314412498342647	0.503159761609937
钱	2429	0.00031389558506958	0.503473657195006
台	2425	0.000313378671796514	0.504100802223554
百	2420	0.000312732530205181	0.504726525740601
总	2396	0.000309631050566782	0.506282047007576
学	2382	0.00030782185411105	0.507822836246269
老	2370	0.000306271114291851	0.508743329557282
号	2339	0.000302265036425586	0.510877406005136
全	2321	0.000299938926696787	0.512684793264413
方	2294	0.000296449762103589	0.514176604970482
事	2274	0.000293865195738257	0.515945869875871
未	2254	0.000291280629372925	0.517409251351922
站	2244	0.000289988346190259	0.517990003414212
入	2242	0.000289729889553726	0.518279733303765
车	2229	0.00028804992141626	0.51914491689456
非	2224	0.000287403779824927	0.519432320674385
美	2224	0.000287403779824927	0.51971972445421
开	2200	0.000284302300186528	0.52229033416117
酒	2195	0.000283656158595195	0.522573990319765
低	2192	0.000283268473640395	0.522857258793405
受	2191	0.000283139245322129	0.523140398038727
城	2174	0.000280942363911596	0.524267527430649
州	2144	0.000277065514363598	0.527335795391253
想	2124	0.000274480947998266	0.529541335099109
曾	2103	0.000271767153314668	0.530904693856821
找	2100	0.000271379468359868	0.531176073325181
均	2068	0.000267244162175336	0.533869320706175
行	2064	0.00026672724890227	0.534136047955078
商	2064	0.00026672724890227	0.53440277520398
线	1975	0.000255225928576542	0.539342269213084
军	1974	0.000255096700258276	0.540107688542177
日	1928	0.000249152197618012	0.543628772529988
住	1922	0.000248376827708412	0.544125526185404
便	1918	0.000247859914435346	0.544869752070302
贵	1910	0.000246826087889213	0.546105562477885
头	1904	0.000246050717979613	0.546351613195865
获	1898	0.000245275348070014	0.546596888543935
西	1874	0.000242173868431615	0.549521454614626
讲	1816	0.000234678625972152	0.554970883567611
手	1788	0.000231060233060687	0.557058825505844
重	1784	0.000230543319787621	0.557289368825632
改	1775	0.000229380264923222	0.557749033953706
买	1771	0.000228863351650155	0.558207019113643
巴	1764	0.000227958753422289	0.558663582762079
信	1746	0.00022563264369349	0.559795105916821
座	1728	0.000223306533964691	0.56226659750367
写	1718	0.000222014250782025	0.562711789060099
支	1718	0.000222014250782025	0.562933803310881
制	1717	0.000221885022463759	0.563155688333344
保	1713	0.000221368109190692	0.563377056442535
东	1713	0.000221368109190692	0.563819792660917
网	1712	0.000221238880872426	0.564041031541789
心	1702	0.00021994659768976	0.565143478324921
院	1697	0.000219300456098426	0.566241143660278
黔	1680	0.000217103574687894	0.568206060239521
校	1670	0.000215811291505228	0.569071889971908
生	1666	0.000215294378232162	0.56928718435014
吃	1666	0.000215294378232162	0.569502478728372
片	1664	0.000215035921595629	0.569717514649968
书	1657	0.000214131323367762	0.570146423438294
接	1653	0.000213614410094696	0.571001397991946
搞	1652	0.000213485181776429	0.571214883173723
仍	1648	0.000212968268503363	0.571427851442226
没	1625	0.000209996017183231	0.573538537564474
版	1624	0.000209866788864964	0.573748404353339
期	1608	0.000207799135772699	0.575002177497162
药	1598	0.000206506852590033	0.575622344196523
转	1594	0.000205989939316966	0.576240572471111
业	1592	0.000205731482680433	0.576652035436472
农	1588	0.000205214569407367	0.577062593803605
段	1579	0.000204051514542967	0.578290650512092
放	1569	0.000202759231360301	0.579307160463577
原	1568	0.000202630003042035	0.579712420469661
见	1554	0.000200820806586302	0.580519451317236
楼	1545	0.000199657751721903	0.581119975312221
相	1543	0.00019939929508537	0.58151890313071
教	1537	0.00019862392517577	0.582115421047829
红	1530	0.000197719326947904	0.582907719867121
俱	1527	0.000197331641993104	0.583302770836062
难	1519	0.000196297815446971	0.584483271523428
厅	1518	0.000196168587128704	0.584679440110556
少	1506	0.000194617847309505	0.586046288032862
间	1478	0.00019099945439804	0.587009426688903
石	1471	0.000190094856170174	0.587961580937891
金	1467	0.000189577942897108	0.588720668079389
发	1462	0.000188931801305775	0.589288368081534
干	1450	0.000187381061486575	0.589664293259372
称	1435	0.000185442636712576	0.590969628502183
交	1430	0.000184796495121243	0.591339867634017
道	1419	0.000183374983620311	0.592258551748574
权	1418	0.000183245755302044	0.592441797503876
话	1417	0.000183116526983777	0.59262491403086
约	1415	0.000182858070347244	0.592990759399873
份	1410	0.000182211928755911	0.593720899398079
民	1403	0.000181307330528045	0.594265209074618
口	1401	0.000181048873891512	0.594446257948509
税	1377	0.000177947394253113	0.596237879352958
块	1366	0.000176525882752181	0.597123093333084
拉	1349	0.000174329001341648	0.599402810095625
桥	1337	0.000172778261522449	0.60096505123515
双	1332	0.000172132119931116	0.601654484313102
太	1330	0.000171873663294583	0.601826357976397
面	1317	0.000170193695157117	0.603367276443408
代	1313	0.000169676781884051	0.604385854047985
海	1310	0.000169289096929251	0.60472469069848
快	1310	0.000169289096929251	0.60489397979541
筑	1309	0.000169159868610984	0.605570619269854
卖	1303	0.000168384498701385	0.606414609416453
女	1302	0.000168255270383118	0.606582864686836
节	1300	0.000167996813746585	0.606919116770966
超	1297	0.000167609128791785	0.607254464256867
团	1294	0.000167221443836985	0.607589294829496
草	1293	0.000167092215518719	0.608090700704371
类	1293	0.000167092215518719	0.608257792919889
黄	1291	0.000166833758882185	0.608424626678771
真	1290	0.000166704530563919	0.608591331209335
公	1274	0.000164636877471653	0.609583675465304
请	1272	0.00016437842083512	0.60974805388614
门	1270	0.000164119964198587	0.61024080146369
需	1255	0.000162181539424588	0.611872179753488
张	1235	0.000159596973059256	0.613156967693695
通	1235	0.000159596973059256	0.613316564666754
盘	1225	0.00015830468987659	0.614744666811918
套	1223	0.000158046233240056	0.615376980973196
案	1218	0.000157400091648723	0.615692298069767
现	1217	0.000157270863330457	0.615849568933097
展	1216	0.00015714163501219	0.61616398143144
树	1216	0.00015714163501219	0.616321123066452
证	1214	0.000156883178375657	0.616791901829897
物	1177	0.000152101730599793	0.621257903280873
动	1172	0.00015145558900846	0.621561331372163
身	1169	0.00015106790405366	0.622014922769279
情	1168	0.000150938675735393	0.622165861445014
河	1157	0.00014951716423446	0.622916548745825
加	1156	0.000149387935916194	0.623065936681741
机	1151	0.000148741794324861	0.623810291794957
抢	1149	0.000148483337688328	0.624107258470333
寨	1145	0.000147966424415261	0.624551674656852
先	1143	0.000147707967778728	0.625142764984604
江	1143	0.000147707967778728	0.625290472952382
爱	1138	0.000147061826187395	0.625732692257491
华	1126	0.000145511086368196	0.627047719624172
轮	1123	0.000145123401413396	0.627338224883635
驻	1122	0.000144994173095129	0.627628213229825
歌	1118	0.000144477259822063	0.628207156095659
辆	1105	0.000142797291684597	0.629357805041505
治	1091	0.000140988095228865	0.631058578938212
卡	1089	0.000140729638592331	0.631199308576805
字	1079	0.000139437355409665	0.632179634599175
病	1065	0.000137628158953933	0.633981981954039
风	1065	0.000137628158953933	0.634119610112993
古	1059	0.000136852789044333	0.634805295569716
款	1059	0.000136852789044333	0.63494214835876
系	1052	0.000135948190816467	0.635623181596025
诚	1051	0.000135818962498201	0.635759000558523
南	1045	0.000135043592588601	0.636841675408961
反	1040	0.000134397450997268	0.637649740083082
回	1033	0.000133492852769402	0.638453281766064
变	1030	0.000133105167814602	0.638852855726144
越	1029	0.000132975939496335	0.639118807605137
问	1024	0.000132329797905002	0.639781619649527
声	1023	0.000132200569586736	0.640178221358287
收	1018	0.000131554427995403	0.640837802694719
幅	1013	0.00013090828640407	0.641494024094877
主	1011	0.000130649829767536	0.641624673924645
猪	1011	0.000130649829767536	0.641755323754412
溪	1007	0.00013013291649447	0.642146627102123
假	1005	0.000129874459857937	0.642406634478476
购	1002	0.000129486774903137	0.643573436964105
听	995	0.000128582176675271	0.644218415500573
工	980	0.000126643751901272	0.645746023450803
班	980	0.000126643751901272	0.645872667202704
步	977	0.000126256066946472	0.646251564631862
极	973	0.000125739153673405	0.646629169777837
防	970	0.000125351468718606	0.647005353412311
刚	966	0.000124834555445539	0.647755782256485
选	965	0.000124705327127273	0.648005322139058
首	963	0.000124446870490739	0.648877613287358
园	958	0.000123800728899406	0.649622097628892
查	957	0.00012367150058114	0.649993241358953
推	956	0.000123542272262873	0.650116783631216
洞	956	0.000123542272262873	0.650240325903479
周	956	0.000123542272262873	0.650363868175742
早	946	0.000122249989080207	0.652081183297186
设	945	0.000122120760761941	0.65232542481871
属	937	0.000121086934215808	0.653419471761155
实	932	0.000120440792624475	0.654022451094187
修	926	0.000119665422714875	0.654622975089172
牛	926	0.000119665422714875	0.654862305934602
创	910	0.000117597769622609	0.65759186647303
投	910	0.000117597769622609	0.657709464242652
土	906	0.000117080856349543	0.658413629348887
法	901	0.00011643471475821	0.659464126348076
苗	892	0.000115271659893811	0.66073715451132
产	892	0.000115271659893811	0.660852426171214
满	885	0.000114367061665944	0.661770205687543
活	883	0.000114108605029411	0.662112789959268
远	880	0.000113720920074611	0.662340490256053
深	877	0.000113333235119811	0.66279472779476
左	877	0.000113333235119811	0.66290806102988
运	873	0.000112816321846745	0.66313395213021
王	873	0.000112816321846745	0.663246768452057
养	873	0.000112816321846745	0.663585217417598
龙	872	0.000112687093528478	0.663697904511126
联	858	0.000110877897072746	0.666485617792774
茶	849	0.000109714842208347	0.668029637739423
篇	847	0.000109456385571813	0.668577695037192
具	846	0.000109327157253547	0.668796478580017
室	841	0.000108681015662214	0.669341692854784
群	835	0.000107905645752614	0.669990806697437
增	827	0.000106871819206481	0.671817707432771
言	823	0.000106354905933415	0.672350386560666
求	823	0.000106354905933415	0.6724567414666
句	821	0.000106096449296882	0.672775289271127
右	818	0.000105708764342082	0.673304737691065
力	814	0.000105191851069015	0.673937310308981
菜	810	0.000104674937795949	0.674566652218939
关	803	0.000103770339568083	0.675607457094259
赴	802	0.000103641111249816	0.675814868545077
球	800	0.000103382654613283	0.676125274965553
度	790	0.000102090371430617	0.677461108091475
流	789	0.00010196114311235	0.677767249977448
文	788	0.000101831914794084	0.677970913807037
跑	787	0.000101702686475817	0.678072616493512
子	779	0.000100668859929684	0.679184626172196
明	776	0.000100281174974884	0.67968680741698
准	776	0.000100281174974884	0.67988736976693
北	775	0.000100151946656618	0.680087673660243
枚	775	0.000100151946656618	0.6801878256069
读	769	9.93765767470182e-005	0.681085574733897
层	768	9.92473484287517e-005	0.681184822082326
竹	765	9.88596634739518e-005	0.681382929094229
科	765	9.88596634739518e-005	0.681481788757703
坝	763	9.86012068374186e-005	0.682172772575474
杯	759	9.80842935643522e-005	0.682663969413206
排	757	9.7825836927819e-005	0.68285975031538
诗	747	9.6533553745153e-005	0.684800113514154
牌	743	9.60166404720866e-005	0.685473005367368
清	742	9.588741215382e-005	0.685568892779522
派	741	9.57581838355533e-005	0.685664650963357
集	741	9.57581838355533e-005	0.685760409147193
富	736	9.51120422442203e-005	0.686619519007029
马	735	9.49828139259537e-005	0.686714501820955
观	727	9.39489873798209e-005	0.688229186939358
矿	725	9.36905307432877e-005	0.688604207518967
招	724	9.35613024250211e-005	0.689072143259411
监	721	9.31736174702213e-005	0.689445483870883
医	717	9.26567041971549e-005	0.69018970975578
独	717	9.26567041971549e-005	0.690467679868371
立	716	9.25274758788883e-005	0.690837919000205
居	712	9.20105626058218e-005	0.691760996877583
定	711	9.18813342875552e-005	0.69185287821187
差	711	9.18813342875552e-005	0.691944759546158
白	710	9.17521059692886e-005	0.692128263758096
指	708	9.14936493327554e-005	0.6924947552687
落	707	9.13644210144888e-005	0.692677484110729
田	706	9.12351926962222e-005	0.693134176987484
特	705	9.11059643779556e-005	0.693407494880618
基	704	9.0976736059689e-005	0.693589577581056
乱	700	9.04598227866226e-005	0.694587866339666
社	699	9.0330594468356e-005	0.694949447174176
包	697	9.00721378318228e-005	0.695220051272626
坐	697	9.00721378318228e-005	0.69540019554829
化	697	9.00721378318228e-005	0.695580339823954
煤	695	8.98136811952896e-005	0.695849780867539
旧	694	8.9684452877023e-005	0.696029149773294
令	691	8.92967679222232e-005	0.696744816199854
负	691	8.92967679222232e-005	0.696923409735699
摆	690	8.91675396039566e-005	0.697280467579069
量	690	8.91675396039566e-005	0.697369635118673
瓦	688	8.89090829674233e-005	0.697547453284608
笔	687	8.87798546491567e-005	0.697813792848556
香	685	8.85213980126235e-005	0.697990964872899
挂	680	8.78752564212905e-005	0.698784555975374
烟	676	8.73583431482241e-005	0.69930973986081
完	669	8.64537449203579e-005	0.700351707790993
赛	669	8.64537449203579e-005	0.700524615280834
势	665	8.59368316472915e-005	0.701214048358786
画	663	8.56783750107583e-005	0.701471341940455
价	663	8.56783750107583e-005	0.701557020315466
平	662	8.55491466924917e-005	0.702070961337212
换	661	8.5419918374225e-005	0.702327479548971
留	660	8.52906900559585e-005	0.702668900765831
副	658	8.50322334194252e-005	0.703605418388308
街	657	8.49030051011586e-005	0.704030191870451
唱	651	8.4127635191559e-005	0.704875474300232
飞	649	8.38691785550258e-005	0.705295724791235
易	649	8.38691785550258e-005	0.705463463148346
光	647	8.36107219184926e-005	0.705630813820501
计	643	8.30938086454262e-005	0.706714393269167
兴	643	8.30938086454262e-005	0.706963674695103
广	643	8.30938086454262e-005	0.707046768503749
提	642	8.29645803271596e-005	0.707212826892721
帮	642	8.29645803271596e-005	0.707295791473049
穿	639	8.25768953723598e-005	0.707875122023838
德	636	8.218921041756e-005	0.708122206568364
油	635	8.20599820992934e-005	0.708779591023386
务	628	8.11553838714271e-005	0.709840684744674
架	628	8.11553838714271e-005	0.710002995512416
坡	626	8.08969272348939e-005	0.710570307829607
引	625	8.07676989166273e-005	0.710731972455758
体	625	8.07676989166273e-005	0.710893507853592
装	624	8.06384705983607e-005	0.711054914023107
青	620	8.01215573252943e-005	0.712099466519656
胜	615	7.94754157339613e-005	0.71289758061327
湖	614	7.93461874156947e-005	0.713135619175517
值	612	7.90877307791615e-005	0.713610920930101
秀	612	7.90877307791615e-005	0.713690008660881
云	610	7.88292741426283e-005	0.714163242762373
直	605	7.81831325512952e-005	0.714711946201732
渡	605	7.81831325512952e-005	0.714790129334284
粮	601	7.76662192782288e-005	0.71580353780613
安	595	7.68908493686292e-005	0.716884791145066
俄	594	7.67616210503626e-005	0.717115205236536
谈	593	7.6632392732096e-005	0.717345102414732
绿	592	7.65031644138294e-005	0.717498237971878
墙	588	7.5986251140763e-005	0.71826003890806
源	587	7.58570228224964e-005	0.718411752953705
官	587	7.58570228224964e-005	0.718639324022173
列	586	7.57277945042298e-005	0.718866765862322
印	584	7.54693378676966e-005	0.719169160127066
世	580	7.49524245946301e-005	0.720371758856856
热	580	7.49524245946301e-005	0.720521663706045
甲	579	7.48231962763635e-005	0.720746133294874
株	575	7.43062830032971e-005	0.721119086221392
宽	573	7.40478263667639e-005	0.721638325604187
初	573	7.40478263667639e-005	0.721712373430554
净	571	7.37893697302307e-005	0.722376736214762
亮	570	7.36601414119641e-005	0.722450396356174
短	570	7.36601414119641e-005	0.722524056497586
店	569	7.35309130936975e-005	0.722744778465186
患	568	7.34016847754309e-005	0.722891581834737
鸡	567	7.32724564571643e-005	0.72318505934552
忙	567	7.32724564571643e-005	0.723331604258434
背	567	7.32724564571643e-005	0.723404876714892
京	566	7.31432281388977e-005	0.723551163171169
票	560	7.23678582292981e-005	0.724858953752027
克	559	7.22386299110315e-005	0.725003560240167
调	556	7.18509449562317e-005	0.725579789311318
兼	555	7.17217166379651e-005	0.725723361972912
费	554	7.15924883196985e-005	0.726224897076105
岩	551	7.12048033648986e-005	0.726581954919475
序	549	7.09463467283654e-005	0.72707961317312
半	548	7.08171184100988e-005	0.72736288164676
鱼	546	7.05586617735656e-005	0.727927867854221
单	545	7.0429433455299e-005	0.728139285382905
师	544	7.03002051370324e-005	0.728209585588042
果	539	6.96540635456994e-005	0.729539086526368
含	538	6.95248352274328e-005	0.729817315095597
额	535	6.9137150272633e-005	0.730232913367142
畜	535	6.9137150272633e-005	0.730302050517415
尔	535	6.9137150272633e-005	0.730578599118506
存	534	6.90079219543664e-005	0.73064760704046
木	534	6.90079219543664e-005	0.730716614962414
担	534	6.90079219543664e-005	0.730785622884369
斯	533	6.88786936360998e-005	0.730992258965277
气	532	6.87494653178332e-005	0.731061008430595
黑	528	6.82325520447668e-005	0.732088502789134
银	526	6.79740954082336e-005	0.732292683531995
奖	525	6.78448670899669e-005	0.732496347361583
评	524	6.77156387717003e-005	0.732631778639127
股	523	6.75864104534337e-005	0.732766951460033
战	523	6.75864104534337e-005	0.732969710691394
知	521	6.73279538169005e-005	0.733711998151517
井	519	6.70694971803673e-005	0.734316657452687
侗	519	6.70694971803673e-005	0.734383726949867
羊	518	6.69402688621007e-005	0.734584547756454
儿	514	6.64233555890343e-005	0.735316755407752
脚	512	6.61648989525011e-005	0.735846849969282
险	511	6.60356706342345e-005	0.736243451678042
课	511	6.60356706342345e-005	0.736375523019311
拨	510	6.59064423159679e-005	0.736441429461627
眼	509	6.57772139977013e-005	0.736507206675624
顶	508	6.56479856794347e-005	0.736704279860981
硬	507	6.55187573611681e-005	0.736901094589701
争	505	6.52603007246349e-005	0.737162394249236
死	505	6.52603007246349e-005	0.737227654549961
质	503	6.50018440881017e-005	0.737748186215938
救	503	6.50018440881017e-005	0.737878189904115
载	502	6.48726157698351e-005	0.738007935135654
利	502	6.48726157698351e-005	0.738072807751424
环	501	6.47433874515685e-005	0.738461655761088
政	501	6.47433874515685e-005	0.738591142535991
考	500	6.46141591333018e-005	0.738849857629161
理	499	6.44849308150353e-005	0.739172540739872
暨	499	6.44849308150353e-005	0.739237025670688
铁	499	6.44849308150353e-005	0.739365995532318
伊	498	6.43557024967686e-005	0.739559191868126
继	497	6.4226474178502e-005	0.739816356221476
史	493	6.37095609054356e-005	0.740774196516468
结	489	6.31926476323692e-005	0.741344997998251
些	488	6.30634193141026e-005	0.741723895427409
领	487	6.2934190995836e-005	0.741975632191392
磷	485	6.26757343593028e-005	0.742226852042102
常	483	6.24172777227696e-005	0.742476908837948
乐	482	6.2288049404503e-005	0.742601484936757
缺	482	6.2288049404503e-005	0.74278834908497
示	482	6.2288049404503e-005	0.742912925183779
感	479	6.19003644497032e-005	0.743471708431965
检	478	6.17711361314366e-005	0.743718922204809
表	477	6.164190781317e-005	0.744027390200512
资	476	6.15126794949034e-005	0.744335082826305
优	475	6.13834511766368e-005	0.744457978956976
尚	469	6.06080812670371e-005	0.745432618933343
供	468	6.04788529487705e-005	0.745553705867559
降	468	6.04788529487705e-005	0.745674663573457
扩	468	6.04788529487705e-005	0.745856100132303
秒	467	6.03496246305039e-005	0.745976799381564
持	466	6.02203963122373e-005	0.746097240174189
春	466	6.02203963122373e-005	0.74639834215575
升	465	6.00911679939707e-005	0.746458433323744
游	457	5.90573414478379e-005	0.748366101757996
今	455	5.87988848113047e-005	0.748895808634571
效	455	5.87988848113047e-005	0.749072205289005
雨	454	5.86696564930381e-005	0.749130874945498
番	454	5.86696564930381e-005	0.749424223227963
足	452	5.84111998565049e-005	0.749716925368837
涉	452	5.84111998565049e-005	0.749775336568694
馆	451	5.82819715382383e-005	0.749833618540232
根	451	5.82819715382383e-005	0.749950182483308
苦	451	5.82819715382383e-005	0.750066746426385
喝	449	5.80235149017051e-005	0.750415404429068
算	449	5.80235149017051e-005	0.750531451458871
控	448	5.78942865834385e-005	0.750705134318622
专	447	5.77650582651719e-005	0.750994088838266
补	445	5.75066016286386e-005	0.751455304706159
减	444	5.7377373310372e-005	0.751627566054408
型	443	5.72481449921054e-005	0.751742191572711
脸	442	5.71189166738388e-005	0.75225664950773
警	442	5.71189166738388e-005	0.752313768424404
职	437	5.64727750825058e-005	0.753618586753941
式	432	5.58266334911728e-005	0.754291737063791
笑	432	5.58266334911728e-005	0.754403390330774
营	431	5.56974051729062e-005	0.754514914369438
夜	427	5.51804918998398e-005	0.755290542735673
传	426	5.50512635815732e-005	0.755621238002117
困	426	5.50512635815732e-005	0.755786391792861
严	425	5.49220352633066e-005	0.75595128712697
习	422	5.45343503085068e-005	0.756990541262471
普	420	5.42758936719736e-005	0.757534334025737
钢	420	5.42758936719736e-005	0.757588609919409
题	419	5.4146665353707e-005	0.757696903250117
距	419	5.4146665353707e-005	0.757859343246178
掉	417	5.38882087171737e-005	0.758129301203037
倒	417	5.38882087171737e-005	0.758344854037906
库	415	5.36297520806405e-005	0.758881539243667
岗	414	5.35005237623739e-005	0.759149041862479
火	413	5.33712954441073e-005	0.759469269635144
租	413	5.33712954441073e-005	0.759576012226032
软	412	5.32420671258407e-005	0.759842222561662
性	410	5.29836104893075e-005	0.76037322172142
空	408	5.27251538527743e-005	0.761165391312394
弱	404	5.22082405797079e-005	0.761584866433488
伤	404	5.22082405797079e-005	0.761689282914647
凡	404	5.22082405797079e-005	0.761793699395807
记	403	5.20790122614413e-005	0.761950194889227
融	400	5.16913273066415e-005	0.762781132975682
竟	399	5.15620989883749e-005	0.763039460383897
境	396	5.11744140335751e-005	0.76375861597505
肉	394	5.09159573970419e-005	0.764524422989098
访	394	5.09159573970419e-005	0.764626254903892
旁	393	5.07867290787753e-005	0.764677041632971
助	390	5.03990441239754e-005	0.765690320876499
毒	390	5.03990441239754e-005	0.765791118964747
血	390	5.03990441239754e-005	0.766043114185367
举	389	5.02698158057088e-005	0.766143653816978
输	389	5.02698158057088e-005	0.76624419344859
紧	388	5.01405874874422e-005	0.766545553886787
致	387	5.00113591691756e-005	0.767146594795045
核	387	5.00113591691756e-005	0.767196606154214
促	386	4.9882130850909e-005	0.767346252546767
停	386	4.9882130850909e-005	0.76749589893932
挖	386	4.9882130850909e-005	0.767545781070171
韩	383	4.94944458961092e-005	0.768240900194126
配	383	4.94944458961092e-005	0.768339889085918
取	383	4.94944458961092e-005	0.768537866869503
纳	381	4.9235989259576e-005	0.76898163691443
铜	380	4.91067609413094e-005	0.76912921565389
男	379	4.89775326230428e-005	0.769423597762901
梦	379	4.89775326230428e-005	0.769472575295524
味	379	4.89775326230428e-005	0.769619507893394
移	378	4.88483043047762e-005	0.76991272694754
折	377	4.87190759865096e-005	0.7700588841755
参	377	4.87190759865096e-005	0.770351198631418
般	375	4.84606193499764e-005	0.770642608489109
怀	375	4.84606193499764e-005	0.770691069108459
星	374	4.83313910317098e-005	0.771126310084381
鸭	373	4.82021627134432e-005	0.771319118735234
奔	372	4.80729343951766e-005	0.771415393832343
曲	372	4.80729343951766e-005	0.771463466766738
颗	372	4.80729343951766e-005	0.771511539701133
解	371	4.794370607691e-005	0.771751387459836
封	371	4.794370607691e-005	0.771847274871989
搬	370	4.78144777586434e-005	0.772134161738541
标	369	4.76852494403768e-005	0.772181846987981
偏	368	4.75560211221102e-005	0.772372458757424
李	367	4.74267928038436e-005	0.772705092448643
脑	366	4.7297564485577e-005	0.772847243598736
跨	366	4.7297564485577e-005	0.772894541163222
阳	365	4.71683361673104e-005	0.773083472964528
例	364	4.70391078490438e-005	0.773130512072377
兵	364	4.70391078490438e-005	0.773365707611623
品	363	4.69098795307771e-005	0.773834935635249
讯	361	4.66514228942439e-005	0.774395269623254
皮	361	4.66514228942439e-005	0.774488572469042
谋	360	4.65221945759773e-005	0.774581746086512
角	359	4.63929662577107e-005	0.775092327171984
峰	357	4.61345096211775e-005	0.775554447638106
义	356	4.60052813029109e-005	0.775830996239197
销	356	4.60052813029109e-005	0.7758770015205
破	356	4.60052813029109e-005	0.775969012083105
响	356	4.60052813029109e-005	0.776061022645711
沙	355	4.58760529846443e-005	0.776106898698696
欠	354	4.57468246663777e-005	0.776427772612952
喜	354	4.57468246663777e-005	0.776473519437619
压	353	4.56175963481111e-005	0.776884336261388
博	352	4.54883680298445e-005	0.777157395697886
赢	352	4.54883680298445e-005	0.777339349170005
遵	350	4.52299113933113e-005	0.777928371844665
怕	348	4.49714547567781e-005	0.778469580041565
急	347	4.48422264385115e-005	0.778784250996545
船	345	4.45837698019783e-005	0.779142342666462
练	345	4.45837698019783e-005	0.779186926436264
卷	345	4.45837698019783e-005	0.779276093975868
圈	344	4.44545414837117e-005	0.779409586828637
舞	343	4.43253131654451e-005	0.779853615330201
奇	343	4.43253131654451e-005	0.779942265956532
合	343	4.43253131654451e-005	0.779986591269697
拟	343	4.43253131654451e-005	0.780030916582863
试	343	4.43253131654451e-005	0.780075241896028
铺	343	4.43253131654451e-005	0.780119567209194
铝	343	4.43253131654451e-005	0.780208217835525
棵	342	4.41960848471785e-005	0.780562432655893
退	342	4.41960848471785e-005	0.780650824825588
账	340	4.39376282106453e-005	0.781003747362774
贷	339	4.38083998923787e-005	0.781442735959926
鸟	337	4.35499432558454e-005	0.782097277391946
企	337	4.35499432558454e-005	0.782140827335202
神	336	4.34207149375788e-005	0.7824018685381
毛	335	4.32914866193122e-005	0.782575422169532
显	334	4.31622583010456e-005	0.782921366377532
翻	333	4.3033029982779e-005	0.783266147530667
剧	332	4.29038016645124e-005	0.783481054223944
呈	332	4.29038016645124e-005	0.783609765628938
意	331	4.27745733462458e-005	0.783866413069015
梨	330	4.26453450279792e-005	0.783951832987389
夏	330	4.26453450279792e-005	0.783994478332417
形	330	4.26453450279792e-005	0.784165059712529
须	330	4.26453450279792e-005	0.784207705057557
率	328	4.2386888391446e-005	0.78480241377822
迎	327	4.22576600731794e-005	0.785267764952297
穷	325	4.19992034366462e-005	0.785646662381455
滩	324	4.18699751183796e-005	0.786234134316294
亦	323	4.1740746800113e-005	0.786401097303495
员	322	4.16115184818464e-005	0.786484449568777
必	321	4.14822901635798e-005	0.786983012420649
吹	321	4.14822901635798e-005	0.787024494710812
梵	321	4.14822901635798e-005	0.787065977000976
汛	321	4.14822901635798e-005	0.787314870741957
跳	320	4.13530618453132e-005	0.787397576865647
饭	320	4.13530618453132e-005	0.787852460545945
纸	319	4.12238335270466e-005	0.788017355880054
抱	318	4.109460520878e-005	0.788511654197423
精	316	4.08361485722468e-005	0.789085557158844
拒	315	4.07069202539802e-005	0.789493401731293
坪	315	4.07069202539802e-005	0.789696936332563
晚	314	4.05776919357136e-005	0.790021557868048
遭	313	4.0448463617447e-005	0.790386110953878
板	312	4.03192352991804e-005	0.790547646351711
贴	312	4.03192352991804e-005	0.790708923292908
箱	312	4.03192352991804e-005	0.790870200234105
麻	312	4.03192352991804e-005	0.790910519469404
似	311	4.01900069809138e-005	0.791192366431544
振	310	4.00607786626472e-005	0.791312807224168
陈	310	4.00607786626472e-005	0.791352868002831
遍	310	4.00607786626472e-005	0.791473050338819
懂	309	3.99315503443805e-005	0.791832821976874
色	307	3.96730937078473e-005	0.792470046814247
细	307	3.96730937078473e-005	0.792708085376495
轻	307	3.96730937078473e-005	0.792866777751326
布	306	3.95438653895807e-005	0.792945865482105
维	305	3.94146370713141e-005	0.793340399537774
池	304	3.92854087530475e-005	0.793536826581539
景	304	3.92854087530475e-005	0.793733253625305
遇	303	3.91561804347809e-005	0.794164100838406
献	302	3.90269521165143e-005	0.794437289503222
视	301	3.88977237982477e-005	0.794710348939719
智	301	3.88977237982477e-005	0.794788144387316
编	300	3.87684954799811e-005	0.795215631664142
添	300	3.87684954799811e-005	0.795293168655102
域	300	3.87684954799811e-005	0.795603316618942
港	299	3.86392671617145e-005	0.795719492877064
齐	298	3.85100388434479e-005	0.796105627092045
塔	298	3.85100388434479e-005	0.796144137130889
贫	298	3.85100388434479e-005	0.796259667247419
堡	297	3.83808105251813e-005	0.796681985391514
冷	295	3.81223538886481e-005	0.79691123642812
缴	295	3.81223538886481e-005	0.797063725843674
食	294	3.79931255703815e-005	0.797216086030911
格	293	3.78638972521149e-005	0.797557765704408
久	292	3.77346689338483e-005	0.79774695596235
俩	291	3.76054406155817e-005	0.797935500078701
底	291	3.76054406155817e-005	0.798161132722395
语	288	3.72177556607819e-005	0.798721595938717
藏	288	3.72177556607819e-005	0.799019337984003
症	287	3.70885273425153e-005	0.799278957675401
扣	286	3.69592990242487e-005	0.799427053328135
抵	285	3.68300707059821e-005	0.799796517090059
脱	285	3.68300707059821e-005	0.799943837372883
状	285	3.68300707059821e-005	0.799980667443589
赚	284	3.67008423877155e-005	0.800201518639507
床	284	3.67008423877155e-005	0.800274920324282
塘	284	3.67008423877155e-005	0.800348322009057
冬	283	3.65716140694488e-005	0.800421594465515
抗	283	3.65716140694488e-005	0.800458166079584
货	283	3.65716140694488e-005	0.800567880921792
砖	283	3.65716140694488e-005	0.80071416737807
端	282	3.64423857511822e-005	0.800787052149572
英	282	3.64423857511822e-005	0.801078591235582
亚	281	3.63131574329156e-005	0.801296728636816
冠	281	3.63131574329156e-005	0.801369354951682
玉	281	3.63131574329156e-005	0.801405668109115
愿	281	3.63131574329156e-005	0.801514607581413
思	280	3.6183929114649e-005	0.801767895085216
罪	279	3.60547007963824e-005	0.802093291990611
速	277	3.57962441598492e-005	0.803099722133271
福	277	3.57962441598492e-005	0.80324290710991
奶	276	3.56670158415826e-005	0.803314370369912
梯	276	3.56670158415826e-005	0.803599706496644
灯	275	3.5537787523316e-005	0.80388478416674
屋	274	3.54085592050494e-005	0.804346000034634
围	272	3.51501025685162e-005	0.804804502107843
互	272	3.51501025685162e-005	0.804909952415549
哥	271	3.50208742502496e-005	0.805190377866187
腿	271	3.50208742502496e-005	0.805365482237438
秋	270	3.4891645931983e-005	0.805679636279144
栋	268	3.46331892954498e-005	0.806374238489826
拍	268	3.46331892954498e-005	0.806547404436304
玩	267	3.45039609771832e-005	0.806616412358258
踏	267	3.45039609771832e-005	0.806788932163144
劳	266	3.43747326589166e-005	0.806995180559097
叶	266	3.43747326589166e-005	0.807132679489732
造	264	3.41162760223834e-005	0.807440501343843
彩	263	3.39870477041168e-005	0.807610953495637
棋	262	3.38578193858502e-005	0.807848345916292
刀	262	3.38578193858502e-005	0.807882203735678
堂	261	3.37285910675836e-005	0.808523951564189
志	261	3.37285910675836e-005	0.808557680155257
忘	259	3.34701344310504e-005	0.80902781277711
廉	259	3.34701344310504e-005	0.809061282911541
敢	258	3.33409061127838e-005	0.809295056939285
戏	258	3.33409061127838e-005	0.809395079657623
章	258	3.33409061127838e-005	0.809428420563736
刘	257	3.32116777945172e-005	0.809727971805477
沟	257	3.32116777945172e-005	0.809927241872244
断	256	3.30824494762506e-005	0.80996032432172
艘	256	3.30824494762506e-005	0.810092654119625
演	256	3.30824494762506e-005	0.810191901468054
册	256	3.30824494762506e-005	0.81022498391753
司	256	3.30824494762506e-005	0.810258066367006
客	255	3.29532211579839e-005	0.810752364684377
勤	254	3.28239928397173e-005	0.81098252031921
稳	254	3.28239928397173e-005	0.811080992297729
颇	253	3.26947645214507e-005	0.811277419341495
摊	253	3.26947645214507e-005	0.811506282693145
杀	252	3.25655362031841e-005	0.811701805138683
伏	251	3.24363078849175e-005	0.812254126970955
残	250	3.23070795666509e-005	0.812577456223259
汉	250	3.23070795666509e-005	0.812642070382392
川	250	3.23070795666509e-005	0.812706684541525
烧	250	3.23070795666509e-005	0.812835912859792
捧	249	3.21778512483843e-005	0.812900268562289
追	249	3.21778512483843e-005	0.812964624264786
季	249	3.21778512483843e-005	0.813125513521028
乌	249	3.21778512483843e-005	0.813157691372276
盖	247	3.19193946118511e-005	0.81351009699619
守	247	3.19193946118511e-005	0.813605855180025
售	247	3.19193946118511e-005	0.813925049126144
复	246	3.17901662935845e-005	0.81398875868705
航	246	3.17901662935845e-005	0.814274870183692
永	245	3.16609379753179e-005	0.814369982225937
汇	245	3.16609379753179e-005	0.814528286915814
统	245	3.16609379753179e-005	0.814559947853789
幢	244	3.15317096570513e-005	0.814717994087029
划	244	3.15317096570513e-005	0.814749525796686
置	244	3.15317096570513e-005	0.814844120925658
寄	244	3.15317096570513e-005	0.814938716054629
狮	244	3.15317096570513e-005	0.815001779473943
磋	243	3.14024813387847e-005	0.815096116146278
枫	243	3.14024813387847e-005	0.815284531034311
侧	243	3.14024813387847e-005	0.815347335996988
粉	242	3.12732530205181e-005	0.815504219175364
素	242	3.12732530205181e-005	0.815691858693487
罚	242	3.12732530205181e-005	0.815816951705569
限	242	3.12732530205181e-005	0.816004591223693
谷	242	3.12732530205181e-005	0.816098410982754
贸	241	3.11440247022515e-005	0.816222987081563
狗	241	3.11440247022515e-005	0.816285275130968
责	241	3.11440247022515e-005	0.816409851229777
末	240	3.10147963839849e-005	0.816595940008081
孤	240	3.10147963839849e-005	0.816844058379153
波	238	3.07563397474517e-005	0.817460994370559
柏	238	3.07563397474517e-005	0.817491750710306
整	237	3.06271114291851e-005	0.81776804085476
竞	237	3.06271114291851e-005	0.818043684857623
介	236	3.04978831109185e-005	0.818410951738137
洗	236	3.04978831109185e-005	0.818593939036803
迁	236	3.04978831109185e-005	0.818685432686135
挑	236	3.04978831109185e-005	0.818746428452357
杨	236	3.04978831109185e-005	0.818776926335468
欲	235	3.03686547926519e-005	0.818868161528164
众	234	3.02394264743853e-005	0.819322786751827
射	233	3.01101981561187e-005	0.819534333508829
尾	233	3.01101981561187e-005	0.819805325292234
研	233	3.01101981561187e-005	0.81983543549039
禁	233	3.01101981561187e-005	0.819895655886703
凯	233	3.01101981561187e-005	0.819925766084859
雪	232	2.99809698378521e-005	0.820165872300198
栏	232	2.99809698378521e-005	0.820195853270036
胡	231	2.98517415195855e-005	0.820495404511778
议	230	2.97225132013189e-005	0.821240534994904
页	229	2.95932848830523e-005	0.821418482389157
渝	229	2.95932848830523e-005	0.82144807567404
籍	229	2.95932848830523e-005	0.821566448813572
跃	229	2.95932848830523e-005	0.821655228668221
督	228	2.94640565647856e-005	0.821832271464246
昔	228	2.94640565647856e-005	0.821920663633941
松	228	2.94640565647856e-005	0.8220385198602
罗	228	2.94640565647856e-005	0.822156376086459
托	227	2.9334828246519e-005	0.822537858081982
构	226	2.92055999282524e-005	0.822888583737758
禽	225	2.90763716099858e-005	0.822975942080906
累	225	2.90763716099858e-005	0.823179476682176
屯	224	2.89471432917192e-005	0.823498670628294
洋	224	2.89471432917192e-005	0.823701300631336
扶	224	2.89471432917192e-005	0.823817089204503
柑	223	2.88179149734526e-005	0.824018943837635
许	223	2.88179149734526e-005	0.824249487157423
顿	223	2.88179149734526e-005	0.82430712298737
栽	222	2.8688686655186e-005	0.824364629588998
爬	222	2.8688686655186e-005	0.824422006962309
祥	222	2.8688686655186e-005	0.824622827768895
哭	221	2.85594583369194e-005	0.82479470143219
暖	221	2.85594583369194e-005	0.825080296015559
雷	220	2.84302300186528e-005	0.825222834850607
钛	220	2.84302300186528e-005	0.825279695310644
拖	220	2.84302300186528e-005	0.825393416230718
横	220	2.84302300186528e-005	0.825507137150793
寻	219	2.83010017003862e-005	0.825734191305987
盼	219	2.83010017003862e-005	0.825790793309388
堤	219	2.83010017003862e-005	0.825847395312789
搭	219	2.83010017003862e-005	0.82593229831789
碗	219	2.83010017003862e-005	0.825988900321291
预	218	2.81717733821196e-005	0.826327220058512
席	217	2.8042545063853e-005	0.826579602964087
挤	215	2.77840884273198e-005	0.827388055323162
旗	215	2.77840884273198e-005	0.827415839411589
堆	214	2.76548601090532e-005	0.827554501397089
器	214	2.76548601090532e-005	0.827637465977417
肩	214	2.76548601090532e-005	0.827748085417853
毕	214	2.76548601090532e-005	0.82783104999818
皆	214	2.76548601090532e-005	0.827941669438616
毁	214	2.76548601090532e-005	0.827969324298725
嘴	213	2.75256317907866e-005	0.828106952457679
采	213	2.75256317907866e-005	0.82816200372126
财	213	2.75256317907866e-005	0.828272106248423
艺	211	2.72671751542534e-005	0.8288478184063
返	211	2.72671751542534e-005	0.828929619931763
聘	211	2.72671751542534e-005	0.82903868863238
答	211	2.72671751542534e-005	0.829147757332997
抬	211	2.72671751542534e-005	0.829229558858459
衣	210	2.71379468359868e-005	0.829718688043098
瓶	209	2.70087185177202e-005	0.829854248548959
肥	209	2.70087185177202e-005	0.829935274704512
付	209	2.70087185177202e-005	0.830205361889689
订	209	2.70087185177202e-005	0.83031339676376
乳	209	2.70087185177202e-005	0.830340405482278
犯	208	2.68794901994536e-005	0.8305832254923
止	207	2.6750261881187e-005	0.830932400408256
摄	207	2.6750261881187e-005	0.830985900932019
扑	207	2.6750261881187e-005	0.8310126511939
佳	207	2.6750261881187e-005	0.831146402503305
痛	206	2.66210335629204e-005	0.831332878966564
勇	206	2.66210335629204e-005	0.831439363100815
辅	206	2.66210335629204e-005	0.831465984134378
旅	205	2.64918052446538e-005	0.831705185751489
容	205	2.64918052446538e-005	0.831943611998691
搜	205	2.64918052446538e-005	0.831970103803935
虎	204	2.63625769263872e-005	0.832128279265493
骨	204	2.63625769263872e-005	0.83215464184242
伍	204	2.63625769263872e-005	0.832181004419346
善	204	2.63625769263872e-005	0.832312817303978
捐	202	2.61041202898539e-005	0.832601254910348
损	201	2.59748919715873e-005	0.833383215464178
莫	200	2.58456636533207e-005	0.833693751112972
护	199	2.57164353350541e-005	0.833797004539267
剑	199	2.57164353350541e-005	0.833899870280607
谱	199	2.57164353350541e-005	0.834002736021947
闯	199	2.57164353350541e-005	0.834079885327952
征	199	2.57164353350541e-005	0.834105601763287
兰	199	2.57164353350541e-005	0.834311333245967
迈	199	2.57164353350541e-005	0.834337049681302
鞋	199	2.57164353350541e-005	0.834362766116637
牙	199	2.57164353350541e-005	0.834388482551972
灰	199	2.57164353350541e-005	0.834414198987307
旺	198	2.55872070167875e-005	0.834439786194324
野	198	2.55872070167875e-005	0.834542135022391
尖	196	2.53287503802543e-005	0.835560971083607
奥	196	2.53287503802543e-005	0.835738272336269
渐	196	2.53287503802543e-005	0.835864916088171
鲜	195	2.51995220619877e-005	0.836016242448861
岛	195	2.51995220619877e-005	0.836293437191544
功	194	2.50702937437211e-005	0.836368648072775
                                                                                                                                                                                                                                                                                                                                                                                                                                                                                                                                                                                                                                                                                                                                                                                                                                                                                                                                                                                                                                                                                                                                                                                                                                                                                                                                                                                                                                                                                                                                                                                                                                                                                                                                                                                                                                                                                                                                                                                                                                                                                                                                                                                                                                                                                                                                                                                                                                                                                                                                                                                                                                                                                                                                                                                                                                                                                                                                                                                                                                                                                                                                                                                                                                                                                                                                                                                                                                                                                                                                                                                                                                                                                                                                                                                                                                                                                                                                                                                                                                                                                                                                                                                                                                                                                                                                                                                                                                                                                                                                                                                                                                                                                                                                                                                                                                                                                                                                                                                                                                                                                                                                                                                                                                                                                                                                                                                                                                                                                                                                                                                                                                                                                                           