中	31755	0.0039815326098241	0.125973409806845
上	30133	0.00377816161649597	0.133630666239362
省	26306	0.00329832142446962	0.144318927846178
元	24977	0.00313168760811137	0.153936796006606
人	23768	0.00298009973453942	0.160021249886529
新	18427	0.0023104298976926	0.185156124225322
大	18157	0.00227657652642343	0.187432700751745
不	17809	0.00223294329234317	0.189665644044089
说	17121	0.00214667988703506	0.191812323931124
年	14212	0.00178194115732389	0.207337856143735
后	13904	0.00174332323750572	0.210825254915886
已	13058	0.00163724934086232	0.220927727816889
名	12933	0.00162157648379326	0.224177024544446
都	12898	0.00161718808381393	0.227414535283488
两	12734	0.00159662529533932	0.229011160578827
好	12561	0.00157493406115574	0.232181842255327
下	11376	0.00142635537614105	0.246944795934386
做	11066	0.00138748669060978	0.252548657325142
时	10451	0.00131037623383	0.256529312254971
出	10178	0.00127614671399117	0.260389474259652
县	9723	0.00121909751425979	0.264102186025028
次	9571	0.00120003932006381	0.268918517693778
会	9417	0.00118073036015473	0.276052551465901
家	9273	0.00116267522881117	0.27838241570636
使	8977	0.00112556190327164	0.285227943525555
党	8964	0.00112393192613646	0.286351875451692
村	8520	0.00106826193782716	0.294000981998533
电	8045	0.00100870508096473	0.30439171008675
里	6794	0.00085185112741757	0.325447127804752
种	6758	0.00084733734458168	0.326294465149333
内	6692	0.000839062076049216	0.327980613804251
市	6660	0.000835049824639537	0.328815663628891
位	6518	0.000817245459009084	0.332101446767705
小	6135	0.000769223824949483	0.339159498528758
作	6126	0.000768095379240511	0.339927593907998
届	6013	0.00075392711645008	0.344487643017955
天	5764	0.000722706785168512	0.351895512948789
户	5564	0.000697630213858015	0.356147872528767
亩	5461	0.00068471577963311	0.360295788189236
区	5394	0.000676315128244093	0.361652179931421
前	5331	0.000668416008281287	0.365683238769583
达	5277	0.000661645334027453	0.367009037094769
高	5174	0.000648730899802547	0.37158350523323
条	5098	0.000639201802704558	0.375438275775079
最	5097	0.000639076419848006	0.376077352194927
项	4927	0.000617761334234084	0.384268112682075
再	4818	0.000604094602869863	0.386695023253505
去	4792	0.000600834648599499	0.38910137103646
更	4743	0.000594690888628427	0.390888452890902
余	4559	0.00057162044302277	0.396667975663689
近	4415	0.000553565311679213	0.402869035600205
报	4407	0.000552562248826793	0.403421597849032
点	4338	0.000543910831724671	0.405610155610156
乡	4330	0.000542907768872251	0.407240007362481
办	4251	0.000533002523204605	0.41208367249396
外	4133	0.000518207346131412	0.41732918968069
应	3937	0.000493632306247126	0.424849528033851
很	3914	0.000490748500546418	0.426323905044052
局	3865	0.000484604740575347	0.428276492269144
进	3821	0.000479087894887038	0.430201119117224
图	3815	0.000478335597747723	0.430679454714972
水	3809	0.000477583300608408	0.431634997464759
共	3802	0.00047670562061254	0.432111703085371
走	3786	0.000474699494907701	0.433061227458043
占	3766	0.000472191837776651	0.434005736516453
万	3646	0.000457145894990353	0.439563457015998
看	3643	0.000456769746420696	0.440020226762419
成	3587	0.000449748306453757	0.4422816319632
吨	3555	0.000445736055044077	0.444069842263351
美	3536	0.00044335378076958	0.445402411262791
岁	3536	0.00044335378076958	0.44584576504356
镇	3496	0.000438338466507481	0.446726328845128
组	3426	0.000429561666548807	0.44931611174722
却	3356	0.000420784866590133	0.452711981034087
抓	3321	0.000416396466610796	0.455219136633711
场	3319	0.000416145700897691	0.455635282334609
部	3307	0.000414641106619061	0.456465066079273
分	3204	0.000401726672394156	0.462597165444685
米	3200	0.000401225140967946	0.462998390585653
只	3166	0.000396962123845161	0.465787782995376
送	3150	0.000394955998140321	0.466578071140226
委	3062	0.000383922306763703	0.470468951944763
处	3017	0.000378280078218841	0.47160742828226
长	2992	0.000375145506805029	0.473488672661973
无	2991	0.000375020123948477	0.473863692785922
号	2950	0.000369879426829825	0.476468020099373
非	2909	0.000364738729711173	0.479403358154123
仅	2908	0.000364613346854621	0.479767971500978
路	2902	0.000363861049715306	0.480496069748978
正	2802	0.000351322764060057	0.487988196959415
国	2781	0.000348689724072455	0.4886863287047
站	2778	0.000348313575502798	0.489034642280202
带	2777	0.000348188192646245	0.489731018665495
级	2761	0.000346182066941406	0.490772574054877
队	2699	0.000338408329835152	0.492821079165231
车	2698	0.000338282946978599	0.49315936211221
批	2694	0.000337781415552389	0.493497143527762
方	2674	0.00033527375842134	0.495176521508426
件	2650	0.00033226456986408	0.496510218953575
山	2646	0.00033176303843787	0.497505884217458
才	2642	0.00033126150701166	0.498168783380051
总	2637	0.000330634592728898	0.498830554096935
建	2615	0.000327876169884743	0.499487058733844
数	2566	0.000321732409913671	0.501112396703334
强	2558	0.000320729347061252	0.501754231546026
月	2542	0.000318723221356412	0.503671084657
州	2538	0.000318221689930202	0.50398930634693
厂	2526	0.000316717095651572	0.504623868983943
军	2518	0.000315714032799152	0.505888355092274
台	2498	0.000313206375668103	0.507459903816303
线	2436	0.000305432638561849	0.509306542527608
受	2423	0.000303802661426666	0.510828815789012
钱	2402	0.000301169621439064	0.512645613380457
头	2378	0.000298160432881805	0.513844022723386
民	2369	0.000297031987172832	0.5147359963649
入	2345	0.000294022798615573	0.51562270392644
百	2303	0.000288756718640368	0.518537604575572
低	2268	0.000284368318661031	0.520823710199093
老	2259	0.000283239872952059	0.521673429817949
找	2258	0.000283114490095507	0.521956544308045
学	2222	0.000278600707259617	0.523638806094409
全	2202	0.000276093050128568	0.525579231182416
花	2187	0.00027421230728028	0.526678086537242
防	2179	0.00027320924442786	0.52695129578167
未	2178	0.000273083861571308	0.527224379643241
想	2178	0.000273083861571308	0.527770547366384
日	2177	0.000272958478714756	0.528043505845098
行	2151	0.000269698524444391	0.529944184567577
事	2145	0.000268946227305076	0.530213130794883
林	2120	0.000265811655891264	0.531282521178419
西	2118	0.000265560890178159	0.531548082068597
开	2094	0.000262551701620899	0.533127279146875
重	2083	0.000261172490198822	0.534172596021953
酒	2056	0.000257787153071905	0.53702768904851
吃	2050	0.00025703485593259	0.537542385674658
均	2046	0.00025653332450638	0.53805582847224
药	1998	0.000250514947391861	0.542605345422247
贵	1987	0.000249135735969784	0.543603769108974
曾	1970	0.000247004227408392	0.544099156775213
手	1932	0.000242239678859397	0.547277612188819
公	1927	0.000241612764576635	0.548244188629982
农	1910	0.000239481256015243	0.549205248225457
片	1907	0.000239105107445585	0.549683834588918
超	1873	0.000234842090322801	0.552049056794924
城	1844	0.000231205987482779	0.554375034166829
网	1826	0.000228949096064834	0.556904884063488
信	1823	0.000228572947495177	0.557362406107048
黔	1809	0.000226817587503442	0.558499753998836
东	1801	0.000225814524651022	0.558951884579564
改	1793	0.000224811461798602	0.560079076459971
没	1792	0.00022468607894205	0.560753134696797
校	1774	0.000222429187524105	0.5627671595216
例	1756	0.00022017229610616	0.56409245631536
院	1753	0.000219796147536503	0.564312252462896
双	1752	0.00021967076467995	0.564531923227576
仍	1748	0.00021916923325374	0.56540935245773
相	1737	0.000217790021831663	0.566938521776244
接	1727	0.000216536193266138	0.567372346459916
生	1717	0.000215282364700613	0.568235482044423
发	1710	0.000214404684704746	0.568664416796689
心	1709	0.000214279301848193	0.568878696098538
住	1705	0.000213777770421984	0.569306502405095
业	1699	0.000213025473282669	0.569946581887795
便	1691	0.000212022410430249	0.570371504388651
少	1661	0.000208260924733674	0.572257513316914
获	1653	0.000207257861881254	0.572464771178795
约	1650	0.000206881713311597	0.573085917850156
制	1639	0.00020550250188952	0.574941082595707
写	1627	0.00020399790761089	0.577397834286996
金	1624	0.000203621759041232	0.577601456046037
段	1614	0.000202367930475708	0.578615301824121
期	1604	0.000201114101910183	0.580228979187951
类	1603	0.00020098871905363	0.581033310212735
商	1599	0.00020048718762742	0.581233797400363
放	1592	0.000199609507631553	0.58183362898611
书	1576	0.000197603381926713	0.583224626396703
搞	1567	0.000196474936217741	0.584012030735853
保	1565	0.000196224170504636	0.584404604459719
权	1555	0.000194970341939111	0.584990267782675
支	1550	0.000194343427656349	0.585379330786558
买	1540	0.000193089599090824	0.586927182150698
辆	1539	0.000192964216234271	0.587313110583166
座	1538	0.000192838833377719	0.587698913632778
难	1536	0.000192588067664614	0.587891501700443
原	1524	0.000191083473385984	0.588465253652027
见	1515	0.000189955027677012	0.589226076825588
伊	1502	0.000188325050541829	0.590171087415424
早	1498	0.00018782351911562	0.590547110602225
块	1483	0.000185942776267332	0.592038288915204
厅	1475	0.000184939713414912	0.592779301597429
道	1470	0.00018431279913215	0.593332741526251
驻	1466	0.00018381126770594	0.593884927626509
份	1466	0.00018381126770594	0.594068738894215
病	1458	0.00018280820485352	0.594801476307907
干	1452	0.000182055907714205	0.59553057761876
讲	1450	0.0001818051420011	0.595712382760761
间	1444	0.000181052844861785	0.595893435605623
称	1443	0.000180927462005233	0.596074363067628
转	1414	0.000177291359165211	0.598945881248393
口	1414	0.000177291359165211	0.599123172607558
快	1409	0.000176664444882449	0.599830582684227
证	1407	0.000176413679169344	0.600359949104592
税	1388	0.000174031404894846	0.601060337741294
江	1375	0.000172401427759664	0.602274294558435
风	1352	0.000169517622058957	0.603985770550377
请	1346	0.000168765324919642	0.605000995539882
太	1342	0.000168263793493432	0.605169259333375
交	1339	0.000167887644923775	0.60567317303386
拉	1328	0.000166508433501697	0.607174005826793
黄	1327	0.000166383050645145	0.60750689731094
机	1324	0.000166006902075488	0.608005294165736
版	1319	0.000165379987792725	0.608501810277684
话	1315	0.000164878456366515	0.608666688734051
案	1311	0.000164376924940305	0.609324948730951
查	1311	0.000164376924940305	0.609489325655891
俱	1302	0.000163248479231333	0.610307950326323
牛	1297	0.00016262156494857	0.610796316552595
团	1297	0.00016262156494857	0.610958938117543
筑	1296	0.000162496182092018	0.611121434299635
张	1289	0.000161618502096151	0.611931282170108
海	1286	0.000161242353526493	0.61241563614497
卖	1284	0.000160991587813388	0.612737744703453
石	1282	0.000160740822100283	0.613220092552611
面	1264	0.000158483930682339	0.615131428817897
越	1261	0.000158107782112681	0.615606253695661
先	1247	0.000156352422120946	0.617020948466143
节	1245	0.000156101656407841	0.617645982006057
房	1245	0.000156101656407841	0.617802083662465
女	1238	0.000155223976411974	0.618735935178068
门	1222	0.000153217850707134	0.620431863695797
需	1220	0.000152967084994029	0.620737923248641
通	1210	0.000151713256428504	0.62165045967863
系	1208	0.000151462490715399	0.622104847150776
寨	1197	0.000150083279293322	0.623159191591526
红	1181	0.000148077153588482	0.624947652657391
卡	1180	0.00014795177073193	0.625243556198855
情	1167	0.000146321793596748	0.626271319474015
草	1163	0.000145820262170538	0.627001423847721
茶	1159	0.000145318730744328	0.627146742578465
身	1159	0.000145318730744328	0.627292061309209
现	1154	0.000144691816461565	0.627871580872195
桥	1147	0.000143814136465698	0.628736722582407
医	1145	0.000143563370752593	0.62888028595316
楼	1141	0.000143061839326383	0.629596347446931
监	1134	0.000142184159330516	0.629881593445588
加	1134	0.000142184159330516	0.630023777604918
树	1131	0.000141808010760858	0.630734196870145
主	1127	0.000141306479334648	0.631300300467479
问	1121	0.000140554182195333	0.632426113136464
治	1114	0.000139676502199466	0.633126125624597
班	1108	0.000138924205060151	0.633822251244176
煤	1108	0.000138924205060151	0.633961175449236
核	1107	0.000138798822203599	0.63409997427144
代	1106	0.000138673439347046	0.634377321150134
科	1103	0.000138297290777389	0.634931137227526
真	1101	0.000138046525064284	0.635345402185576
瓦	1091	0.000136792696498759	0.636442627563267
收	1086	0.000136165782215997	0.637397668781627
巴	1079	0.000135288102220129	0.638754938203807
爱	1077	0.000135037336507024	0.639025263642535
创	1067	0.000133783507941499	0.640099167808907
投	1062	0.000133156593658737	0.640898859667999
养	1057	0.000132529679375975	0.641961980908707
抢	1051	0.00013177738223666	0.642754400562119
字	1050	0.000131651999380107	0.643149481943116
物	1050	0.000131651999380107	0.643281133942496
款	1046	0.000131150467953897	0.643675463026354
实	1044	0.000130899702240792	0.643806362728594
群	1044	0.000130899702240792	0.644199061835317
增	1039	0.00013027278795803	0.644590757879187
反	1037	0.000130022022244925	0.645241244138981
动	1035	0.00012977125653182	0.64589047657021
深	1028	0.000128893576535953	0.646924508988198
明	1028	0.000128893576535953	0.647053402564734
回	1028	0.000128893576535953	0.64718229614127
展	1025	0.000128517427966295	0.647696365853135
立	1024	0.000128392045109743	0.648081541988464
工	1019	0.00012776513082698	0.648721245322595
盘	1018	0.000127639747970428	0.648848885070566
变	1011	0.00012676206797456	0.649484200004717
周	1011	0.00012676206797456	0.649610962072692
集	1010	0.000126636685118008	0.649864235442928
河	1004	0.000125884387978693	0.65024239013829
听	1002	0.000125633622265588	0.650493782765678
刚	1001	0.000125508239409035	0.650744799244496
幅	994	0.000124630559413168	0.651745103674071
声	990	0.000124129027986958	0.652616012995685
设	985	0.000123502113704196	0.653358154123619
载	970	0.000121621370855909	0.654092521514447
轮	968	0.000121370605142804	0.65421389211959
套	960	0.000120367542290384	0.654818613636742
子	959	0.000120242159433831	0.654938855796176
华	958	0.000120116776577279	0.655058972572753
关	957	0.000119991393720726	0.655419197519629
产	949	0.000118988330868306	0.656493352451714
北	948	0.000118862948011754	0.656731078347737
极	946	0.000118612182298649	0.657443252972956
法	936	0.000117358353733124	0.659214160438903
园	931	0.000116731439450362	0.66038423325625
运	931	0.000116731439450362	0.660500964695701
首	931	0.000116731439450362	0.660734427574601
室	929	0.000116480673737257	0.661084120361526
诚	928	0.000116355290880704	0.661200475652407
满	928	0.000116355290880704	0.661316830943288
推	926	0.000116104525167599	0.661549290759336
包	923	0.000115728376597942	0.662592601508709
南	923	0.000115728376597942	0.662708329885307
力	920	0.000115352228028284	0.66340069401919
读	919	0.000115226845171732	0.663515920864362
乱	904	0.000113346102323445	0.665115555348258
跑	900	0.000112844570897235	0.665568187460413
联	891	0.000111716125188262	0.666802707066029
矿	886	0.0001110892109055	0.667359281566265
远	883	0.000110713062335843	0.668024813768846
洞	882	0.00011058767947929	0.66835670219014
基	880	0.000110336913766185	0.668577501400529
猪	876	0.000109835382339975	0.669017845992741
属	875	0.000109709999483423	0.669347101374048
左	873	0.000109459233770318	0.669785439840556
步	867	0.000108706936631003	0.670875142246853
观	865	0.000108456170917898	0.671201012291033
清	865	0.000108456170917898	0.671417924632869
龙	862	0.00010808002234824	0.672067658595524
价	856	0.000107327725208925	0.672821084180548
活	853	0.000106951576639268	0.673035363482396
富	853	0.000106951576639268	0.673142315059036
土	850	0.000106575428069611	0.673675944496523
王	850	0.000106575428069611	0.673782519924592
竹	848	0.000106324662356506	0.674208320105445
苗	846	0.000106073896643401	0.674314394002088
坝	840	0.000105321599504086	0.675475690019477
马	826	0.000103566239512351	0.677564066878215
流	824	0.000103315473799246	0.678081271161494
菜	823	0.000103190090942694	0.678287651343379
香	823	0.000103190090942694	0.678390841434322
歌	817	0.000102437793803379	0.679522421714708
排	817	0.000102437793803379	0.679624859508512
赴	810	0.000101560113807511	0.680644598280853
化	810	0.000101560113807511	0.680746158394661
度	807	0.000101183965237854	0.680948777090849
教	807	0.000101183965237854	0.681049961056087
牌	807	0.000101183965237854	0.681151145021325
派	804	0.000100807816668196	0.681454070002756
银	800	0.000100306285241986	0.682158094742298
准	797	9.9930136672329e-005	0.682658497722799
留	794	9.95539881026715e-005	0.682957661218533
架	785	9.84255423936992e-005	0.684736969335869
文	784	9.83001595371467e-005	0.684933569654943
患	783	9.81747766805942e-005	0.685228344750698
诗	782	9.80493938240417e-005	0.685424443538347
抗	777	9.74224795412793e-005	0.686010733775586
枚	777	9.74224795412793e-005	0.68630300121421
引	772	9.67955652585169e-005	0.687177170490094
古	771	9.66701824019644e-005	0.687370636237754
特	771	9.66701824019644e-005	0.687563976602558
句	762	9.5541736692992e-005	0.688428616781344
短	756	9.47894395536772e-005	0.689569350010258
篇	755	9.46640566971247e-005	0.690042795676601
选	754	9.45386738405722e-005	0.690137334350441
量	752	9.42879081274672e-005	0.690326035549553
修	747	9.36609938447048e-005	0.691264526230848
副	747	9.36609938447048e-005	0.691358187224693
坐	744	9.32848452750474e-005	0.691638543291944
含	744	9.32848452750474e-005	0.691731828137219
右	744	9.32848452750474e-005	0.691825112982494
额	743	9.31594624184949e-005	0.691918272444912
假	742	9.30340795619424e-005	0.692197625449311
提	740	9.27833138488374e-005	0.692383442842722
负	737	9.240716527918e-005	0.693309269855506
层	736	9.22817824226275e-005	0.693586365968487
具	734	9.20310167095225e-005	0.694323742547872
油	726	9.10279538571027e-005	0.696061423556832
落	725	9.09025710005502e-005	0.696334382035547
安	723	9.06518052874452e-005	0.696697365405267
畜	721	9.04010395743402e-005	0.697240774705565
招	719	9.01502738612353e-005	0.697872955068303
言	718	9.00248910046828e-005	0.697962979959308
溪	717	8.98995081481303e-005	0.698322828757613
田	708	8.8771062439158e-005	0.700197553228786
完	708	8.8771062439158e-005	0.700286324291225
光	699	8.76426167301856e-005	0.70178565248988
易	698	8.75172338736331e-005	0.702136097573944
摆	696	8.72664681605282e-005	0.70265994714862
画	695	8.71410853039757e-005	0.702747088233924
限	694	8.70157024474232e-005	0.703095401809427
羊	694	8.70157024474232e-005	0.703182417511874
资	693	8.68903195908707e-005	0.703269307831465
居	690	8.65141710212133e-005	0.703702756366567
京	689	8.63887881646608e-005	0.704048311519226
烟	689	8.63887881646608e-005	0.70413470030739
指	687	8.61380224515558e-005	0.70447950316291
俄	687	8.61380224515558e-005	0.704651779207813
序	686	8.60126395950033e-005	0.70499595514905
求	685	8.58872567384509e-005	0.705167729662526
笔	680	8.52603424556884e-005	0.706108853383809
粮	679	8.5134959599136e-005	0.706449518605062
换	678	8.50095767425835e-005	0.706534528181805
定	676	8.47588110294785e-005	0.706959199916948
广	674	8.45080453163735e-005	0.707551759297015
帮	672	8.42572796032686e-005	0.707720399239078
挂	671	8.41318967467161e-005	0.708057052208922
店	664	8.32542167508487e-005	0.708893105096413
街	661	8.28780681811913e-005	0.709473753105108
差	660	8.27526853246388e-005	0.709556505790433
渡	654	8.20003881853239e-005	0.710875031909939
直	653	8.18750053287714e-005	0.710956906915267
飞	653	8.18750053287714e-005	0.711038781920596
购	653	8.18750053287714e-005	0.711120656925925
气	651	8.16242396156664e-005	0.711610903895045
德	648	8.1248091046009e-005	0.712099771652743
股	647	8.11227081894565e-005	0.712343390543025
杯	647	8.11227081894565e-005	0.712424513251214
游	644	8.07465596197991e-005	0.712909619523216
列	630	7.89911996280643e-005	0.715307441271925
穿	628	7.87404339149593e-005	0.715938242423241
社	623	7.81135196321969e-005	0.716486667037801
控	622	7.79881367756444e-005	0.716877109253105
坡	622	7.79881367756444e-005	0.716955097389881
亮	621	7.78627539190919e-005	0.7170329601438
质	620	7.77373710625395e-005	0.717499509753032
政	617	7.7361222492882e-005	0.71858482375935
铁	616	7.72358396363295e-005	0.718971002957532
单	606	7.59820110708047e-005	0.720578661944248
苦	606	7.59820110708047e-005	0.720654643955319
令	604	7.57312453576997e-005	0.720730375200677
利	603	7.56058625011473e-005	0.721184261141396
领	600	7.52297139314898e-005	0.721787352681414
计	596	7.47281825052799e-005	0.722462037832523
克	589	7.38505025094125e-005	0.723799622146225
旧	589	7.38505025094125e-005	0.723873472648734
喝	587	7.35997367963075e-005	0.724389673869161
务	583	7.30982053700976e-005	0.725489908435409
源	582	7.29728225135451e-005	0.725782175874033
半	582	7.29728225135451e-005	0.726001094341573
考	581	7.28474396569926e-005	0.726438304362372
费	580	7.27220568004401e-005	0.726729192589573
绿	579	7.25966739438877e-005	0.727019830051062
黑	575	7.20951425176777e-005	0.72832193101636
谋	573	7.18443768045728e-005	0.728681779814666
初	573	7.18443768045728e-005	0.72875362419147
调	572	7.17189939480203e-005	0.728969031939027
秀	570	7.14682282349153e-005	0.729612872907424
尔	570	7.14682282349153e-005	0.729684341135659
势	568	7.12174625218104e-005	0.729969587134316
死	567	7.10920796652579e-005	0.730396264995164
白	565	7.08413139521529e-005	0.730679755633829
检	565	7.08413139521529e-005	0.730821438261733
馆	563	7.05905482390479e-005	0.731810959765646
装	562	7.04651653824955e-005	0.732163661741128
磷	559	7.0089016812838e-005	0.732444770105519
湖	558	6.99636339562855e-005	0.732794839041014
钢	558	6.99636339562855e-005	0.732934766308926
奔	557	6.9838251099733e-005	0.733004604560026
理	557	6.9838251099733e-005	0.733074442811126
唱	557	6.9838251099733e-005	0.733144281062225
争	557	6.9838251099733e-005	0.733423634066624
拨	556	6.97128682431806e-005	0.733632772671354
热	556	6.97128682431806e-005	0.733702485539597
缺	555	6.95874853866281e-005	0.733980960864
果	553	6.93367196735231e-005	0.734397482713468
平	548	6.87098053907607e-005	0.735501604148269
体	548	6.87098053907607e-005	0.735570313953659
木	546	6.84590396776557e-005	0.735913110683474
战	545	6.83336568211032e-005	0.735981444340295
兴	545	6.83336568211032e-005	0.736049777997116
兼	543	6.80828911079983e-005	0.73645915302376
忙	539	6.75813596817883e-005	0.73720543178596
值	537	6.73305939686834e-005	0.73740767433358
试	536	6.72052111121309e-005	0.737609289966916
火	536	6.72052111121309e-005	0.737810905600252
效	535	6.70798282555784e-005	0.73814630474153
优	532	6.6703679685921e-005	0.738948504257754
眼	531	6.65782968293685e-005	0.739148364531098
常	527	6.60767654031585e-005	0.739612281100342
票	524	6.57006168335011e-005	0.739941411098793
今	524	6.57006168335011e-005	0.740007111715626
赛	523	6.55752339769486e-005	0.740400939268058
担	522	6.54498511203961e-005	0.740597288821419
评	521	6.53244682638436e-005	0.740858712077331
升	518	6.49483196941862e-005	0.741510577548547
率	517	6.48229368376337e-005	0.741899891318142
志	517	6.48229368376337e-005	0.742159183065493
净	516	6.46975539810812e-005	0.742288578173455
鱼	515	6.45721711245288e-005	0.74235315034458
笑	513	6.43214054114238e-005	0.74267500813735
补	511	6.40706396983188e-005	0.743060058889823
助	510	6.39452568417663e-005	0.743316216065759
凡	509	6.38198739852139e-005	0.74344385581373
顶	504	6.31929597024514e-005	0.744268749626988
示	500	6.26914282762415e-005	0.745023429040578
甲	499	6.2566045419689e-005	0.745148686514274
脑	496	6.21898968500316e-005	0.74552307972394
胜	490	6.14375997107167e-005	0.746819789226406
谈	487	6.10614511410592e-005	0.747370721498097
井	487	6.10614511410592e-005	0.747492844400379
停	486	6.09360682845067e-005	0.747797650124658
知	483	6.05599197148493e-005	0.748100825871802
卷	483	6.05599197148493e-005	0.748161385791517
型	481	6.03091540017443e-005	0.74852386762981
品	480	6.01837711451918e-005	0.748825037251249
史	480	6.01837711451918e-005	0.748885221022395
墙	480	6.01837711451918e-005	0.74894540479354
存	477	5.98076225755344e-005	0.749125078426979
鸡	477	5.98076225755344e-005	0.749184886049555
尚	476	5.96822397189819e-005	0.749483798779576
航	476	5.96822397189819e-005	0.749603163259014
青	475	5.95568568624294e-005	0.749901072926182
些	475	5.95568568624294e-005	0.750020186639907
伤	474	5.94314740058769e-005	0.750258037918787
背	473	5.93060911493245e-005	0.750495513049098
维	473	5.93060911493245e-005	0.750673431322546
表	472	5.9180708292772e-005	0.750732612030839
供	471	5.90553254362195e-005	0.750969209481153
销	471	5.90553254362195e-005	0.75102826480659
宽	470	5.8929942579667e-005	0.751382471376351
毒	470	5.8929942579667e-005	0.75150033126151
滩	469	5.88045597231145e-005	0.751912213945285
险	467	5.85537940100096e-005	0.752264038240771
式	466	5.84284111534571e-005	0.752381020445934
独	466	5.84284111534571e-005	0.752439448857088
血	464	5.81776454403521e-005	0.752672284821706
持	463	5.80522625837996e-005	0.75273033708429
跨	460	5.76761140141422e-005	0.753425334258161
营	459	5.75507311575897e-005	0.753598237217346
官	458	5.74253483010372e-005	0.753943040072866
屯	456	5.71745825879323e-005	0.754057514620898
儿	456	5.71745825879323e-005	0.754229038368662
毛	455	5.70491997313798e-005	0.754343136768124
角	455	5.70491997313798e-005	0.754514284367318
韩	453	5.67984340182748e-005	0.755026724102049
境	453	5.67984340182748e-005	0.755083522536067
皮	453	5.67984340182748e-005	0.755424313140177
铝	451	5.65476683051698e-005	0.755877321400901
师	450	5.64222854486174e-005	0.756159808976714
秒	448	5.61715197355124e-005	0.756553511146288
奇	446	5.59207540224074e-005	0.756833365682113
堡	445	5.57953711658549e-005	0.757056923315346
严	443	5.554460545275e-005	0.757390817862346
暨	443	5.554460545275e-005	0.757612996284157
春	443	5.554460545275e-005	0.757724085495062
男	442	5.54192225961975e-005	0.757835049323111
继	440	5.51684568830925e-005	0.758443532325961
职	440	5.51684568830925e-005	0.758498700782844
食	439	5.504307402654e-005	0.758553743856871
折	439	5.504307402654e-005	0.758608786930897
波	439	5.504307402654e-005	0.758663830004924
云	439	5.504307402654e-005	0.75871887307895
题	438	5.49176911699876e-005	0.758938794609343
解	436	5.46669254568826e-005	0.759650843851705
脚	436	5.46669254568826e-005	0.759705510777161
圈	434	5.44161597437776e-005	0.760196510043421
专	434	5.44161597437776e-005	0.760414174682396
沙	431	5.40400111741202e-005	0.761118951719078
球	431	5.40400111741202e-005	0.761335111763774
急	428	5.36638626044627e-005	0.762089164263081
阳	427	5.35384797479102e-005	0.762357358193247
取	426	5.34130968913578e-005	0.762731751402912
封	425	5.32877140348053e-005	0.762785039116947
普	425	5.32877140348053e-005	0.762891614545017
感	424	5.31623311782528e-005	0.762944776876195
记	424	5.31623311782528e-005	0.763210588532086
减	423	5.30369483217003e-005	0.763582348701764
岩	422	5.29115654651478e-005	0.763900319625981
番	422	5.29115654651478e-005	0.764164877453307
奖	421	5.27861826085953e-005	0.764376272949455
配	420	5.26607997520429e-005	0.764481719931816
欠	420	5.26607997520429e-005	0.764639702331072
斯	420	5.26607997520429e-005	0.764692363130824
结	416	5.21592683258329e-005	0.765793349994211
脸	416	5.21592683258329e-005	0.765897668530863
智	415	5.20338854692804e-005	0.766054020952984
印	413	5.17831197561755e-005	0.766417505854129
掉	412	5.1657736899623e-005	0.766572729830541
拟	412	5.1657736899623e-005	0.76672770304124
距	410	5.1406971186518e-005	0.767448529083561
愿	409	5.12815883299655e-005	0.767807500201871
环	408	5.11562054734131e-005	0.768114562817568
促	407	5.10308226168606e-005	0.768472029341599
格	406	5.09054397603081e-005	0.768727058071827
访	406	5.09054397603081e-005	0.768930679830868
喜	405	5.07800569037556e-005	0.769133925441339
根	405	5.07800569037556e-005	0.769184705498243
汛	405	5.07800569037556e-005	0.769235485555147
色	404	5.06546740472031e-005	0.769286140229194
乐	404	5.06546740472031e-005	0.769336794903241
残	404	5.06546740472031e-005	0.769438104251335
课	403	5.05292911906507e-005	0.769791934672526
性	401	5.02785254775457e-005	0.770144385882296
症	401	5.02785254775457e-005	0.770194664407773
输	399	5.00277597644407e-005	0.770595262634459
退	398	4.99023769078882e-005	0.770744969765182
讯	398	4.99023769078882e-005	0.770894676895906
传	393	4.92754626251258e-005	0.771936357668144
警	391	4.90246969120209e-005	0.772231508912468
致	391	4.90246969120209e-005	0.772378583003205
株	390	4.88993140554684e-005	0.772476381631315
船	390	4.88993140554684e-005	0.772525280945371
降	389	4.87739311989159e-005	0.772720752818736
遭	389	4.87739311989159e-005	0.772818300681134
迎	389	4.87739311989159e-005	0.772915848543532
预	389	4.87739311989159e-005	0.772964622474731
偏	384	4.81470169161535e-005	0.774029749841144
铺	384	4.81470169161535e-005	0.774126043874976
箱	383	4.8021634059601e-005	0.77446232069625
兵	381	4.7770868346496e-005	0.775084846579033
督	380	4.76454854899435e-005	0.77527555390385
翻	380	4.76454854899435e-005	0.775370844874829
呈	380	4.76454854899435e-005	0.775418490360319
紧	379	4.75201026333911e-005	0.775561176051076
英	378	4.73947197768386e-005	0.775940960723574
纳	378	4.73947197768386e-005	0.776035750163128
融	377	4.72693369202861e-005	0.776272472996299
夜	377	4.72693369202861e-005	0.77636701167014
企	375	4.70185712071811e-005	0.776932739118904
举	374	4.68931883506286e-005	0.777120437255163
盐	372	4.66424226375237e-005	0.777400793322415
赢	372	4.66424226375237e-005	0.777540720590327
救	372	4.66424226375237e-005	0.777587363012965
雨	370	4.63916569244187e-005	0.777819822829013
贫	369	4.62662740678662e-005	0.778236846209907
倒	368	4.61408912113137e-005	0.778375394266398
布	367	4.60155083547613e-005	0.778651863465096
夏	365	4.57647426416563e-005	0.779019109851938
合	365	4.57647426416563e-005	0.77906487459458
怀	365	4.57647426416563e-005	0.779110639337221
肉	364	4.56393597851038e-005	0.779521895106713
须	363	4.55139769285513e-005	0.779886383070711
遵	362	4.53885940719988e-005	0.780113451423928
困	362	4.53885940719988e-005	0.780295005800216
岗	362	4.53885940719988e-005	0.780431171582432
扩	361	4.52632112154464e-005	0.78074801406094
冬	359	4.50124455023414e-005	0.78101859026538
世	359	4.50124455023414e-005	0.781063602710883
速	357	4.47616797892364e-005	0.78155723501713
陈	355	4.45109140761315e-005	0.782138133791538
库	355	4.45109140761315e-005	0.782405199275994
挖	354	4.4385531219579e-005	0.782716023377388
涉	354	4.4385531219579e-005	0.782760408908607
算	354	4.4385531219579e-005	0.782804794439827
懂	352	4.4134765506474e-005	0.783291154540394
护	350	4.38839997933691e-005	0.783599094836087
怕	350	4.38839997933691e-005	0.78377463083526
秋	350	4.38839997933691e-005	0.78403793483402
贴	347	4.35078512237116e-005	0.784561909791554
戏	347	4.35078512237116e-005	0.784648925494001
瓶	346	4.33824683671591e-005	0.785039994623589
福	346	4.33824683671591e-005	0.785213524497058
纸	345	4.32570855106066e-005	0.785256781582568
竟	345	4.32570855106066e-005	0.785473067010121
梦	344	4.31317026540542e-005	0.785645969969307
空	343	4.30063197975017e-005	0.786550481896476
弱	341	4.27555540843967e-005	0.786979165883029
穷	339	4.25047883712917e-005	0.788045797843721
轻	338	4.23794055147393e-005	0.788554726858468
亚	337	4.22540226581868e-005	0.788639234903784
征	337	4.22540226581868e-005	0.788765996971759
献	337	4.22540226581868e-005	0.788808250994417
烧	336	4.21286398016343e-005	0.789229913541003
租	336	4.21286398016343e-005	0.789272042180805
般	335	4.20032569450818e-005	0.78939805195164
晚	335	4.20032569450818e-005	0.78956606497942
链	334	4.18778740885293e-005	0.789859711629466
艘	334	4.18778740885293e-005	0.789901589503554
饭	334	4.18778740885293e-005	0.789985345251731
货	333	4.17524912319768e-005	0.790235860199123
服	333	4.17524912319768e-005	0.790277612690355
参	333	4.17524912319768e-005	0.790361117672819
麻	332	4.16271083754244e-005	0.790611131088784
港	331	4.15017255188719e-005	0.790860517590467
颗	331	4.15017255188719e-005	0.790902019315986
贷	331	4.15017255188719e-005	0.790985022767024
萃	329	4.12509598057669e-005	0.791316284274036
精	325	4.0749428379557e-005	0.792218915458358
舞	325	4.0749428379557e-005	0.792300414315117
硬	324	4.06240455230045e-005	0.792910778060813
标	323	4.0498662666452e-005	0.793072898094336
星	323	4.0498662666452e-005	0.793315890070334
坪	323	4.0498662666452e-005	0.793437386058333
搬	322	4.03732798098995e-005	0.793760497679669
旁	321	4.0247896953347e-005	0.793881492136242
视	321	4.0247896953347e-005	0.793921740033195
显	321	4.0247896953347e-005	0.793961987930149
构	321	4.0247896953347e-005	0.794364466899682
微	321	4.0247896953347e-005	0.794404714796635
丁	320	4.01225140967946e-005	0.794525082338926
痛	320	4.01225140967946e-005	0.794765817423507
域	320	4.01225140967946e-005	0.795086797536281
奶	319	3.99971312402421e-005	0.795207039695715
板	319	3.99971312402421e-005	0.795327031089436
杨	319	3.99971312402421e-005	0.795487019614397
互	317	3.97463655271371e-005	0.795924731166622
刘	313	3.92448341009272e-005	0.796872500179301
压	313	3.92448341009272e-005	0.796950989847503
睡	312	3.91194512443747e-005	0.797107718418194
足	312	3.91194512443747e-005	0.797420674028149
铜	310	3.88686855312697e-005	0.79804470450521
禄	310	3.88686855312697e-005	0.798122441876273
义	310	3.88686855312697e-005	0.798200179247335
必	310	3.88686855312697e-005	0.798239047932866
沟	310	3.88686855312697e-005	0.798316785303929
味	309	3.87433026747173e-005	0.798394271909278
练	309	3.87433026747173e-005	0.798549245119977
客	309	3.87433026747173e-005	0.798704218330676
端	308	3.86179198181648e-005	0.798820072090131
踏	308	3.86179198181648e-005	0.79905177960904
响	306	3.83671541050598e-005	0.799743642211497
侗	306	3.83671541050598e-005	0.799782009365602
底	305	3.82417712485073e-005	0.800049827147199
川	304	3.81163883919548e-005	0.800202292700766
账	301	3.77402398222974e-005	0.800923244125942
洗	301	3.77402398222974e-005	0.801111945325054
司	301	3.77402398222974e-005	0.801225166044521
李	300	3.76148569657449e-005	0.801300395758452
母	300	3.76148569657449e-005	0.801413240329349
语	298	3.73640912526399e-005	0.801862988635803
玩	296	3.7113325539535e-005	0.802496422827107
塘	296	3.7113325539535e-005	0.802681989454805
旅	294	3.686255982643e-005	0.803237059360763
曲	294	3.686255982643e-005	0.803310784480416
肝	294	3.686255982643e-005	0.803458234719721
思	294	3.686255982643e-005	0.8035688223992
断	293	3.67371769698775e-005	0.803900083906212
器	293	3.67371769698775e-005	0.804047032614091
页	292	3.6611794113325e-005	0.804193730556257
亦	292	3.6611794113325e-005	0.80434017773271
破	292	3.6611794113325e-005	0.804413401320937
赚	291	3.64864112567726e-005	0.80452311132042
介	291	3.64864112567726e-005	0.804596084142934
卫	290	3.63610284002201e-005	0.805106141603389
许	290	3.63610284002201e-005	0.805142502631789
拥	290	3.63610284002201e-005	0.80528794674539
采	289	3.62356455436676e-005	0.805541721647053
复	288	3.61102626871151e-005	0.805831481428545
遍	288	3.61102626871151e-005	0.805867591691232
汇	287	3.59848798305626e-005	0.806300162546339
床	287	3.59848798305626e-005	0.806408117185831
研	287	3.59848798305626e-005	0.806480086945492
梯	286	3.58594969740101e-005	0.806767339069854
盖	284	3.56087312609052e-005	0.807232258701951
抱	284	3.56087312609052e-005	0.807410302358255
冠	284	3.56087312609052e-005	0.807552737283298
景	283	3.54833484043527e-005	0.807765762756581
雷	282	3.53579655478002e-005	0.808013770046841
禽	281	3.52325826912477e-005	0.808331740971058
峰	281	3.52325826912477e-005	0.808472671301823
细	281	3.52325826912477e-005	0.808507903884514
跃	281	3.52325826912477e-005	0.808543136467205
冷	280	3.51071998346952e-005	0.808683690649401
抵	279	3.49818169781428e-005	0.808859101265718
拒	279	3.49818169781428e-005	0.809068992167586
戴	278	3.48564341215903e-005	0.809383577754677
雪	278	3.48564341215903e-005	0.80945329062292
久	277	3.47310512650378e-005	0.809696784130345
栋	277	3.47310512650378e-005	0.80980097728414
形	276	3.46056684084853e-005	0.810285707407572
梵	273	3.42295198388279e-005	0.810938575941642
答	273	3.42295198388279e-005	0.811007034981319
编	271	3.39787541257229e-005	0.811552575790178
杀	271	3.39787541257229e-005	0.811688490806681
永	270	3.38533712691704e-005	0.811926091319848
籍	270	3.38533712691704e-005	0.812061504804925
章	269	3.37279884126179e-005	0.812365056700638
软	269	3.37279884126179e-005	0.812398784689051
肥	268	3.36026055560654e-005	0.812499592505719
屋	268	3.36026055560654e-005	0.812667605533499
习	268	3.36026055560654e-005	0.812701208139055
育	267	3.3477222699513e-005	0.81283524241271
导	266	3.33518398429605e-005	0.813202614182409
稳	266	3.33518398429605e-005	0.813269317862095
择	266	3.33518398429605e-005	0.813302669701938
移	266	3.33518398429605e-005	0.81343607706131
齐	265	3.3226456986408e-005	0.813569108272112
止	265	3.3226456986408e-005	0.813602334729099
遇	265	3.3226456986408e-005	0.813934599298963
划	264	3.31010741298555e-005	0.814034027904209
围	264	3.31010741298555e-005	0.814100230052469
勤	264	3.31010741298555e-005	0.814133331126599
寄	264	3.31010741298555e-005	0.814232634348989
册	264	3.31010741298555e-005	0.814265735423119
跳	263	3.2975691273303e-005	0.814397888953925
追	262	3.28503084167505e-005	0.814825569877625
似	262	3.28503084167505e-005	0.814924120802875
磋	261	3.27249255601981e-005	0.815088246962102
塔	261	3.27249255601981e-005	0.815186421738783
规	261	3.27249255601981e-005	0.815350046366583
扣	260	3.25995427036456e-005	0.815415245451991
状	260	3.25995427036456e-005	0.815610842708212
玉	260	3.25995427036456e-005	0.81567604179362
扶	260	3.25995427036456e-005	0.815806439964434
谷	259	3.24741598470931e-005	0.816131181562905
棵	258	3.23487769905406e-005	0.816292925447858
沪	258	3.23487769905406e-005	0.816389971778829
员	257	3.22233941339881e-005	0.816551464898069
返	256	3.20980112774356e-005	0.816809126668285
毕	256	3.20980112774356e-005	0.816905420702117
伏	256	3.20980112774356e-005	0.817033812747227
耳	255	3.19726284208832e-005	0.817226150049178
季	255	3.19726284208832e-005	0.817705739475492
剧	254	3.18472455643307e-005	0.817928795577299
术	254	3.18472455643307e-005	0.817960642822864
神	254	3.18472455643307e-005	0.817992490068428
糖	253	3.17218627077782e-005	0.818183322776101
付	253	3.17218627077782e-005	0.818310210226932
佳	253	3.17218627077782e-005	0.818405375815055
伍	252	3.15964798512257e-005	0.818721340613567
野	250	3.13457141381207e-005	0.819130214108784
侧	250	3.13457141381207e-005	0.819380979821889
订	250	3.13457141381207e-005	0.819600399820856
鸟	249	3.12203312815683e-005	0.819881633568103
议	248	3.10949484250158e-005	0.820286620194767
辅	248	3.10949484250158e-005	0.820442094936892
责	248	3.10949484250158e-005	0.820597569679017
劳	245	3.07187998553583e-005	0.821492677891946
罗	245	3.07187998553583e-005	0.821584834291512
添	244	3.05934169988059e-005	0.821829832393216
汉	243	3.04680341422534e-005	0.822226292985636
岭	242	3.03426512857009e-005	0.82249962761292
钙	241	3.02172684291484e-005	0.822832895245636
意	240	3.00918855725959e-005	0.823436237551366
拍	240	3.00918855725959e-005	0.823526513208083
素	239	2.99665027160434e-005	0.823856520886529
趟	239	2.99665027160434e-005	0.823886487389245
竞	239	2.99665027160434e-005	0.823946420394677
尖	239	2.99665027160434e-005	0.82400635340011
兰	238	2.9841119859491e-005	0.824544496620433
忘	237	2.97157370029385e-005	0.824723041808163
叶	237	2.97157370029385e-005	0.824871620493178
敢	236	2.9590354146386e-005	0.824960391555617
置	235	2.94649712898335e-005	0.825344815393807
刀	234	2.9339588433281e-005	0.825903396019749
鸭	234	2.9339588433281e-005	0.825991414785049
贤	232	2.90888227201761e-005	0.826459092839991
喊	232	2.90888227201761e-005	0.826517270485431
挑	232	2.90888227201761e-005	0.826575448130871
凸	232	2.90888227201761e-005	0.826633625776312
拖	231	2.89634398636236e-005	0.826720641478759
整	230	2.88380570070711e-005	0.826893920586514
俩	229	2.87126741505186e-005	0.827268689944749
粉	228	2.85872912939661e-005	0.827699129291294
砖	228	2.85872912939661e-005	0.827985002204233
乌	228	2.85872912939661e-005	0.828070764078115
犯	227	2.84619084374136e-005	0.82812768789499
锌	226	2.83365255808612e-005	0.828525653081687
累	226	2.83365255808612e-005	0.828695672235173
播	225	2.82111427243087e-005	0.828865315240088
肩	225	2.82111427243087e-005	0.829091004381883
守	224	2.80857598677562e-005	0.829372865043413
灯	224	2.80857598677562e-005	0.82954137960262
托	224	2.80857598677562e-005	0.829709894161827
氧	223	2.79603770112037e-005	0.830017709074664
吉	223	2.79603770112037e-005	0.830101590205697
彩	221	2.77096112980987e-005	0.8305742835749
桶	221	2.77096112980987e-005	0.830685122020092
演	221	2.77096112980987e-005	0.830795960465284
鞋	221	2.77096112980987e-005	0.830823670076582
暖	221	2.77096112980987e-005	0.83085137968788
乳	221	2.77096112980987e-005	0.830879089299178
昔	220	2.75842284415463e-005	0.831375730793982
舟	220	2.75842284415463e-005	0.831568820393073
末	219	2.74588455849938e-005	0.831843408848922
脱	218	2.73334627284413e-005	0.832253786938418
吹	216	2.70826970153363e-005	0.832960319335092
缴	216	2.70826970153363e-005	0.833014484729122
毁	216	2.70826970153363e-005	0.833149898214199
藏	216	2.70826970153363e-005	0.833176980911214
堆	215	2.69573141587838e-005	0.833230895539532
鲜	215	2.69573141587838e-005	0.83328481016785
宗	215	2.69573141587838e-005	0.833554383309438
洋	215	2.69573141587838e-005	0.833581340623596
宝	215	2.69573141587838e-005	0.833635255251914
免	213	2.67065484456789e-005	0.834117979249642
夺	213	2.67065484456789e-005	0.83425151199187
栽	212	2.65811655891264e-005	0.834358212802797
府	212	2.65811655891264e-005	0.834464537465153
池	212	2.65811655891264e-005	0.834597443293099
腿	212	2.65811655891264e-005	0.834863254948991
袋	211	2.64557827325739e-005	0.835048445428119
亲	211	2.64557827325739e-005	0.835074901210851
炸	211	2.64557827325739e-005	0.835180724341781
售	211	2.64557827325739e-005	0.835207180124514
哭	209	2.62050170194689e-005	0.835681001939425
造	209	2.62050170194689e-005	0.835785822007503
财	209	2.62050170194689e-005	0.8359168470926
松	209	2.62050170194689e-005	0.836047872177697
莫	209	2.62050170194689e-005	0.836074077194717
施	208	2.60796341629165e-005	0.836204726131244
慢	208	2.60796341629165e-005	0.836230805765407
鼠	207	2.5954251306364e-005	0.836413112438834
摄	207	2.5954251306364e-005	0.836465020941447
泰	207	2.5954251306364e-005	0.83651692944406
胸	207	2.5954251306364e-005	0.836594792197979
禁	206	2.58288684498115e-005	0.837008555624602
罪	205	2.5703485593259e-005	0.837189106938038
签	205	2.5703485593259e-005	0.837317624366004
私	205	2.5703485593259e-005	0.837420438308377
猫	205	2.5703485593259e-005	0.837446141793971
酸	205	2.5703485593259e-005	0.837471845279564
振	204	2.55781027367065e-005	0.837625690044554
堂	204	2.55781027367065e-005	0.837907049174658
横	204	2.55781027367065e-005	0.837983783482868
验	204	2.55781027367065e-005	0.838034939688342
终	203	2.5452719880154e-005	0.838416730486545
浮	203	2.5452719880154e-005	0.838467635926305
谱	202	2.53273370236016e-005	0.838772190884871
欲	202	2.53273370236016e-005	0.838848172895942
勇	202	2.53273370236016e-005	0.838974809581061
庆	201	2.52019541670491e-005	0.839126272071776
席	201	2.52019541670491e-005	0.83917667598011
损	201	2.52019541670491e-005	0.839327887705112
骨	201	2.52019541670491e-005	0.839378291613446
痰	201	2.52019541670491e-005	0.83942869552178
训	200	2.50765713104966e-005	0.839504176001424
颇	200	2.50765713104966e-005	0.839554329144045
绕	200	2.50765713104966e-005	0.839604482286666
榜	200	2.50765713104966e-005	0.839629558857977
衣	200	2.50765713104966e-005	0.83983017142846
                                                                                                                                                                                                                                                                                                                                                                                                                                                                                                                                                                                                                                                                                                                                                                                                                                                                                                                                                                                                                                                                                                                                                                                                                                                                                                                                                                                                                                                                                                                                                                                                                                                                                                                                                                                                                                                                                                                                                                                                                                                                                                                                                                                                                                                                                                                                                                                                                                                                                                                                                                                                                                                                                                                                                                                                                                                                                                                                                                                                                                                                                                                                                                                                                                                                                                                                                                                                                                                                                                                                                                                                                                                                                                                                                                                                                                                                                                                                                                                                                                                                                                                                                                                                                                                                                                                                                                                                                                                                                                                                                                                                                                                                                                                                                                                                                                                                                                                                                                                                                                                                                                                                                                                                                                                                                                                                                                                                                                                                                                                                                                                                                                                                                                                       