中	31398	0.00401317273655102	0.122325590015511
上	29158	0.00372686447074192	0.137608699681163
元	26263	0.00335683660042167	0.144374649703754
省	25438	0.00325138824359465	0.150945040955503
人	22870	0.00292315626743493	0.160050155072993
不	18420	0.00235437422151952	0.180102086791028
大	16373	0.00209273448039843	0.189003845350079
说	15995	0.00204441996054314	0.19309945952924
新	15621	0.00199661670544823	0.195096076234688
年	14098	0.00180195264793606	0.204633848155644
后	13667	0.00174686387000582	0.208182153408826
名	12905	0.00164946793315469	0.218312225554674
两	12511	0.00159910835425791	0.226414366028502
都	12453	0.00159169501523249	0.229599928934198
已	12192	0.00155833498961813	0.231158263923817
下	11699	0.00149532160790211	0.235701873849255
好	11434	0.00146145031752737	0.237163324166782
党	10126	0.00129426674088527	0.253617230133689
做	10051	0.00128468052662827	0.254901910660318
出	9794	0.00125183176577428	0.259958574772791
时	9482	0.00121195311446515	0.266101037420107
会	9400	0.0012014721868775	0.267302509606984
家	9244	0.00118153286122293	0.270876378098185
次	8925	0.00114075949658315	0.277850540694438
县	8904	0.00113807535659119	0.278988616051029
使	8158	0.00104272447878155	0.289741792123583
村	7637	0.000976132243742918	0.300733856655421
种	7021	0.000897397470645414	0.31102906731887
里	6914	0.000883721138305426	0.314590282007251
市	6875	0.000878736306891785	0.317232114840291
内	6614	0.000845376281277421	0.320665002073818
电	6511	0.000832211213697805	0.324855711498409
位	6287	0.000803580387116895	0.333040421231036
条	5995	0.000766258059609637	0.343199379835846
户	5817	0.00074350677777302	0.348474354000998
作	5756	0.000735709990177326	0.349210063991176
区	5732	0.000732642401615085	0.35214587406143
高	5699	0.000728424467342005	0.355797071347637
亩	5554	0.000709891119778469	0.358671913095216
小	5455	0.000697237316959227	0.361478884445856
天	5416	0.000692252485545587	0.362171136931402
达	5358	0.000684839146520172	0.362855976077922
前	5294	0.000676658910354198	0.363532634988276
项	4954	0.000633201405722459	0.37468242469869
届	4945	0.000632051060011619	0.375947038083473
最	4744	0.000606360005802855	0.383986804256535
更	4731	0.000604698395331641	0.384591502651867
余	4721	0.000603420233430708	0.385194922885297
去	4400	0.000562391236410742	0.396186731784755
点	4394	0.000561624339270182	0.396748356124025
报	4372	0.000558812383088129	0.399548936665161
近	4355	0.000556639507856542	0.400662599129444
外	4059	0.00051880591558891	0.409782923373555
共	4027	0.000514715797505923	0.410813249681898
看	3991	0.000510114414662562	0.414904645926786
乡	3963	0.000506535561339948	0.417954979303364
再	3928	0.000502061994686681	0.419966167054483
图	3874	0.00049515992042164	0.421959077090418
局	3817	0.000487874397586319	0.423923100667393
水	3798	0.000485445889974545	0.424408546557367
万	3733	0.000477137837618478	0.427294891762055
占	3726	0.000476243124287824	0.428247378010631
办	3642	0.000465506564319983	0.432481672756043
镇	3636	0.000464739667179423	0.432946412423223
应	3575	0.000456942879583728	0.437081777437503
很	3559	0.000454897820542235	0.437993362505249
成	3536	0.000451958048170088	0.43935089826023
吨	3389	0.000433169068226365	0.448200635629914
车	3368	0.000430484928234405	0.449928071439025
却	3321	0.000424477567300017	0.45120712805329
走	3308	0.000422815956828804	0.452901076020597
委	3298	0.00042153779492787	0.453322613815525
岁	3272	0.000418214573985443	0.454998923148599
组	3265	0.00041731986065479	0.455416243009254
米	3148	0.000402365366413868	0.460318505164094
部	3138	0.000401087204512934	0.460719592368607
国	3069	0.000392267887396493	0.464700938873825
进	3006	0.000384215467420612	0.46895338351823
只	3005	0.000384087651230518	0.469721558820691
强	2907	0.00037156166460137	0.473491241715115
观	2897	0.000370283502700437	0.474975315498289
长	2867	0.000366449016997636	0.476081820255927
处	2850	0.000364276141766049	0.477178099718357
美	2831	0.000361847634154275	0.478629196924487
无	2812	0.000359419126542502	0.479349952420423
场	2796	0.000357374067501008	0.480781238117089
级	2778	0.000355073376079328	0.482205749555679
件	2774	0.000354562111318954	0.482915257226887
分	2745	0.000350855441806247	0.48538287659283
带	2686	0.00034331428659074	0.487114785968594
农	2681	0.000342675205640273	0.487457461174235
方	2668	0.000341013595169059	0.488825605672994
总	2666	0.000340757962788873	0.489166363635783
仅	2621	0.000335006234234672	0.490852898264065
批	2618	0.000334622785664392	0.491522527283964
送	2612	0.000333855888523832	0.492190750325772
路	2598	0.000332066461862525	0.493520805599883
台	2597	0.000331938645672431	0.493852744245555
站	2564	0.000327720711399351	0.497477739212793
号	2553	0.000326314733308324	0.498785682286018
抓	2530	0.000323374960936177	0.500409459164964
月	2518	0.000321841166655057	0.501700658317287
正	2502	0.000319796107613563	0.502983805049634
数	2491	0.000318390129522536	0.503940381416293
百	2480	0.000316984151431509	0.505211513426771
才	2461	0.000314555643819736	0.507736522262065
入	2454	0.000313660930489082	0.508364738836374
重	2424	0.000309826444786282	0.510546689017458
山	2409	0.000307909201934882	0.512088919167124
非	2394	0.000305991959083481	0.512394911126207
钱	2389	0.000305352878133014	0.513311864473937
受	2363	0.000302029657190587	0.514829170466535
厂	2352	0.000300623679099561	0.515431312538065
老	2337	0.00029870643624816	0.51662933368781
民	2313	0.00029563884768592	0.517816107012827
建	2312	0.000295511031495826	0.518111618044323
未	2279	0.000291293097222746	0.519575241237082
队	2239	0.000286180449619012	0.521300887619532
信	2238	0.000286052633428919	0.521586940252961
低	2237	0.000285924817238825	0.5218728650702
头	2189	0.000279789640114344	0.524416918517818
军	2186	0.000279406191544064	0.524975986533286
花	2150	0.000274804808700704	0.527467635342966
全	2146	0.00027429354394033	0.527741928886906
事	2116	0.00027045905823753	0.529920811479427
找	2076	0.000265346410633796	0.533137305903127
想	2075	0.000265218594443702	0.533667743092014
开	2050	0.000262023189691369	0.535514814855053
均	2031	0.000259594682079595	0.536036177094444
州	2028	0.000259211233509315	0.536554727377653
线	2018	0.000257933071608381	0.536812660449261
款	2002	0.000255888012566888	0.538609883898164
城	1989	0.000254226402095674	0.541160583787667
发	1972	0.000252053526864087	0.543184297525415
日	1968	0.000251542262103714	0.543939435576486
吃	1954	0.000249752835442407	0.544689333163764
网	1940	0.0002479634087811	0.546181459366914
权	1914	0.000244640187838673	0.548151618121012
酒	1897	0.000242467312607086	0.549853618508296
公	1881	0.000240422253565592	0.551302159390623
行	1854	0.000236971216433072	0.553449087935621
接	1850	0.000236459951672699	0.553685547887294
获	1822	0.000232881098350085	0.555562145190245
真	1820	0.000232625465969898	0.556260149404344
手	1808	0.000231091671688778	0.556491241076033
保	1801	0.000230196958358124	0.557413051438986
版	1798	0.000229813509787844	0.557642864948774
曾	1784	0.000228024083126537	0.559474470952812
林	1781	0.000227640634556257	0.559702111587368
校	1775	0.000226873737415697	0.560156114694579
改	1766	0.000225723391704857	0.560834690847785
超	1766	0.000225723391704857	0.56106041423949
制	1761	0.00022508431075439	0.561736561885084
片	1753	0.000224061781233644	0.562410281023066
类	1734	0.00022163327362187	0.564863073710957
学	1721	0.000219971663150656	0.565965743982893
贵	1719	0.00021971603077047	0.566405176044434
没	1707	0.000218182236489349	0.567062151261513
黔	1700	0.000217287523158696	0.567715547625271
药	1688	0.000215753728877576	0.569664105443244
生	1685	0.000215370280307296	0.570094973820048
证	1681	0.000214859015546922	0.570309832835595
放	1679	0.000214603383166736	0.570953898617476
书	1678	0.000214475566976642	0.571168374184452
住	1676	0.000214219934596456	0.571382594119049
驻	1668	0.000213197405075709	0.572236789717443
约	1665	0.000212813956505429	0.572662417630454
转	1652	0.000211152346034215	0.573721758213947
石	1649	0.000210768897463935	0.574143679457445
黄	1646	0.000210385448893655	0.574354064906339
原	1646	0.000210385448893655	0.574564450355233
双	1643	0.000210002000323375	0.575194456356203
快	1642	0.000209874184133282	0.575614204724469
心	1620	0.000207062227951228	0.577486328460767
相	1616	0.000206550963190855	0.57810662043129
仍	1607	0.000205400617480014	0.57913426259964
煤	1604	0.000205017168909734	0.57933927976855
买	1602	0.000204761536529548	0.579748802841609
支	1578	0.000201693947967307	0.581368617418662
西	1565	0.000200032337496094	0.581969992593051
商	1544	0.000197348197504133	0.583760058335309
禽	1541	0.000196964748933853	0.584154115649367
节	1536	0.000196325667983386	0.58435044131735
便	1512	0.000193258079421146	0.586297337524852
案	1510	0.000193002447040959	0.586683598051314
金	1494	0.000190957387999466	0.588217903597195
少	1492	0.000190701755619279	0.588599434924623
防	1490	0.000190446123239092	0.588980327171101
交	1474	0.000188401064197599	0.590305269797609
座	1469	0.000187761983247132	0.590869322644491
口	1458	0.000186356005156105	0.591616791724157
拉	1447	0.000184950027065078	0.592544865080425
段	1437	0.000183671865164145	0.593467314524328
病	1429	0.000182649335643398	0.594930682084707
称	1428	0.000182521519453305	0.59511320360416
难	1427	0.000182393703263211	0.595477991010687
搞	1420	0.000181498989932558	0.595841116806742
东	1417	0.000181115541362278	0.596203475705657
院	1412	0.000180476460411811	0.596745927616413
写	1386	0.000177153239469384	0.599609777171644
见	1368	0.000174852548047704	0.601370828638751
份	1363	0.000174213467097237	0.601894235937183
通	1346	0.00017204059186565	0.602585465893208
道	1330	0.000169995532824156	0.603612085532038
厅	1324	0.000169228635683596	0.604459762504737
红	1319	0.000168589554733129	0.605135015437
期	1317	0.000168333922352943	0.605640272836439
门	1311	0.000167567025212383	0.606479386124402
海	1308	0.000167183576642103	0.606981320302898
张	1303	0.000166544495691636	0.6079825045199
面	1300	0.000166161047121356	0.608647404340765
辆	1294	0.000165394149980796	0.608978959537867
块	1281	0.000163732539509582	0.610458304122008
请	1274	0.000162837826178929	0.611274410495754
税	1259	0.000160920583327528	0.613701000864676
间	1256	0.000160537134757248	0.613861537999433
爱	1243	0.000158875524286035	0.615616965554175
女	1243	0.000158875524286035	0.615775841078462
求	1243	0.000158875524286035	0.615934716602748
太	1241	0.000158619891905848	0.616569707435131
卖	1236	0.000157980810955381	0.616885924689422
房	1234	0.000157725178575195	0.617201630678953
问	1228	0.000156958281434634	0.618460236702802
代	1228	0.000156958281434634	0.618617194984237
机	1221	0.000156063568103981	0.619711301571436
业	1221	0.000156063568103981	0.620023428707644
主	1219	0.000155807935723794	0.620335300211471
讲	1218	0.000155680119533701	0.620490980331005
桥	1212	0.000154913222393141	0.621267591502012
筑	1203	0.000153762876682301	0.622963456712171
干	1201	0.000153507244302114	0.623424234077457
河	1193	0.000152484714781367	0.624341826506137
盘	1188	0.0001518456338309	0.624950103754792
查	1186	0.000151590001450714	0.625405129391524
诚	1177	0.000150439655739874	0.626612992387906
现	1157	0.000147883331938007	0.629003155142652
听	1154	0.000147499883367727	0.629445910425135
茶	1147	0.000146605170037073	0.630474191674436
越	1138	0.000145454824326233	0.631641536938559
需	1132	0.000144687927185673	0.632221822441582
伊	1126	0.000143921030045113	0.632510047950243
周	1124	0.000143665397664926	0.632653713347908
风	1121	0.000143281949094646	0.633083559195192
瓦	1119	0.000143026316714459	0.633226585511906
动	1119	0.000143026316714459	0.633512638145335
治	1117	0.000142770684334273	0.634083848698863
群	1115	0.000142515051954086	0.634226363750817
收	1111	0.000142003787193712	0.634794762348162
运	1109	0.000141748154813526	0.634936510502975
话	1103	0.000140981257672966	0.635500563349857
变	1102	0.000140853441482872	0.63564141679134
加	1098	0.000140342176722499	0.636063082402458
班	1098	0.000140342176722499	0.636343766755903
幅	1096	0.000140086544342312	0.636624067660778
创	1096	0.000140086544342312	0.636904240749462
江	1095	0.000139958728152219	0.637324116933919
早	1084	0.000138552750061192	0.638575181802553
树	1084	0.000138552750061192	0.638713734552614
粮	1069	0.000136635507209792	0.640088908941828
股	1061	0.000135612977689045	0.640905015315574
增	1055	0.000134846080548485	0.641851238570835
油	1041	0.000133056653887178	0.643859358733392
监	1039	0.000132801021506991	0.644125088592596
先	1037	0.000132545389126805	0.644655781413864
化	1035	0.000132289756746618	0.644920616559737
法	1033	0.000132034124366431	0.64518468480847
养	1033	0.000132034124366431	0.645316718932837
轮	1032	0.000131906308176338	0.645580531549189
情	1025	0.000131011594845684	0.646369413074445
身	1024	0.000130883778655591	0.646500296853101
首	1024	0.000130883778655591	0.646631180631757
立	1013	0.000129477800564564	0.648582422589722
团	1011	0.000129222168184377	0.649099566894839
牛	998	0.000127560557713164	0.651924688144473
实	996	0.000127304925332977	0.652051993069806
教	996	0.000127304925332977	0.652179297995139
展	996	0.000127304925332977	0.652306602920472
反	994	0.00012704929295279	0.65268800643171
猪	990	0.000126538028192417	0.653448512762766
字	990	0.000126538028192417	0.653828126847343
基	988	0.00012628239581223	0.653954409243155
华	986	0.000126026763432044	0.654080436006587
矿	985	0.00012589894724195	0.654710314191367
回	979	0.00012513205010139	0.655463534999587
巴	977	0.000124876417721203	0.65571341565122
卡	976	0.00012474860153111	0.656087661455813
推	975	0.000124620785341017	0.656212282241154
价	966	0.000123470439630177	0.657824555662992
产	957	0.000122320093919336	0.658192538474271
投	955	0.00012206446153915	0.658436795213539
楼	954	0.000121936645349056	0.658680668504237
工	953	0.000121808829158963	0.658802477333396
菜	946	0.00012091411582831	0.660620918269854
明	935	0.000119508137737283	0.662786252346226
套	924	0.000118102159646256	0.66444850189839
满	921	0.000117718711075976	0.664920143639834
远	914	0.000116823997745322	0.665740851396424
联	910	0.000116312732984949	0.66632356540706
寨	910	0.000116312732984949	0.666439878140044
集	908	0.000116057100604762	0.667020802724019
抢	908	0.000116057100604762	0.667136859824624
医	906	0.000115801468224576	0.667600576962282
刚	895	0.000114395490133549	0.669441769180577
度	894	0.000114267673943455	0.66955603685452
跑	891	0.000113884225373175	0.670012468469344
物	891	0.000113884225373175	0.670354121145463
龙	890	0.000113756409183082	0.670467877554646
声	888	0.000113500776802895	0.670922264110428
古	878	0.000112222614901962	0.672726006185025
系	872	0.000111455717761402	0.673508880349347
子	872	0.000111455717761402	0.673620336067109
包	871	0.000111327901571308	0.673843119686441
设	868	0.000110944453001028	0.674287664395586
深	863	0.000110305372050562	0.67484021378536
负	863	0.000110305372050562	0.67495051915741
极	859	0.000109794107290188	0.675720356070342
乱	853	0.000109027210149628	0.676485719416622
活	851	0.000108771577769441	0.677029705121659
科	849	0.000108515945389255	0.677246864828628
属	846	0.000108132496818975	0.677679778264474
牌	842	0.000107621232058601	0.678218395689527
假	831	0.000106215253967574	0.678858626985705
香	828	0.000105831805397294	0.679070290596499
力	828	0.000105831805397294	0.679176122401897
单	821	0.000104937092066641	0.679702086024131
南	817	0.000104425827306267	0.68001536350605
赴	814	0.000104042378735987	0.680640384675606
读	811	0.000103658930165707	0.680847830352127
光	810	0.000103531113975614	0.681055020396269
室	808	0.000103275481595427	0.681158295877864
王	807	0.000103147665405334	0.681261443543269
苗	807	0.000103147665405334	0.68146773887408
指	804	0.000102764216835054	0.681879179189991
提	803	0.000102636400644961	0.681981815590636
土	800	0.00010225295207468	0.682391466479885
居	797	0.0001018695035044	0.682901580894547
准	795	0.000101613871124214	0.683104936452986
排	790	0.000100974790173747	0.684117240678525
购	789	0.000100846973983654	0.684419909416666
社	788	0.00010071915779356	0.68452062857446
左	785	0.00010033570922328	0.68512366535932
层	784	0.000100207893033187	0.685223873252353
摆	784	0.000100207893033187	0.685324081145387
歌	776	9.918536351244e-005	0.686420104975437
溪	774	9.89297311322533e-005	0.686816462980917
量	769	9.82906501817866e-005	0.687210903743545
清	767	9.80350178015999e-005	0.687603043814751
枚	767	9.80350178015999e-005	0.687701078832553
坝	766	9.79072016115065e-005	0.687896893235776
独	766	9.79072016115065e-005	0.687994800437387
富	762	9.73959368511331e-005	0.689166747084353
洞	758	9.68846720907597e-005	0.689554541405097
竹	757	9.67568559006664e-005	0.689651298260997
关	757	9.67568559006664e-005	0.689844811972799
患	756	9.6629039710573e-005	0.69003807005222
挂	753	9.6245591140293e-005	0.690520064905062
修	749	9.57343263799196e-005	0.691095621209052
资	745	9.52230616195462e-005	0.691953906925529
派	740	9.45839806690794e-005	0.692712112565163
亮	738	9.43283482888927e-005	0.693184265571367
园	736	9.4072715908706e-005	0.693749724396341
言	735	9.39448997186127e-005	0.694031814727877
北	733	9.3689267338426e-005	0.694406955245801
步	726	9.27945540077725e-005	0.695338351823011
票	722	9.22832892473991e-005	0.695800662982578
选	721	9.21554730573057e-005	0.695892818455636
留	720	9.20276568672124e-005	0.696169029242427
草	719	9.1899840677119e-005	0.696260929083105
右	715	9.13885759167456e-005	0.696902310724993
具	710	9.07494949662789e-005	0.697904389655325
田	710	9.07494949662789e-005	0.697995139150291
计	709	9.06216787761855e-005	0.698448758808932
差	708	9.04938625860922e-005	0.698811117707847
句	703	8.98547816356254e-005	0.699982808722432
背	703	8.98547816356254e-005	0.700072663504068
气	698	8.92157006851587e-005	0.701145808236092
流	696	8.8960068304972e-005	0.701502287590262
笔	694	8.87044359247853e-005	0.702302033491676
定	688	8.79375387842252e-005	0.70353993329273
俄	688	8.79375387842252e-005	0.703891683447867
补	685	8.75540902139451e-005	0.704154729167079
绿	683	8.72984578337584e-005	0.704766713085246
烟	683	8.72984578337584e-005	0.70485401154308
马	680	8.69150092634784e-005	0.705289097854158
银	680	8.69150092634784e-005	0.705376012863421
特	674	8.61481121229183e-005	0.706846921579016
净	674	8.61481121229183e-005	0.706933069691139
务	673	8.60202959328249e-005	0.707019089987072
控	668	8.53812149823582e-005	0.707703673501212
核	665	8.49977664120781e-005	0.708469803744631
换	663	8.47421340318914e-005	0.708978767813583
完	663	8.47421340318914e-005	0.709063509947615
调	663	8.47421340318914e-005	0.709148252081647
坐	658	8.41030530814247e-005	0.709570428957525
质	658	8.41030530814247e-005	0.70990684116985
源	653	8.34639721309579e-005	0.710409414429298
街	652	8.33361559408646e-005	0.710743014685441
额	651	8.32083397507712e-005	0.711076231493015
文	650	8.30805235606779e-005	0.71165856205508
俱	650	8.30805235606779e-005	0.711824723102201
旧	649	8.29527073705845e-005	0.712073709040503
篇	649	8.29527073705845e-005	0.712156661747874
势	645	8.24414426102111e-005	0.712818238347797
落	644	8.23136264201178e-005	0.712982865600637
值	644	8.23136264201178e-005	0.713065179227057
墙	643	8.21858102300244e-005	0.713229550847517
列	641	8.19301778498377e-005	0.713639585185337
易	638	8.15467292795577e-005	0.713966922448166
直	637	8.14189130894643e-005	0.714129760274344
副	636	8.1291096899371e-005	0.714455052478132
含	636	8.1291096899371e-005	0.714536343575031
效	633	8.09076483290909e-005	0.715509280414022
架	630	8.05241997588109e-005	0.71639645258946
畜	626	8.00129349984374e-005	0.717118614063487
引	626	8.00129349984374e-005	0.717278639933484
杯	624	7.97573026182507e-005	0.717678321159906
平	623	7.96294864281574e-005	0.717997222554189
暨	622	7.9501670238064e-005	0.718315612683712
诗	619	7.9118221667784e-005	0.719188213813479
费	619	7.9118221667784e-005	0.719267332035147
轻	619	7.9118221667784e-005	0.719346450256814
铝	612	7.82235083371305e-005	0.720208698275184
店	612	7.82235083371305e-005	0.720286921783521
序	612	7.82235083371305e-005	0.720365145291858
短	610	7.79678759569438e-005	0.720989527380464
铁	604	7.72009788163837e-005	0.722619950701295
京	599	7.6561897865917e-005	0.723542527961389
检	598	7.64340816758236e-005	0.723848519920472
飞	597	7.63062654857303e-005	0.724154000614795
德	596	7.61784492956369e-005	0.724230179064091
令	595	7.60506331055436e-005	0.724458458779598
广	594	7.59228169154502e-005	0.724838328496555
白	587	7.50281035847968e-005	0.726349754944409
体	587	7.50281035847968e-005	0.726424783047994
帮	585	7.47724712046101e-005	0.726799284484968
尔	585	7.47724712046101e-005	0.72717314684099
安	584	7.46446550145167e-005	0.727247791496005
渡	584	7.46446550145167e-005	0.727471725461048
境	582	7.438902263433e-005	0.727769920632536
鱼	582	7.438902263433e-005	0.727844309655171
招	573	7.32386769234899e-005	0.729318030326947
装	572	7.31108607333965e-005	0.729683584630614
争	571	7.29830445433032e-005	0.730194849390987
利	568	7.25995959730231e-005	0.730776668688292
穿	565	7.22161474027431e-005	0.731066172358853
拨	561	7.17048826423697e-005	0.732144557554671
微	560	7.15770664522763e-005	0.732359288754028
官	558	7.13214340720896e-005	0.732573380872434
载	557	7.11936178819963e-005	0.732858155343962
缺	557	7.11936178819963e-005	0.732929348961844
访	557	7.11936178819963e-005	0.733000542579726
限	554	7.08101693117162e-005	0.733638984449243
担	553	7.06823531216229e-005	0.733780476971676
死	552	7.05545369315295e-005	0.734133377472524
木	549	7.01710883612495e-005	0.734555426532212
政	549	7.01710883612495e-005	0.734625597620573
维	549	7.01710883612495e-005	0.734695768708934
汇	542	6.9276375030596e-005	0.736229179541484
职	542	6.9276375030596e-005	0.736644837791668
井	539	6.8892926460316e-005	0.737127727357841
优	538	6.87651102702226e-005	0.737265257578381
儿	538	6.87651102702226e-005	0.737471552909192
减	534	6.82538455098492e-005	0.738362048305573
涉	533	6.81260293197558e-005	0.738771060113871
游	532	6.79982131296625e-005	0.739111051179519
领	531	6.78703969395691e-005	0.739382532767278
磷	523	6.68478674188223e-005	0.740730993572763
羊	523	6.68478674188223e-005	0.7408646893076
克	522	6.6720051228729e-005	0.741265265247353
存	518	6.62087864683556e-005	0.741862805936039
例	517	6.60809702782622e-005	0.742127385449533
宽	516	6.59531540881689e-005	0.742259291757709
唱	516	6.59531540881689e-005	0.742457151219973
珠	515	6.58253378980755e-005	0.742654882866048
停	515	6.58253378980755e-005	0.742720708203946
凡	514	6.56975217079822e-005	0.742786405725654
苦	513	6.55697055178888e-005	0.74291754513669
喝	512	6.54418893277955e-005	0.742982987026018
型	510	6.51862569476088e-005	0.743309557391706
速	510	6.51862569476088e-005	0.743374743648654
半	509	6.50584407575154e-005	0.743960908696422
供	508	6.49306245674221e-005	0.744025839320989
助	508	6.49306245674221e-005	0.744155700570124
画	507	6.48028083773287e-005	0.744285434003069
圈	507	6.48028083773287e-005	0.744415039619824
热	507	6.48028083773287e-005	0.744544645236578
伤	503	6.42915436169553e-005	0.745125825452933
板	502	6.4163727426862e-005	0.74538248036264
黑	502	6.4163727426862e-005	0.745446644090067
秀	502	6.4163727426862e-005	0.745574971544921
鸡	498	6.36524626664886e-005	0.74614963313558
兴	497	6.35246464763952e-005	0.746531036646819
眼	496	6.33968302863019e-005	0.746721227137678
馆	494	6.31411979061152e-005	0.747290136999784
考	493	6.30133817160218e-005	0.747794244053511
印	490	6.26299331457418e-005	0.748170662733336
参	490	6.26299331457418e-005	0.748295922599628
课	490	6.26299331457418e-005	0.748358552532774
示	489	6.25021169556484e-005	0.748608561000596
果	487	6.22464845754617e-005	0.749232048375872
岩	485	6.1990852195275e-005	0.749666751238379
初	485	6.1990852195275e-005	0.749728742090574
乐	483	6.17352198150883e-005	0.75016165552642
尚	483	6.17352198150883e-005	0.750285125966051
根	480	6.13517712448083e-005	0.751145968006329
坡	480	6.13517712448083e-005	0.751207319777574
些	479	6.12239550547149e-005	0.751452215597793
警	478	6.10961388646216e-005	0.751574407875522
降	477	6.09683226745282e-005	0.751635376198197
升	477	6.09683226745282e-005	0.751696344520871
战	477	6.09683226745282e-005	0.751879249488895
评	472	6.03292417240615e-005	0.75309145823574
持	469	5.99457931537814e-005	0.75369334467489
兵	469	5.99457931537814e-005	0.753933127847505
肉	466	5.95623445835014e-005	0.754710122467082
严	463	5.91788960132213e-005	0.755244266325482
常	462	5.9051079823128e-005	0.755658262965195
秋	461	5.89232636330346e-005	0.75595300709955
理	460	5.87954474429413e-005	0.756070597994436
环	460	5.87954474429413e-005	0.756246984336765
谈	459	5.86676312528479e-005	0.75636444741546
株	456	5.82841826825679e-005	0.757183877010149
青	452	5.77729179221945e-005	0.758286930730654
遭	452	5.77729179221945e-005	0.758344703648577
忙	449	5.73894693519144e-005	0.75897854413525
脚	449	5.73894693519144e-005	0.759035933604602
云	449	5.73894693519144e-005	0.759150712543306
胜	449	5.73894693519144e-005	0.75926549148201
谋	448	5.7261653161821e-005	0.759380142604523
湖	446	5.70060207816343e-005	0.760008486995022
春	444	5.67503884014476e-005	0.760463768264135
介	443	5.66225722113543e-005	0.760577141224747
表	443	5.66225722113543e-005	0.760633763796959
顶	443	5.66225722113543e-005	0.760803631513593
师	440	5.62391236410742e-005	0.761593152119799
试	439	5.61113074509809e-005	0.761929947780695
专	439	5.61113074509809e-005	0.761986059088146
岗	436	5.57278588807008e-005	0.762376793181262
掉	435	5.56000426906075e-005	0.762543593309333
性	435	5.56000426906075e-005	0.762599193352024
拟	434	5.54722265005141e-005	0.762821082258026
食	432	5.52165941203274e-005	0.762931771078647
险	432	5.52165941203274e-005	0.763097420861008
球	431	5.50887779302341e-005	0.76353864234921
弱	430	5.49609617401407e-005	0.76364869208888
救	429	5.48331455500474e-005	0.764142701663591
促	428	5.4705329359954e-005	0.764252112322311
火	426	5.44496969797673e-005	0.764797504005439
笑	423	5.40662484094873e-005	0.765285378403026
贷	423	5.40662484094873e-005	0.765393510899845
算	421	5.38106160293006e-005	0.765932639589658
空	420	5.36827998392072e-005	0.766201053588854
感	416	5.31715350788338e-005	0.766681898095986
脸	416	5.31715350788338e-005	0.766788241166144
融	414	5.29159026986471e-005	0.767318678355031
合	413	5.27880865085538e-005	0.767371466441539
智	412	5.26602703184604e-005	0.767476914798366
硬	409	5.22768217481804e-005	0.768053365815687
泛	408	5.2149005558087e-005	0.768105514821245
取	407	5.20211893679937e-005	0.768418153222214
偏	406	5.18933731779003e-005	0.768573833341747
阳	405	5.1765556987807e-005	0.768781279018269
跨	405	5.1765556987807e-005	0.768884810132245
航	405	5.1765556987807e-005	0.769091872360196
倒	403	5.15099246076203e-005	0.76945346436197
继	402	5.13821084175269e-005	0.769813650385653
川	402	5.13821084175269e-005	0.769967796710906
营	401	5.12542922274336e-005	0.770173197328386
配	400	5.11264760373402e-005	0.77027557809665
欠	399	5.09986598472469e-005	0.770479700552229
斯	397	5.07430274670602e-005	0.770937410328954
率	394	5.03595788967801e-005	0.771594513362224
域	394	5.03595788967801e-005	0.771695232520017
纸	391	4.99761303265001e-005	0.772296479878216
残	389	4.97204979463134e-005	0.772496128767142
输	389	4.97204979463134e-005	0.772595569763035
普	387	4.94648655661267e-005	0.773140833629973
舞	386	4.93370493760333e-005	0.773288972594291
毒	383	4.89536008057533e-005	0.773829635078386
传	381	4.86979684255666e-005	0.774610847632236
玩	380	4.85701522354732e-005	0.774805511689748
港	380	4.85701522354732e-005	0.774951222146455
题	380	4.85701522354732e-005	0.775048362450926
角	380	4.85701522354732e-005	0.775145502755397
铺	379	4.84423360453799e-005	0.775387970068004
显	378	4.83145198552865e-005	0.775678240635706
式	376	4.80588874750998e-005	0.77654636819882
距	374	4.78032550949131e-005	0.777073482166765
知	373	4.76754389048198e-005	0.777216508483479
梦	371	4.74198065246331e-005	0.777596889465197
讯	371	4.74198065246331e-005	0.777833988497821
毛	369	4.71641741444464e-005	0.778164776797782
赛	369	4.71641741444464e-005	0.778211940971926
奔	368	4.7036357954353e-005	0.778306013687835
赢	368	4.7036357954353e-005	0.778588231835561
预	367	4.69085417642597e-005	0.778916847260291
玉	365	4.6652909384073e-005	0.779290453983934
品	365	4.6652909384073e-005	0.779337106893318
呈	365	4.6652909384073e-005	0.779523718530855
血	364	4.65250931939796e-005	0.779989608543745
封	363	4.63972770038862e-005	0.780360914575966
互	362	4.62694608137929e-005	0.780499850774598
坪	362	4.62694608137929e-005	0.78077746753948
紧	359	4.58860122435129e-005	0.781330528194014
夏	359	4.58860122435129e-005	0.781376414206258
破	359	4.58860122435129e-005	0.781605844267475
堡	359	4.58860122435129e-005	0.781789388316449
标	358	4.57581960534195e-005	0.782018434929097
致	356	4.55025636732328e-005	0.78261124641875
扣	355	4.53747474831394e-005	0.782702123729906
格	355	4.53747474831394e-005	0.782747498477389
困	355	4.53747474831394e-005	0.782974372214805
迎	355	4.53747474831394e-005	0.783155871204737
销	354	4.52469312930461e-005	0.783336986746099
史	354	4.52469312930461e-005	0.783427480608685
布	352	4.49912989128594e-005	0.783923790874818
兼	351	4.4863482722766e-005	0.784238474334828
峰	351	4.4863482722766e-005	0.784373064782997
猴	351	4.4863482722766e-005	0.784417928265719
番	350	4.47356665326727e-005	0.784641606598382
结	349	4.46078503425793e-005	0.784820165815943
翻	349	4.46078503425793e-005	0.784909381516628
榜	348	4.4480034152486e-005	0.785176517353923
箱	348	4.4480034152486e-005	0.785265477422228
冬	347	4.43522179623926e-005	0.785398789708495
售	347	4.43522179623926e-005	0.785753607452194
奥	347	4.43522179623926e-005	0.785797959670157
晚	346	4.42244017722993e-005	0.785974857277246
退	346	4.42244017722993e-005	0.786019081679018
压	346	4.42244017722993e-005	0.786107530482563
夜	345	4.40965855822059e-005	0.786372493444627
男	342	4.37131370119259e-005	0.787119195627152
滩	341	4.35853208218325e-005	0.787512102595499
折	340	4.34575046317392e-005	0.787729517934848
甲	340	4.34575046317392e-005	0.787903347953375
懂	339	4.33296884416458e-005	0.788250368909478
贫	339	4.33296884416458e-005	0.788337028286362
举	338	4.32018722515525e-005	0.788466633903117
客	336	4.29462398713658e-005	0.78885442822386
喜	335	4.28184236812724e-005	0.7891971034295
今	335	4.28184236812724e-005	0.789239921853181
陈	332	4.24349751109924e-005	0.78992246030828
解	332	4.24349751109924e-005	0.790049765233613
屯	331	4.2307158920899e-005	0.79034655442701
抗	331	4.2307158920899e-005	0.790388861585931
须	331	4.2307158920899e-005	0.790515783062694
账	330	4.21793427308057e-005	0.790684883882187
萃	330	4.21793427308057e-005	0.79085360125311
世	330	4.21793427308057e-005	0.790937959938572
挖	330	4.21793427308057e-005	0.791233215337687
星	330	4.21793427308057e-005	0.791317574023149
纳	329	4.20515265407123e-005	0.791527831655852
记	328	4.1923710350619e-005	0.791737705839985
移	328	4.1923710350619e-005	0.792156942943491
色	327	4.17958941605256e-005	0.792198738837652
急	327	4.17958941605256e-005	0.792365922414294
棵	327	4.17958941605256e-005	0.792407718308455
卷	325	4.15402617803389e-005	0.79294927550588
皮	325	4.15402617803389e-005	0.793032356029441
雨	324	4.14124455902456e-005	0.793156721182402
味	324	4.14124455902456e-005	0.793280958519173
戏	324	4.14124455902456e-005	0.793405195855943
汛	324	4.14124455902456e-005	0.793529433192714
沙	323	4.12846294001522e-005	0.793694571710314
旁	322	4.11568132100589e-005	0.793942151670525
英	322	4.11568132100589e-005	0.794189092549785
遇	322	4.11568132100589e-005	0.794271406176205
饭	321	4.10289970199655e-005	0.794394620983455
细	320	4.09011808298722e-005	0.794517452342135
竟	319	4.07733646397788e-005	0.794925569437103
愿	319	4.07733646397788e-005	0.795047889531023
奇	316	4.03899160694988e-005	0.795696428879556
伍	316	4.03899160694988e-005	0.795817598627765
拒	315	4.02620998794054e-005	0.796018909127162
端	314	4.01342836893121e-005	0.796179701894299
曲	314	4.01342836893121e-005	0.796219836177988
漠	314	4.01342836893121e-005	0.796300104745367
盖	312	3.98786513091254e-005	0.796860578738927
池	312	3.98786513091254e-005	0.796940336041545
贴	312	3.98786513091254e-005	0.796980214692854
奖	310	3.96230189289387e-005	0.797735352743925
福	310	3.96230189289387e-005	0.797814598781783
侗	309	3.94952027388453e-005	0.798288796847029
搬	308	3.9367386548752e-005	0.798485633779773
护	307	3.92395703586586e-005	0.798524873350131
视	307	3.92395703586586e-005	0.79856411292049
扩	307	3.92395703586586e-005	0.798760310772283
库	307	3.92395703586586e-005	0.798799550342642
采	306	3.91117541685653e-005	0.798877773850979
亚	305	3.89839379784719e-005	0.799151172681589
追	303	3.87283055982852e-005	0.799734270140795
脑	302	3.86004894081919e-005	0.800160025869996
船	302	3.86004894081919e-005	0.80027582733822
颗	301	3.84726732180985e-005	0.800545902947887
藏	301	3.84726732180985e-005	0.800815211660414
洗	300	3.83448570280052e-005	0.801121970516638
整	298	3.80892246478185e-005	0.801542485782046
钢	298	3.80892246478185e-005	0.801694842680637
永	296	3.78335922676318e-005	0.802150251765939
怕	296	3.78335922676318e-005	0.802263752542742
乌	296	3.78335922676318e-005	0.802755589242221
答	295	3.77057760775384e-005	0.802981823898686
责	295	3.77057760775384e-005	0.803245764331229
底	294	3.75779598874451e-005	0.803471232090553
烧	294	3.75779598874451e-005	0.803508810050441
征	293	3.74501436973517e-005	0.803696060768928
复	292	3.73223275072584e-005	0.80380815556764
抱	291	3.7194511317165e-005	0.804441996054313
李	290	3.70666951270717e-005	0.804776235391407
册	290	3.70666951270717e-005	0.805072768952423
精	289	3.69388789369783e-005	0.805183841221614
必	289	3.69388789369783e-005	0.805368535616299
企	289	3.69388789369783e-005	0.80547935225311
议	288	3.6811062746885e-005	0.805884785208086
软	288	3.6811062746885e-005	0.805921596270833
许	286	3.65554303666983e-005	0.806508144767172
屋	286	3.65554303666983e-005	0.806544700197538
杀	285	3.64276141766049e-005	0.806872676541318
志	284	3.62997979865116e-005	0.80727235776774
韩	282	3.60441656063249e-005	0.807598161236288
般	282	3.60441656063249e-005	0.807634205401894
侧	282	3.60441656063249e-005	0.8076702495675
波	282	3.60441656063249e-005	0.807706293733107
梵	282	3.60441656063249e-005	0.807742337898713
章	282	3.60441656063249e-005	0.807814426229926
抵	280	3.57885332261382e-005	0.808353299287359
季	280	3.57885332261382e-005	0.808746973152847
习	278	3.55329008459515e-005	0.809423376430821
稳	276	3.52772684657648e-005	0.809883003450397
跳	275	3.51494522756714e-005	0.810199731969448
响	274	3.50216360855781e-005	0.810725823407872
踏	273	3.48938198954847e-005	0.811074761606827
育	273	3.48938198954847e-005	0.811109655426723
状	272	3.47660037053914e-005	0.811353273085041
挑	272	3.47660037053914e-005	0.811422805092452
糖	271	3.4638187515298e-005	0.811561613474894
床	271	3.4638187515298e-005	0.81173480441247
托	270	3.45103713252046e-005	0.812287737250813
灯	269	3.43825551351113e-005	0.812632329699305
鹅	269	3.43825551351113e-005	0.81273547736471
货	268	3.42547389450179e-005	0.813112535125485
剧	266	3.39991065648313e-005	0.813794945764394
脱	266	3.39991065648313e-005	0.813930942190654
痛	266	3.39991065648313e-005	0.813998940403784
赚	265	3.38712903747379e-005	0.814134809013853
齐	264	3.37434741846445e-005	0.814541008865969
语	264	3.37434741846445e-005	0.814574752340154
犯	264	3.37434741846445e-005	0.814608495814338
租	264	3.37434741846445e-005	0.814810956659446
尼	263	3.36156579945512e-005	0.81491180363343
鸟	262	3.34878418044578e-005	0.815280936790419
亲	261	3.33600256143645e-005	0.815681640546362
叶	261	3.33600256143645e-005	0.815848440674434
锰	260	3.32322094242711e-005	0.816114426166018
冠	260	3.32322094242711e-005	0.816214122794291
旅	259	3.31043932341778e-005	0.816446492627881
形	259	3.31043932341778e-005	0.81651270141435
划	258	3.29765770440844e-005	0.816644607722526
摄	258	3.29765770440844e-005	0.81684246718479
辅	258	3.29765770440844e-005	0.81700735007001
累	257	3.28487608539911e-005	0.81733596549474
足	257	3.28487608539911e-005	0.817368814255594
彩	256	3.27209446638977e-005	0.817565267739767
肝	256	3.27209446638977e-005	0.817630709629095
久	255	3.25931284738044e-005	0.817957663443354
暖	254	3.2465312283711e-005	0.818380351583993
谷	254	3.2465312283711e-005	0.818412816896277
籍	253	3.23374960936177e-005	0.81870398217731
链	252	3.22096799035243e-005	0.818929961201395
蓝	252	3.22096799035243e-005	0.819187638640622
秒	251	3.2081863713431e-005	0.81944454918271
振	250	3.19540475233376e-005	0.819476503230233
穷	250	3.19540475233376e-005	0.81954041132528
杨	250	3.19540475233376e-005	0.819891905848036
迈	249	3.18262313332443e-005	0.820019210773369
冷	248	3.16984151431509e-005	0.820209784712798
凸	247	3.15705989530576e-005	0.820589526613566
跃	246	3.14427827629642e-005	0.820966840006722
义	245	3.13149665728709e-005	0.821123542655776
景	245	3.13149665728709e-005	0.821217487555495
遍	244	3.11871503827775e-005	0.8214986831737
耳	243	3.10593341926842e-005	0.821685678259806
怀	243	3.10593341926842e-005	0.821809915596577
规	243	3.10593341926842e-005	0.821903093599155
趟	242	3.09315180025908e-005	0.822026819671166
神	242	3.09315180025908e-005	0.822057751189168
塘	242	3.09315180025908e-005	0.822243340297184
钩	241	3.08037018124975e-005	0.822305075516999
献	241	3.08037018124975e-005	0.822613112535124
稻	240	3.06758856224041e-005	0.822951569806492
返	240	3.06758856224041e-005	0.822982245692114
添	240	3.06758856224041e-005	0.823012921577736
签	240	3.06758856224041e-005	0.823135625120226
塔	240	3.06758856224041e-005	0.823166301005849
员	240	3.06758856224041e-005	0.823196976891471
汤	240	3.06758856224041e-005	0.823227652777094
吹	239	3.05480694323108e-005	0.823472420781122
拍	239	3.05480694323108e-005	0.823686257267148
雪	238	3.04202532422174e-005	0.823960167362518
围	238	3.04202532422174e-005	0.82399058761576
练	237	3.02924370521241e-005	0.824233182744557
麻	237	3.02924370521241e-005	0.824384644929817
沟	237	3.02924370521241e-005	0.82456639955213
研	236	3.01646208620307e-005	0.824777551898164
鸭	236	3.01646208620307e-005	0.824807716519026
孤	234	2.9908988481844e-005	0.82549690141601
症	234	2.9908988481844e-005	0.825526810404492
遵	233	2.97811722917507e-005	0.825645935093659
亦	233	2.97811722917507e-005	0.825765059782826
艘	231	2.9525539911564e-005	0.826624240212633
铜	229	2.92699075313773e-005	0.827183436044291
禄	229	2.92699075313773e-005	0.827241975859354
页	229	2.92699075313773e-005	0.827329785581948
栏	229	2.92699075313773e-005	0.827417595304542
拖	229	2.92699075313773e-005	0.827476135119605
罗	229	2.92699075313773e-005	0.827505405027136
督	228	2.91420913412839e-005	0.827709655298906
砖	228	2.91420913412839e-005	0.82779708157293
粉	227	2.90142751511906e-005	0.827855237939422
刀	227	2.90142751511906e-005	0.828116366415783
意	227	2.90142751511906e-005	0.828348480616993
肾	226	2.88864589610972e-005	0.828638112103745
造	225	2.87586427710039e-005	0.828984238346518
编	225	2.87586427710039e-005	0.829012996989289
司	225	2.87586427710039e-005	0.829300583416999
睡	224	2.86308265809105e-005	0.829386731529122
订	223	2.85030103908172e-005	0.829958069898839
稿	222	2.83751942007238e-005	0.830242460921796
罪	222	2.83751942007238e-005	0.830299211310198
席	222	2.83751942007238e-005	0.830327586504399
似	222	2.83751942007238e-005	0.830469462475402
鞋	222	2.83751942007238e-005	0.830526212863804
毁	222	2.83751942007238e-005	0.830639713640607
忘	221	2.82473780106305e-005	0.830865820480882
扶	220	2.81195618205371e-005	0.831288508621521
梨	219	2.79917456304438e-005	0.831316500367152
币	219	2.79917456304438e-005	0.831372483858412
桶	219	2.79917456304438e-005	0.831400475604043
廉	219	2.79917456304438e-005	0.831456459095304
栋	219	2.79917456304438e-005	0.831484450840934
旺	218	2.78639294403504e-005	0.831792232226678
爬	218	2.78639294403504e-005	0.831820096156119
凉	218	2.78639294403504e-005	0.831875824014999
术	217	2.77361132502571e-005	0.832209935535903
导	217	2.77361132502571e-005	0.832265407762403
赤	217	2.77361132502571e-005	0.832487296668405
置	215	2.74804808700704e-005	0.833038951344848
夺	215	2.74804808700704e-005	0.833121392787459
损	215	2.74804808700704e-005	0.833176353749199
勤	214	2.7352664679977e-005	0.833505352622499
纯	214	2.7352664679977e-005	0.83369682127526
拥	214	2.7352664679977e-005	0.83383358459866
喊	213	2.72248484898837e-005	0.834024158538089
服	213	2.72248484898837e-005	0.834133057932049
沪	213	2.72248484898837e-005	0.834160282780539
断	212	2.70970322997903e-005	0.834377825936078
嘴	212	2.70970322997903e-005	0.834404922968378
免	212	2.70970322997903e-005	0.834540408129877
缴	212	2.70970322997903e-005	0.834648796259076
堆	211	2.6969216109697e-005	0.834892413917393
松	210	2.68413999196036e-005	0.835591696293393
演	208	2.65857675394169e-005	0.83631245178933
息	207	2.64579513493236e-005	0.836631225367423
逾	207	2.64579513493236e-005	0.836657683318773
卫	207	2.64579513493236e-005	0.83678997307552
训	206	2.63301351592302e-005	0.836922135016076
哭	205	2.62023189691369e-005	0.837264298956956
瓶	205	2.62023189691369e-005	0.837342905913863
慢	205	2.62023189691369e-005	0.83742151287077
盐	205	2.62023189691369e-005	0.837447715189739
横	205	2.62023189691369e-005	0.837657333741492
颇	203	2.59466865889502e-005	0.838230717170251
素	203	2.59466865889502e-005	0.838308557230017
末	203	2.59466865889502e-005	0.838360450603195
鲜	201	2.56910542087635e-005	0.839161346850321
梯	200	2.55632380186701e-005	0.839751346383793
错	200	2.55632380186701e-005	0.839828036097849
袭	199	2.54354218285768e-005	0.839955468839372
丁	198	2.53076056384834e-005	0.840362052140058
失	198	2.53076056384834e-005	0.840387359745697
剑	198	2.53076056384834e-005	0.840412667351335
篼	197	2.51797894483901e-005	0.841044846227536
器	197	2.51797894483901e-005	0.841170745174778
堂	197	2.51797894483901e-005	0.841372183490365
寄	197	2.51797894483901e-005	0.841397363279814
确	196	2.50519732582967e-005	0.842074405638738
敢	195	2.49241570682034e-005	0.842149433742323
肩	195	2.49241570682034e-005	0.842199282056459
                                                                                                                                                                                                                                                                                                                                                                                                                                                                                                                                                                                                                                                                                                                                                                                                                                                                                                                                                                                                                                                                                                                                                                                                                                                                                                                                                                                                                                                                                                                                                                                                                                                                                                                                                                                                                                                                                                                                                                                                                                                                                                                                                                                                                                                                                                                                                                                                                                                                                                                                                                                                                                                                                                                                                                                                                                                                                                                                                                                                                                                                                                                                                                                                                                                                                                                                                                                                                                                                                                                                                                                                                                                                                                                                                                                                                                                                                                                                                                                                                                                                                                                                                                                                                                                                                                                                                                                                                                                                                                                                                                                                                                                                                                                                                                                                                                                                                                                                                                                                                                                                                                                                                                                                                                                                                                                                                                                                                                                                                                                                                                                                                                                                                                                                                                                                                                                                                                                                                                                                                                                                                                                                                                                                                                                                                                                                                                                                                                                                                                                                                                                                                                                                                                                                                                                                                                                                                                                                                                                                                                                                               