中	31995	0.00403865189938449	0.128725007882913
上	29438	0.00371588793918052	0.132440895822094
省	27370	0.00345484927289119	0.142979132811374
元	25540	0.00322385277419221	0.149507371565316
人	24052	0.00303602611295502	0.158874090246167
不	16944	0.00213880036828163	0.193323746768258
大	15986	0.00201787433235069	0.197437882769403
说	15343	0.00193670998881876	0.205263614971502
新	14790	0.0018669061288294	0.210910785112919
年	13879	0.00175191278985958	0.214513446899459
后	13432	0.00169548905493147	0.219669213013863
好	12886	0.00162656878810653	0.224611528265262
两	12555	0.00158478745418885	0.227793978388321
名	12168	0.00153593737495579	0.232494946478237
都	12005	0.00151536227698424	0.235544605171444
下	11984	0.00151271149749097	0.237057316668935
做	11465	0.00144719937572881	0.241412547376372
已	10999	0.00138837731649727	0.248517520011492
出	10327	0.00130355237271272	0.257977647112582
次	9762	0.00123223378158435	0.264260373194409
县	9698	0.00122415521550964	0.267939528903468
会	9648	0.00121784383576376	0.269157372739232
时	9310	0.00117517890868166	0.277460750160498
家	9195	0.00116066273526615	0.279789270603941
党	8645	0.00109123755806154	0.287650220305021
村	8244	0.00104062029249963	0.29403822020101
使	7803	0.000984953923141027	0.30309277803963
里	6766	0.00085405590721161	0.3278173557389
市	6725	0.000848880575819993	0.32866623631472
位	6334	0.000799525586207262	0.343495327938029
内	6057	0.000764560542415123	0.34737909857845
种	6025	0.000760521259377764	0.348139619837828
区	5925	0.000747898499886016	0.350397831510901
天	5800	0.000732120050521333	0.355555743494419
电	5785	0.000730226636597571	0.356285970131017
作	5597	0.000706495848753086	0.36350063454612
小	5530	0.000698038599893615	0.366296197090757
高	5515	0.000696145185969853	0.3683862736074
户	5460	0.000689202668249392	0.369766446130228
达	5197	0.000656004810786098	0.373105166015795
余	5082	0.000641488637370588	0.375691190752869
前	4948	0.000624574139651647	0.379499603519124
条	4944	0.000624069229271977	0.380123672748396
最	4884	0.000616495573576929	0.382605685947259
更	4864	0.00061397102167858	0.383834132900995
点	4745	0.0005989499378834	0.389278202842191
届	4715	0.000595163110035876	0.391066721634577
去	4669	0.000589356640669673	0.393428566163078
亩	4611	0.000582035440164459	0.397524904073339
日	4610	0.000581909212569542	0.398106813285909
项	4582	0.000578374839911853	0.399845345950707
乡	4557	0.000575219150038916	0.400420565100746
水	4467	0.000563858666496344	0.404419202852542
近	4437	0.000560071838648819	0.406663529490174
批	4369	0.000551488362194431	0.409439905440384
共	4353	0.000549468720675752	0.411641567150935
走	3997	0.000504531696885132	0.426892890079243
万	3974	0.00050162846220203	0.42789879778314
看	3974	0.00050162846220203	0.428400426245343
办	3947	0.000498220317139259	0.429899252707393
报	3942	0.000497589179164671	0.430396841886557
外	3813	0.000481305819420317	0.435766563774346
很	3665	0.000462624135372532	0.442841872924661
委	3650	0.00046073072144877	0.443764344188317
组	3593	0.000453535748538474	0.446040606407464
再	3593	0.000453535748538474	0.446494142156003
占	3583	0.000452273472589299	0.447399572694346
局	3486	0.000440029395882304	0.451855659250122
岁	3466	0.000437504843983955	0.452293164094106
观	3435	0.000433591788541513	0.454032706579664
成	3433	0.000433339333351678	0.454466045913015
吨	3278	0.00041377405613947	0.461194860315281
部	3259	0.000411375731836038	0.462019757648067
国	3242	0.000409229862722441	0.462839858332246
进	3219	0.00040632662803934	0.464876666803834
镇	3158	0.000398626744749374	0.46687901514201
非	3103	0.000391684227028913	0.469242248174055
处	3086	0.000389538357915316	0.470411999296155
应	3052	0.000385246619688122	0.471960559430602
长	3042	0.000383984343738947	0.472344543774341
图	3031	0.000382595840194855	0.47349422470885
路	2994	0.000377925419182909	0.47425121159557
台	2991	0.000377546736398156	0.475006557523556
送	2981	0.000376284460448981	0.476135789587688
场	2959	0.000373507453360797	0.477634616049738
强	2947	0.000371992722221787	0.478752487630327
分	2942	0.0003713615842472	0.479495589481606
军	2937	0.000370730446272613	0.480237681512126
件	2911	0.000367448528804758	0.482452849575333
却	2851	0.00035987487310971	0.48426143855531
版	2850	0.000359748645514793	0.484621187200825
抓	2849	0.000359622417919875	0.484980809618745
级	2798	0.000353184810579084	0.488188505260788
方	2787	0.000351796307034992	0.488893107695617
山	2785	0.000351543851845157	0.489244651547462
只	2783	0.000351291396655322	0.489595942944117
带	2732	0.000344853789314531	0.491680339218989
车	2699	0.000340688278682255	0.492364114100657
号	2669	0.00033690145083473	0.494734668333208
米	2600	0.000328191746785425	0.501390775640801
无	2574	0.000324909829317571	0.50302150993954
老	2569	0.000324278691342983	0.503345788630883
站	2555	0.000322511505014139	0.505931813367957
黔	2552	0.000322132822229386	0.50657620524001
总	2504	0.000316073897673348	0.508805258338658
月	2460	0.000310519883496979	0.512247106169273
农	2449	0.000309131379952887	0.513174878991916
彩	2449	0.000309131379952887	0.513484010371869
百	2438	0.000307742876408795	0.514100127262661
仅	2422	0.000305723234890115	0.51471283600839
学	2377	0.000300042993118829	0.518648738645512
入	2361	0.000298023351600149	0.520144409417689
数	2357	0.000297518441220479	0.52073969875532
正	2346	0.000296129937676387	0.521035828692996
受	2335	0.000294741434132295	0.521626447609615
接	2303	0.000290702151094936	0.523677141116644
钱	2279	0.000287672688816917	0.524831240016975
找	2270	0.000286536640462659	0.525117776657438
低	2266	0.00028603173008299	0.525690092572793
转	2248	0.000283759633374475	0.525973852206168
才	2242	0.00028300226780497	0.526540109196968
民	2239	0.000282623585020218	0.527388484862408
美	2227	0.000281108853881208	0.527669593716289
黄	2212	0.000279215439957446	0.529070593792278
州	2179	0.00027504992932517	0.533232570051897
全	2166	0.000273408970591242	0.53405431169481
花	2153	0.000271768011857315	0.535143655838947
酒	2150	0.000271389329072563	0.53541504516802
行	2137	0.000269748370338636	0.535955046819077
重	2135	0.000269495915148801	0.536494164876969
改	2132	0.000269117232364048	0.536763282109333
信	2127	0.000268486094389461	0.537031768203723
事	2120	0.000267602501225039	0.537834828162588
想	2106	0.000265835314896194	0.538100663477484
头	2099	0.000264951721731772	0.538631198058922
建	2077	0.000262174714643588	0.540212198685263
生	2057	0.000259650162745238	0.541776789724266
手	2041	0.000257630521226559	0.543070875027359
吃	2035	0.000256873155657054	0.543584621338673
队	2035	0.000256873155657054	0.543841494494331
线	2024	0.000255484652112962	0.545378315462451
发	2019	0.000254853514138374	0.545888653628702
开	2013	0.000254096148568869	0.546651573212383
网	1963	0.000247784768822996	0.550392959125737
节	1949	0.000246017582494151	0.551626202728081
曾	1946	0.000245638899709399	0.55187184162779
均	1860	0.000234783326546496	0.560257898123728
校	1849	0.000233394823002404	0.56049129294673
红	1815	0.00022910308477521	0.563953842102911
煤	1787	0.000225568712117521	0.565993048898803
未	1786	0.000225442484522603	0.566218491383325
风	1782	0.000224937574142934	0.566668492759206
抗	1774	0.000223927753383594	0.567564834910715
公	1768	0.000223170387814089	0.568234850984537
商	1762	0.000222413022244584	0.568680181939406
防	1759	0.000222034339459832	0.568902216278866
保	1755	0.000221529429080162	0.569123745707946
心	1750	0.000220898291105574	0.569786945491642
权	1742	0.000219888470346235	0.570668266559356
原	1737	0.000219257332371647	0.571985577739915
双	1734	0.000218878649586895	0.572423461266684
歌	1727	0.000217995056422473	0.573951951213539
难	1725	0.000217742601232638	0.574387436416004
城	1723	0.000217490146042803	0.574822542935685
禽	1714	0.000216354097688546	0.575690231423147
获	1685	0.000212693497435939	0.578262371124781
没	1683	0.000212441042246104	0.57911251397655
片	1681	0.000212188587056269	0.579749584648099
住	1678	0.000211809904271517	0.580385140588508
制	1675	0.000211431221486764	0.581020065390943
放	1633	0.00020612966250023	0.584356260724612
写	1633	0.00020612966250023	0.584562390387112
见	1630	0.000205750979715478	0.584768141366828
少	1628	0.000205498524525643	0.585179264643474
约	1590	0.000200701875918779	0.588012443011397
类	1582	0.000199692055159439	0.588212135066556
段	1580	0.000199439599969604	0.588611014266495
金	1563	0.000197293730856007	0.589404354700552
团	1559	0.000196788820476337	0.590191888665242
唱	1551	0.000195778999716998	0.59117292953294
快	1551	0.000195778999716998	0.591368708532657
支	1548	0.000195400316932245	0.591564108849589
口	1547	0.000195274089337328	0.591759382938927
书	1539	0.000194264268577988	0.592732219012956
案	1519	0.000191739716679639	0.593889726058349
厂	1506	0.000190098757945712	0.594651888276461
仍	1480	0.000186816840477857	0.596153744200789
相	1474	0.000186059474908352	0.5965259893782
真	1468	0.000185302109338848	0.597267702725935
厅	1463	0.00018467097136426	0.598007648887341
座	1462	0.000184544743769343	0.598192193631111
道	1459	0.00018416606098459	0.598745070496849
林	1454	0.000183534923010003	0.599296306403854
请	1449	0.000182903785035416	0.59984577512453
海	1429	0.000180379233137066	0.601843957952073
石	1416	0.000178738274403139	0.602741941062316
便	1411	0.000178107136428552	0.602920048198745
药	1396	0.00017621372250479	0.604339225048402
西	1391	0.000175582584530202	0.604514807632932
动	1390	0.000175456356935285	0.605216759288268
通	1388	0.00017520390174545	0.605391963190014
病	1379	0.000174067853391193	0.60643813749669
买	1372	0.00017318426022677	0.607999951528603
东	1372	0.00017318426022677	0.60817313578883
查	1355	0.000171038391113173	0.610237209420921
江	1348	0.000170154797948751	0.611600846128814
贵	1345	0.000169776115163999	0.611940524586737
份	1344	0.000169649887569081	0.612110174474306
桥	1315	0.000165989287316475	0.61512385830296
超	1308	0.000165105694152052	0.616116890792176
间	1305	0.0001647270113673	0.616281617803544
推	1296	0.000163590963013043	0.61726568813352
交	1294	0.000163338507823208	0.617755829884585
证	1290	0.000162833597443538	0.617918663482028
张	1289	0.00016270736984862	0.618081370851877
运	1286	0.000162328687063868	0.618243699538941
河	1285	0.00016220245946895	0.618568104457879
爱	1282	0.000161823776684198	0.619377854479274
基	1273	0.000160687728329941	0.620183565217632
面	1255	0.000158415631621426	0.622096039508227
房	1255	0.000158415631621426	0.622254455139848
院	1241	0.000156648445292582	0.623356295815883
周	1240	0.000156522217697664	0.623669466478873
拉	1236	0.000156017307317994	0.623825483786191
听	1233	0.000155638624533242	0.624448795649894
寨	1231	0.000155386169343407	0.624604181819237
期	1225	0.000154628803773902	0.625068825596128
搞	1225	0.000154628803773902	0.625378083203676
反	1224	0.000154502576178985	0.625532585779855
业	1218	0.00015374521060948	0.625840076201074
法	1217	0.000153618983014562	0.626147314167103
情	1212	0.000152987845039975	0.626913136985467
太	1209	0.000152609162255223	0.627524078544868
主	1197	0.000151094431116213	0.628434684414603
越	1196	0.000150968203521295	0.628887841480356
驻	1194	0.000150715748331461	0.629491083156467
实	1184	0.000149453472382286	0.630992055487631
块	1182	0.000149201017192451	0.63129058374961
矿	1181	0.000149074789597533	0.631439658539208
代	1178	0.000148696106812781	0.631588354646021
门	1172	0.000147938741243276	0.632626955297002
称	1171	0.000147812513648359	0.632922706551893
立	1168	0.000147433830863606	0.633512820558132
磷	1159	0.000146297782509349	0.634979206528289
首	1150	0.000145161734155092	0.636434736925282
油	1148	0.000144909278965257	0.636579646204247
辆	1143	0.00014427814099067	0.637156884995805
卡	1143	0.00014427814099067	0.637301163136796
增	1142	0.000144151913395752	0.637589593191182
筑	1137	0.000143520775421165	0.638597394309003
话	1127	0.00014225849947199	0.639739501587817
干	1125	0.000142006044282155	0.640307778220135
讲	1119	0.00014124867871265	0.640732281621843
回	1114	0.000140617540738063	0.641295761605554
卖	1108	0.000139860175168558	0.642137194753274
班	1108	0.000139860175168558	0.642416915103611
税	1107	0.000139733947573641	0.642556649051185
款	1101	0.000138976582004136	0.643253299147534
群	1098	0.000138597899219383	0.644502321199242
女	1096	0.000138345444029548	0.645055829202956
先	1092	0.000137840533649878	0.64533163649785
牛	1089	0.000137461850865126	0.64601957689015
身	1072	0.000135315981751529	0.647929274173657
问	1068	0.000134811071371859	0.648064085245029
早	1067	0.000134684843776942	0.648198770088806
机	1061	0.000133927478207437	0.649674749356175
创	1060	0.000133801250612519	0.649808550606788
展	1055	0.000133170112637932	0.650475663445927
加	1051	0.000132665202258262	0.650874290190676
龙	1048	0.00013228651947351	0.651271654659476
字	1029	0.000129888195170078	0.653499445482175
现	1027	0.000129635739980243	0.654018367124881
控	1013	0.000127868553651398	0.655819761131948
系	1000	0.000126227594917471	0.65785025822379
声	999	0.000126101367322554	0.65810258718603
猪	994	0.000125470229347966	0.658605477924181
需	991	0.000125091546563214	0.658981383701846
楼	985	0.000124334180993709	0.660102537199903
菜	980	0.000123703043019122	0.66047415123934
树	980	0.000123703043019122	0.660721557325378
华	974	0.000122945677449617	0.661583944253854
幅	971	0.000122566994664864	0.662197789047938
教	970	0.000122440767069947	0.662442796809672
准	966	0.000121935856690277	0.663176557818927
瓦	964	0.000121683401500442	0.663785605964404
产	964	0.000121683401500442	0.663907289365905
刚	959	0.000121052263525855	0.664513686731888
工	950	0.000119916215171598	0.665234951209247
价	948	0.000119663759981763	0.665714111159554
效	948	0.000119663759981763	0.665833774919535
套	946	0.000119411304791928	0.665953186224327
古	940	0.000118653939222423	0.666309905407564
师	934	0.000117896573652918	0.667019935628975
化	932	0.000117644118463083	0.667137579747438
溪	921	0.000116255614918991	0.667956796838452
收	920	0.000116129387324073	0.668653825617587
远	918	0.000115876932134239	0.669117712028908
排	916	0.000115624476944404	0.669464964142526
求	906	0.000114362200995229	0.670962023418248
赴	901	0.000113731063020641	0.671760665411291
深	900	0.000113604835425724	0.671988001309737
票	900	0.000113604835425724	0.672101606145163
变	897	0.000113226152640972	0.67232818467804
诚	896	0.000113099925046054	0.67289418921365
摆	896	0.000113099925046054	0.673120389063742
满	895	0.000112973697451137	0.67345943638369
巴	894	0.000112847469856219	0.673572283853546
物	892	0.000112595014666384	0.67391019512514
度	889	0.000112216331881632	0.67424722280357
力	889	0.000112216331881632	0.674359439135451
子	888	0.000112090104286714	0.67458374557162
独	881	0.000111206511122292	0.675810299111433
养	879	0.000110954055932457	0.676254494017947
关	878	0.00011082782833754	0.676365321846285
明	870	0.0001098180075782	0.677689954227349
北	864	0.000109060642008695	0.678455524590524
轮	863	0.000108934414413778	0.678673393419351
茶	861	0.000108681959223943	0.678782075378575
飞	858	0.00010830327643919	0.679107490118272
居	857	0.000108177048844273	0.679215667167117
集	855	0.000107924593654438	0.680080452419896
载	848	0.000107041000490016	0.680831506609655
马	847	0.000106914772895098	0.68093842138255
室	840	0.000106031179730676	0.68232250696082
设	834	0.000105273814161171	0.683484305744441
属	834	0.000105273814161171	0.683589579558602
极	832	0.000105021358971336	0.683799748504139
暨	829	0.000104642676186584	0.684323845478237
直	828	0.000104516448591666	0.684637647279202
资	827	0.000104390220996749	0.684951070397382
包	824	0.000104011538211996	0.685367621460609
联	823	0.000103885310617079	0.685991438234692
监	819	0.000103380400237409	0.686612982912065
南	817	0.000103127945047574	0.68702587337504
盘	816	0.000103001717452656	0.687128875092493
跑	816	0.000103001717452656	0.687334878527398
杯	812	0.000102496807072987	0.68774562312126
选	805	0.000101613213908564	0.688869679854
抢	800	0.000100982075933977	0.690895127842045
读	793	0.000100098482769555	0.691598468000926
提	791	9.98460275797197e-005	0.691998357021624
亮	790	9.97197999848022e-005	0.692197922849189
苗	787	9.93411172000498e-005	0.692596170911153
活	785	9.90886620102148e-005	0.693091866676394
洞	781	9.8583751630545e-005	0.694080228744598
安	780	9.84575240356275e-005	0.694178686268634
短	777	9.80788412508751e-005	0.694571632771612
量	772	9.74477032762877e-005	0.695352602901366
治	770	9.71952480864528e-005	0.695741510121307
富	768	9.69427928966178e-005	0.696226602768575
土	755	9.53018341626907e-005	0.698242457459407
坐	755	9.53018341626907e-005	0.69833775929357
坝	753	9.50493789728558e-005	0.698908812932977
香	752	9.49231513779383e-005	0.699098659235732
完	749	9.45444685931859e-005	0.699761859019429
粮	749	9.45444685931859e-005	0.699950947956615
文	747	9.42920134033509e-005	0.700423165389201
序	745	9.4039558213516e-005	0.70108232588986
步	744	9.39133306185985e-005	0.701176239220479
派	743	9.37871030236811e-005	0.701270026323503
帮	742	9.36608754287636e-005	0.701457474301955
定	740	9.34084202389286e-005	0.701831739120885
田	736	9.29035098592588e-005	0.70239042245599
股	729	9.20199166948365e-005	0.70313150466575
清	729	9.20199166948365e-005	0.70331554449914
层	728	9.1893689099919e-005	0.70340743818824
指	728	9.1893689099919e-005	0.70349933187734
具	726	9.16412339100841e-005	0.703866275495765
留	723	9.12625511253316e-005	0.70395753804689
烟	723	9.12625511253316e-005	0.704140063149141
补	719	9.07576407456617e-005	0.704686249952349
落	717	9.05051855558268e-005	0.705139407018102
投	713	9.00002751761569e-005	0.705771681041044
牌	701	8.84855440371473e-005	0.708180482234854
单	698	8.81068612523949e-005	0.708798113856785
势	697	8.79806336574774e-005	0.708974201351695
挂	697	8.79806336574774e-005	0.709326123886325
购	689	8.69708128981376e-005	0.710287851932001
助	688	8.68445853032201e-005	0.710374696517304
王	688	8.68445853032201e-005	0.710635230273214
核	687	8.67183577083027e-005	0.710808793216225
维	679	8.57085369489629e-005	0.712358363171433
医	675	8.5203626569293e-005	0.712699808815684
光	672	8.48249437845406e-005	0.71321027320953
修	671	8.46987161896231e-005	0.713464621813289
乱	669	8.44462609997882e-005	0.714310220471642
游	669	8.44462609997882e-005	0.714479112993641
兼	668	8.43200334048707e-005	0.714647879288046
战	668	8.43200334048707e-005	0.714816519354856
热	667	8.41938058099533e-005	0.71532180841731
草	665	8.39413506201183e-005	0.715741893853195
句	661	8.34364402404484e-005	0.716327716121207
流	661	8.34364402404484e-005	0.716411152561448
计	657	8.29315298607785e-005	0.716993440456802
特	657	8.29315298607785e-005	0.717159303516523
诗	657	8.29315298607785e-005	0.717242235046384
调	657	8.29315298607785e-005	0.717408098106106
净	657	8.29315298607785e-005	0.717491029635967
源	656	8.28053022658611e-005	0.717656640240499
科	654	8.25528470760261e-005	0.71815233600574
气	653	8.24266194811086e-005	0.718317315472297
评	648	8.17954815065213e-005	0.719055873130159
左	648	8.17954815065213e-005	0.719137668611665
含	646	8.15430263166864e-005	0.71987243944168
篇	646	8.15430263166864e-005	0.719953982467997
湖	645	8.14167987217689e-005	0.720035399266719
圈	645	8.14167987217689e-005	0.720198232864162
患	643	8.11643435319339e-005	0.720604307037011
引	642	8.10381159370165e-005	0.720928838183544
园	641	8.0911888342099e-005	0.721414940651572
性	640	8.07856607471815e-005	0.721576511973066
表	638	8.05332055573466e-005	0.721818490272523
副	637	8.04069779624291e-005	0.722059837434005
值	637	8.04069779624291e-005	0.722140244411967
右	637	8.04069779624291e-005	0.72222065138993
畜	636	8.02807503675116e-005	0.722461746096222
易	632	7.97758399878418e-005	0.723342057343177
参	631	7.96496123929243e-005	0.723501356567963
质	630	7.95233847980068e-005	0.723739926722357
俄	626	7.90184744183369e-005	0.724611780720451
鸡	622	7.8513564038667e-005	0.725242161329469
街	620	7.82611088488321e-005	0.725555331992459
广	619	7.81348812539146e-005	0.726102654844021
白	617	7.78824260640797e-005	0.726726597845699
假	608	7.67463777098224e-005	0.728659394779075
青	608	7.67463777098224e-005	0.728812887534495
喝	607	7.6620150114905e-005	0.729043000440029
京	607	7.6620150114905e-005	0.729196240740259
额	604	7.62414673301526e-005	0.729578205442479
差	601	7.58627845454001e-005	0.730034518198106
银	600	7.57365569504827e-005	0.730186117539602
穿	600	7.57365569504827e-005	0.730413327210454
言	599	7.56103293555652e-005	0.730488937539809
舞	597	7.53578741657303e-005	0.730866484276207
常	592	7.47267361911429e-005	0.732067034931468
竹	587	7.40955982165556e-005	0.732958454206775
笔	586	7.39693706216381e-005	0.733402775340884
德	584	7.37169154318031e-005	0.733698147912991
换	584	7.37169154318031e-005	0.733919298659287
介	583	7.35906878368857e-005	0.734140323177987
克	581	7.33382326470507e-005	0.734360716558713
死	579	7.30857774572158e-005	0.734873074366483
岩	576	7.27070946724634e-005	0.735018741011018
赢	576	7.27070946724634e-005	0.735164155200363
率	574	7.24546394826284e-005	0.735599261720043
负	574	7.24546394826284e-005	0.735744170999008
访	574	7.24546394826284e-005	0.735889080277973
招	570	7.19497291029585e-005	0.736465687931557
画	568	7.16972739131236e-005	0.736609334934573
职	560	7.06874531537838e-005	0.738106141755104
社	559	7.05612255588664e-005	0.738247264206222
木	558	7.04349979639489e-005	0.738740940329944
响	556	7.0182542774114e-005	0.739444280488824
秀	555	7.00563151791965e-005	0.73979481451991
装	554	6.9930087584279e-005	0.740004604782663
忙	552	6.96776323944441e-005	0.740423427942599
议	552	6.96776323944441e-005	0.740493105574993
费	552	6.96776323944441e-005	0.740632460839782
列	550	6.94251772046091e-005	0.740910540231385
岗	550	6.94251772046091e-005	0.741118815762999
领	547	6.90464944198567e-005	0.741810290527957
政	546	6.89202668249392e-005	0.742085971595257
结	545	6.87940392300218e-005	0.742223559673717
史	543	6.85415840401868e-005	0.742704360582757
拨	543	6.85415840401868e-005	0.742772902166798
令	540	6.81629012554344e-005	0.743524839949721
亲	539	6.80366736605169e-005	0.743796986644363
担	536	6.76579908757645e-005	0.744339386619723
考	534	6.74055356859296e-005	0.744947046261656
堡	534	6.74055356859296e-005	0.745014451797342
体	533	6.72793080910121e-005	0.745283569029706
背	532	6.71530804960946e-005	0.745552307579286
黑	530	6.69006253062597e-005	0.746021243094404
旧	526	6.63957149265898e-005	0.746820642453016
坡	524	6.61432597367549e-005	0.747483084871143
鱼	523	6.60170321418374e-005	0.748011221128278
绿	520	6.5638349357085e-005	0.748471699394537
墙	520	6.5638349357085e-005	0.748602976093251
半	520	6.5638349357085e-005	0.748734252791965
愿	520	6.5638349357085e-005	0.74886552949068
严	519	6.55121217621675e-005	0.748931041612442
汇	517	6.52596665723326e-005	0.749519893342732
兴	517	6.52596665723326e-005	0.749650412675877
预	517	6.52596665723326e-005	0.749715672342449
拟	514	6.48809837875802e-005	0.750170849049721
互	514	6.48809837875802e-005	0.750365492001084
尔	513	6.47547561926627e-005	0.750689392009642
促	511	6.45023010028278e-005	0.751012029742251
架	511	6.45023010028278e-005	0.751076532043254
井	510	6.43760734079103e-005	0.751398664865483
停	507	6.39973906231579e-005	0.751783280347197
印	505	6.37449354333229e-005	0.752038638771715
争	505	6.37449354333229e-005	0.752229873578015
优	504	6.36187078384055e-005	0.752293492285853
境	503	6.3492480243488e-005	0.752484222181774
缺	503	6.3492480243488e-005	0.752611207142261
解	500	6.31137974587356e-005	0.753370971036069
旅	499	6.29875698638181e-005	0.753560059973255
店	499	6.29875698638181e-005	0.754063960532166
型	497	6.27351146739832e-005	0.754252544558972
铝	496	6.26088870790657e-005	0.754440371220209
示	496	6.26088870790657e-005	0.754565588994368
谋	492	6.21039766993958e-005	0.755064440449482
云	492	6.21039766993958e-005	0.75518864840288
奖	492	6.21039766993958e-005	0.755312856356279
铁	490	6.18515215095609e-005	0.755560514897507
弱	487	6.14728387248084e-005	0.756053307428065
火	486	6.1346611129891e-005	0.756605931838614
眼	478	6.03367903705512e-005	0.757394854306848
血	478	6.03367903705512e-005	0.757455191097218
涉	478	6.03367903705512e-005	0.75763620146833
官	477	6.02105627756337e-005	0.757816959384252
脸	474	5.98318799908813e-005	0.758296876700128
馆	474	5.98318799908813e-005	0.758356708580119
务	472	5.95794248010464e-005	0.758655110614504
限	470	5.93269696112114e-005	0.759250147496945
供	469	5.9200742016294e-005	0.759368548980977
乐	467	5.8948286826459e-005	0.759840892641158
世	463	5.84433764467891e-005	0.760311216659821
速	462	5.83171488518717e-005	0.760661624463312
利	462	5.83171488518717e-005	0.760836575909868
雨	461	5.81909212569542e-005	0.761011401128828
渡	461	5.81909212569542e-005	0.761127782971342
川	461	5.81909212569542e-005	0.761244164813856
域	461	5.81909212569542e-005	0.76136054665637
儿	460	5.80646936620367e-005	0.761708934818342
融	457	5.76860108772843e-005	0.76205568202158
侗	456	5.75597832823668e-005	0.762343859620777
升	455	5.74335556874494e-005	0.762516160287839
顶	455	5.74335556874494e-005	0.762631027399214
果	454	5.73073280925319e-005	0.762802949383491
毒	451	5.69286453077795e-005	0.763145278620908
脚	450	5.6802417712862e-005	0.763429669392257
课	449	5.66761901179445e-005	0.763939881330913
存	445	5.61712797382747e-005	0.764391271210338
根	445	5.61712797382747e-005	0.764615956329291
减	443	5.59188245484397e-005	0.765176154395535
跨	442	5.57925969535222e-005	0.765511541115231
谈	440	5.55401417636873e-005	0.765901331928336
珠	439	5.54139141687698e-005	0.766234067868539
取	437	5.51614589789349e-005	0.766510506301408
微	437	5.51614589789349e-005	0.766565667760386
整	435	5.49090037890999e-005	0.766840591462117
春	432	5.45303210043475e-005	0.767496596272903
永	431	5.44040934094301e-005	0.767551000366312
平	431	5.44040934094301e-005	0.767605404459722
鸟	430	5.42778658145126e-005	0.767822642150575
秋	425	5.36467278399252e-005	0.76868603889981
感	424	5.35205002450078e-005	0.768793206127895
阳	422	5.32680450551728e-005	0.769701161218136
理	422	5.32680450551728e-005	0.769754429263191
胜	422	5.32680450551728e-005	0.770020769488467
屯	420	5.30155898653379e-005	0.770551808980285
今	420	5.30155898653379e-005	0.770710855749881
梵	419	5.28893622704204e-005	0.771081333740964
掉	418	5.27631346755029e-005	0.771292764962451
习	417	5.26369070805855e-005	0.771767002036556
持	415	5.23844518907505e-005	0.772186708789656
检	415	5.23844518907505e-005	0.772343862145328
困	414	5.22582242958331e-005	0.77276205416729
专	414	5.22582242958331e-005	0.772918828840178
遵	410	5.17533139161632e-005	0.773594651383366
例	408	5.15008587263282e-005	0.773852786814972
端	408	5.15008587263282e-005	0.773904287673699
合	407	5.13746311314108e-005	0.774213040370867
冬	405	5.11221759415758e-005	0.77431553717794
倒	404	5.09959483466583e-005	0.774673139954341
榜	401	5.06172655619059e-005	0.775181206023884
迎	401	5.06172655619059e-005	0.775535526882817
题	400	5.04910379669885e-005	0.775586017920784
式	399	5.0364810372071e-005	0.775939328958958
钢	399	5.0364810372071e-005	0.776392612252306
凡	398	5.02385827771535e-005	0.776593566583415
封	397	5.0112355182236e-005	0.776894493169698
些	396	4.99861275873186e-005	0.777494957838721
知	395	4.98598999924011e-005	0.777744257338683
赛	395	4.98598999924011e-005	0.777794117238675
肉	394	4.97336723974836e-005	0.77799343061105
俱	394	4.97336723974836e-005	0.77819236530064
急	393	4.96074448025662e-005	0.778341313862642
库	393	4.96074448025662e-005	0.778539743641852
救	393	4.96074448025662e-005	0.778589351086655
布	391	4.93549896127312e-005	0.779084037031136
偏	391	4.93549896127312e-005	0.779182747010362
免	389	4.91025344228963e-005	0.779872075906206
企	389	4.91025344228963e-005	0.779970280975052
羊	389	4.91025344228963e-005	0.780068486043898
饭	389	4.91025344228963e-005	0.780166691112744
营	388	4.89763068279788e-005	0.780313620033228
答	387	4.88500792330613e-005	0.780704925577472
初	384	4.84713964483089e-005	0.781093959025007
神	383	4.83451688533914e-005	0.781674858416818
降	382	4.8218941258474e-005	0.781916331805895
欠	382	4.8218941258474e-005	0.782205645453446
伤	378	4.77140308788041e-005	0.783116377550775
客	378	4.77140308788041e-005	0.783164091581654
甲	377	4.75878032838866e-005	0.783402156825668
贫	377	4.75878032838866e-005	0.783449744628952
铺	375	4.73353480940517e-005	0.783686800052207
苦	375	4.73353480940517e-005	0.78382880609649
遭	372	4.69566653092993e-005	0.784535049490053
贴	370	4.67042101194643e-005	0.784862610098864
枚	368	4.64517549296294e-005	0.785235107731465
紧	367	4.63255273347119e-005	0.7852814332588
普	367	4.63255273347119e-005	0.785327758786134
采	365	4.6073072144877e-005	0.785789120645558
致	365	4.6073072144877e-005	0.785927339861993
夜	363	4.5820616955042e-005	0.786294535935607
督	363	4.5820616955042e-005	0.786386177169517
献	363	4.5820616955042e-005	0.786431997786472
磋	361	4.55681617652071e-005	0.787072224147893
尚	361	4.55681617652071e-005	0.787163360471424
味	360	4.54419341702896e-005	0.78743664321442
宽	359	4.53157065753721e-005	0.787845494394358
硬	358	4.51894789804547e-005	0.788524598855014
株	357	4.50632513855372e-005	0.788750167567132
传	357	4.50632513855372e-005	0.788840294069903
斯	357	4.50632513855372e-005	0.789110673578216
呈	357	4.50632513855372e-005	0.789155736829602
晚	356	4.49370237906197e-005	0.789245610877183
韩	355	4.48107961957023e-005	0.789604854612318
笑	355	4.48107961957023e-005	0.789739287000905
颗	354	4.46845686007848e-005	0.790187016280077
怕	354	4.46845686007848e-005	0.790231700848677
伊	354	4.46845686007848e-005	0.79041043912308
空	354	4.46845686007848e-005	0.790499808260282
曲	353	4.45583410058673e-005	0.790633609510894
沙	353	4.45583410058673e-005	0.7906781678519
格	352	4.44321134109498e-005	0.790945265442746
敌	351	4.43058858160324e-005	0.791300469894844
智	349	4.40534306261974e-005	0.791654285843398
显	347	4.38009754363625e-005	0.792181538507368
板	346	4.3674747841445e-005	0.792662718099193
番	345	4.35485202465275e-005	0.792837164635369
翻	344	4.34222926516101e-005	0.79301098003357
举	343	4.32960650566926e-005	0.793184416748987
夏	342	4.31698374617751e-005	0.793530154131466
继	342	4.31698374617751e-005	0.793573323968928
般	341	4.30436098668577e-005	0.793789046928642
试	341	4.30436098668577e-005	0.793832090538508
抱	340	4.29173822719402e-005	0.793960842685324
误	340	4.29173822719402e-005	0.794003760067596
烧	339	4.27911546770227e-005	0.794303298150335
泛	338	4.26649270821052e-005	0.794345963077417
标	338	4.26649270821052e-005	0.794473957858663
福	338	4.26649270821052e-005	0.794772612348239
纸	336	4.24124718922703e-005	0.795155839326408
粉	335	4.22862442973528e-005	0.795325362986383
船	335	4.22862442973528e-005	0.795494507963572
兵	335	4.22862442973528e-005	0.795705939185059
环	334	4.21600167024354e-005	0.795959025512868
贷	334	4.21600167024354e-005	0.796043345546273
灯	333	4.20337891075179e-005	0.796253766947001
角	333	4.20337891075179e-005	0.796337834525216
退	332	4.19075615126004e-005	0.796631692366183
峰	332	4.19075615126004e-005	0.796673599927696
警	332	4.19075615126004e-005	0.796715507489209
毛	328	4.14026511329305e-005	0.797674206072607
忘	327	4.12764235380131e-005	0.798087853901151
讯	326	4.11501959430956e-005	0.798458710575019
谷	326	4.11501959430956e-005	0.798499860770962
记	325	4.10239683481781e-005	0.798581908707658
玩	323	4.07715131583432e-005	0.799195879729336
细	322	4.06452855634257e-005	0.79960334240573
压	321	4.05190579685082e-005	0.799927999779858
卷	321	4.05190579685082e-005	0.800009037895795
亚	319	4.02666027786733e-005	0.800291409025625
搬	319	4.02666027786733e-005	0.800371942231182
距	319	4.02666027786733e-005	0.80045247543674
扩	318	4.01403751837558e-005	0.800532756187107
星	318	4.01403751837558e-005	0.800572896562291
链	317	4.00141475888383e-005	0.800652924857469
品	317	4.00141475888383e-005	0.800692939005057
陈	316	3.98879199939209e-005	0.80077284107264
追	315	3.97616923990034e-005	0.801091565749807
坪	315	3.97616923990034e-005	0.801330135904201
编	314	3.96354648040859e-005	0.801409406833809
配	314	3.96354648040859e-005	0.801488677763417
轻	314	3.96354648040859e-005	0.801686855087438
征	312	3.9383009614251e-005	0.801923910510693
责	312	3.9383009614251e-005	0.801963293520307
护	311	3.92567820193335e-005	0.802041807084346
员	311	3.92567820193335e-005	0.802198834212423
皮	310	3.91305544244161e-005	0.802473126776179
食	309	3.90043268294986e-005	0.802629396538687
奇	309	3.90043268294986e-005	0.802746409519175
稳	309	3.90043268294986e-005	0.802863422499663
纳	309	3.90043268294986e-005	0.802902426826493
怀	308	3.88780992345811e-005	0.803291586501623
懂	308	3.88780992345811e-005	0.803485976997796
抵	307	3.87518716396636e-005	0.803602485067904
杀	307	3.87518716396636e-005	0.803796244426103
藏	307	3.87518716396636e-005	0.803873748169382
洗	306	3.86256440447462e-005	0.803989625101517
精	305	3.84994164498287e-005	0.804028124517967
英	305	3.84994164498287e-005	0.804143622767316
汛	305	3.84994164498287e-005	0.804259121016666
穷	304	3.83731888549112e-005	0.804297494205521
破	304	3.83731888549112e-005	0.804489360149795
旁	303	3.82469612599938e-005	0.804604353488765
必	303	3.82469612599938e-005	0.804719094372545
玉	303	3.82469612599938e-005	0.804757341333805
底	302	3.81207336650763e-005	0.80517742676969
籍	297	3.74895956904889e-005	0.806763602727424
麻	296	3.73633680955715e-005	0.806913182427401
算	296	3.73633680955715e-005	0.807025272531688
塘	295	3.7237140500654e-005	0.80747224444529
语	294	3.71109129057365e-005	0.807695036150319
塔	294	3.71109129057365e-005	0.807843479801942
险	291	3.67322301209841e-005	0.808692486605357
凸	291	3.67322301209841e-005	0.808729218835478
男	290	3.66060025260666e-005	0.808765824838004
齐	290	3.66060025260666e-005	0.80880243084053
断	288	3.63535473362317e-005	0.809495925247007
册	287	3.62273197413142e-005	0.810294188557265
景	286	3.61010921463967e-005	0.810619224614177
销	285	3.59748645514793e-005	0.810835326256675
踏	285	3.59748645514793e-005	0.811123125173087
腿	285	3.59748645514793e-005	0.811231049766741
雪	284	3.58486369565618e-005	0.811338595677611
挖	284	3.58486369565618e-005	0.811625384773264
趟	283	3.57224093616443e-005	0.811911416503347
研	283	3.57224093616443e-005	0.812054306140793
售	281	3.54699541718094e-005	0.812765724865749
久	280	3.53437265768919e-005	0.812978165907995
乌	279	3.52174989819744e-005	0.813612585800049
跳	278	3.5091271387057e-005	0.813682768342823
页	278	3.5091271387057e-005	0.81371785961421
滩	278	3.5091271387057e-005	0.813928407242532
痛	277	3.49650437921395e-005	0.814173667459457
床	277	3.49650437921395e-005	0.814208632503249
盐	276	3.4838816197222e-005	0.814558030485981
许	276	3.4838816197222e-005	0.814767063383165
置	275	3.47125886023046e-005	0.814975465142374
球	275	3.47125886023046e-005	0.815079602908181
遇	275	3.47125886023046e-005	0.815183740673988
残	274	3.45863610073871e-005	0.815530109194441
漠	274	3.45863610073871e-005	0.815564695555449
须	274	3.45863610073871e-005	0.815737627360486
伏	274	3.45863610073871e-005	0.815772213721493
朵	273	3.44601334124696e-005	0.81615152764422
寄	272	3.43339058175521e-005	0.81663308591883
租	272	3.43339058175521e-005	0.816701753730465
似	271	3.42076782226347e-005	0.816941207478023
肥	267	3.37027678429648e-005	0.818164479100368
棵	265	3.34503126531299e-005	0.81856752381094
输	265	3.34503126531299e-005	0.818734775374205
席	264	3.33240850582124e-005	0.819035323277704
义	264	3.33240850582124e-005	0.819068647362762
铜	263	3.31978574632949e-005	0.819235141560458
围	262	3.30716298683774e-005	0.819765423686706
司	262	3.30716298683774e-005	0.819963853465917
章	261	3.294540227346e-005	0.82022779536689
港	260	3.28191746785425e-005	0.820359198293199
造	260	3.28191746785425e-005	0.820392017467877
志	260	3.28191746785425e-005	0.82055611334127
秒	260	3.28191746785425e-005	0.820588932515949
吉	260	3.28191746785425e-005	0.820654570865306
思	258	3.25667194887076e-005	0.821111388531312
梦	257	3.24404918937901e-005	0.821208962462183
赚	256	3.23142642988726e-005	0.821565555417825
盖	256	3.23142642988726e-005	0.821630183946423
器	256	3.23142642988726e-005	0.82169481247502
软	256	3.23142642988726e-005	0.821727126739319
色	255	3.21880367039551e-005	0.821791629040322
李	255	3.21880367039551e-005	0.82185600511373
演	255	3.21880367039551e-005	0.822081321370657
孤	255	3.21880367039551e-005	0.822113509407361
池	254	3.20618091090377e-005	0.822370130107828
移	253	3.19355815141202e-005	0.822722305097649
练	251	3.16831263242853e-005	0.823135321788219
足	251	3.16831263242853e-005	0.82329373741984
冷	249	3.14306711344503e-005	0.823703472192942
遍	249	3.14306711344503e-005	0.823766333535211
鸭	248	3.13044435395328e-005	0.824142491768065
症	248	3.13044435395328e-005	0.824205100655144
俩	247	3.11782159446154e-005	0.824298761530572
视	247	3.11782159446154e-005	0.824329939746517
竟	247	3.11782159446154e-005	0.824548187258129
统	246	3.10519883496979e-005	0.825045902664888
侧	246	3.10519883496979e-005	0.825076954653238
冠	246	3.10519883496979e-005	0.825108006641588
暖	246	3.10519883496979e-005	0.825263266583336
付	245	3.09257607547804e-005	0.825510925124565
屋	245	3.09257607547804e-005	0.82554185088532
形	244	3.0799533159863e-005	0.825757447617439
航	243	3.06733055649455e-005	0.826034138505498
顿	243	3.06733055649455e-005	0.826064811811063
拍	243	3.06733055649455e-005	0.826095485116628
灾	243	3.06733055649455e-005	0.826156831727758
杨	243	3.06733055649455e-005	0.826187505033323
意	242	3.0547077970028e-005	0.826554069968963
薪	241	3.04208503751105e-005	0.826797941682343
振	241	3.04208503751105e-005	0.826858783383093
奔	241	3.04208503751105e-005	0.826889204233468
桶	241	3.04208503751105e-005	0.826950045934219
戏	241	3.04208503751105e-005	0.827041308485344
喜	241	3.04208503751105e-005	0.827071729335719
凉	240	3.02946227801931e-005	0.827132444808874
拒	240	3.02946227801931e-005	0.827223328677214
崖	240	3.02946227801931e-005	0.827283917922775
伍	240	3.02946227801931e-005	0.827314212545555
折	239	3.01683951852756e-005	0.827616275180193
末	238	3.00421675903581e-005	0.827887412054076
错	238	3.00421675903581e-005	0.828067665059618
划	237	2.99159399954407e-005	0.828187455047195
冰	236	2.97897124005232e-005	0.82848560462639
复	235	2.96634848056057e-005	0.82872354364281
扣	234	2.95372572106882e-005	0.829109042717687
渝	232	2.92848020208533e-005	0.829992257199324
迈	232	2.92848020208533e-005	0.830255820417511
脑	231	2.91585744259358e-005	0.830372833398
账	230	2.90323468310184e-005	0.830605849538217
嘴	230	2.90323468310184e-005	0.83066391423188
鲜	229	2.89061192361009e-005	0.830953859017405
滇	229	2.89061192361009e-005	0.831271826329003
崇	228	2.87798916411834e-005	0.83144450567885
脱	228	2.87798916411834e-005	0.831645964920338
育	228	2.87798916411834e-005	0.831761084486903
尼	227	2.86536640462659e-005	0.831961912590416
季	227	2.86536640462659e-005	0.832248449230879
萃	226	2.85274364513485e-005	0.832334283995423
捧	225	2.8401208856431e-005	0.832704509531315
睡	224	2.82749812615135e-005	0.832817988139146
碗	224	2.82749812615135e-005	0.832959363045454
禁	224	2.82749812615135e-005	0.833015913007977
捐	223	2.81487536665961e-005	0.833100611724167
刀	223	2.81487536665961e-005	0.833213206738833
艘	223	2.81487536665961e-005	0.8332413554925
吹	222	2.80225260716786e-005	0.833437891857786
斗	222	2.80225260716786e-005	0.833465914383858
友	222	2.80225260716786e-005	0.833606027014217
累	222	2.80225260716786e-005	0.83366207206636
施	221	2.78962984767611e-005	0.833857472383292
幼	221	2.78962984767611e-005	0.833941161278723
岭	220	2.77700708818437e-005	0.834219619353111
挑	220	2.77700708818437e-005	0.834330699636638
容	219	2.76438432869262e-005	0.834524332767241
货	218	2.75176156920087e-005	0.834772243763659
族	218	2.75176156920087e-005	0.834909831842119
沟	218	2.75176156920087e-005	0.834992384689195
廉	217	2.73913880970912e-005	0.835266298570165
扶	217	2.73913880970912e-005	0.83540325551065
箱	216	2.72651605021738e-005	0.835621629249858
服	215	2.71389329072563e-005	0.836002331676129
喊	214	2.70127053123388e-005	0.836218938229008
旱	214	2.70127053123388e-005	0.83635400175557
砖	214	2.70127053123388e-005	0.836516077987444
返	213	2.68864777174214e-005	0.836731422264373
葆	213	2.68864777174214e-005	0.836892741130678
渐	212	2.67602501225039e-005	0.837428703498697
奶	211	2.66340225275864e-005	0.837455337521225
亦	211	2.66340225275864e-005	0.837668409701445
综	211	2.66340225275864e-005	0.837828213836611
订	211	2.66340225275864e-005	0.837881481881666
狗	210	2.65077949326689e-005	0.838279351260845
赌	209	2.63815673377515e-005	0.838411511552723
宝	209	2.63815673377515e-005	0.838543419389412
母	209	2.63815673377515e-005	0.838596182524087
湘	208	2.6255339742834e-005	0.838859745742275
刘	207	2.61291121479165e-005	0.839253070928038
拖	207	2.61291121479165e-005	0.839409845600926
哭	206	2.60028845529991e-005	0.839513857139138
堂	206	2.60028845529991e-005	0.839825891753774
惠	205	2.58766569580816e-005	0.839929398381606
夺	205	2.58766569580816e-005	0.840032905009439
栋	205	2.58766569580816e-005	0.840058781666397
状	205	2.58766569580816e-005	0.840084658323355
汉	205	2.58766569580816e-005	0.840136411637271
素	204	2.57504293631641e-005	0.840472429494941
波	204	2.57504293631641e-005	0.840704183359209
辅	204	2.57504293631641e-005	0.840781434647299
泥	204	2.57504293631641e-005	0.840832935506025
犯	203	2.56242017682466e-005	0.841038055347766
逐	202	2.54979741733292e-005	0.841524788953767
守	202	2.54979741733292e-005	0.841601282876287
盼	202	2.54979741733292e-005	0.841677776798807
术	202	2.54979741733292e-005	0.841728772747153
炸	202	2.54979741733292e-005	0.841958254514713
灰	202	2.54979741733292e-005	0.841983752488886
欲	201	2.53717465784117e-005	0.842212350663282
兰	201	2.53717465784117e-005	0.84241532463591
添	200	2.52455189834942e-005	0.842719280684471
                                                                                                                                                                                                                                                                                                                                                                                                                                                                                                                                                                                                                                                                                                                                                                                                                                                                                                                                                                                                                                                                                                                                                                                                                                                                                                                                                                                                                                                                                                                                                                                                                                                                                                                                                                                                                                                                                                                                                                                                                                                                                                                                                                                                                                                                                                                                                                                                                                                                                                                                                                                                                                                                                                                                                                                                                                                                                                                                                                                                                                                                                                                                                                                                                                                                                                                                                                                                                                                                                                                                                                                                                                                                                                                                                                                                                                                                                                                                                                                                                                                                                                                                                                                                                                                                                                                                                                                                                                                                                                                                                                                                                                                                                                                                                                                                                                                                                                                                                                                                                                                                                                                                                                                                                                                                                                                                                                                                                                                                                                                                                                                                                                                                                                                                                                                                                                                                                                                                                                                                                                                                                                                                                                                                                                                                                                                                                                                                                                                                                                                                                                                                                                                                                                                                                                                                                                                                                                                                                                                                                                                                                                                                                                                                                                                                                                                              