中	32807	0.00388525914419135	0.129440463232507
上	30829	0.00365100905770949	0.136938242416153
省	29104	0.00344672119159158	0.147514787776883
元	25459	0.00301505204840332	0.156786496204924
人	23969	0.00283859470317684	0.168320056201072
新	22119	0.00261950336849966	0.181717787385953
不	16787	0.00198804661363551	0.201727339768145
大	16383	0.00194020180325195	0.203667541571397
说	15953	0.00188927787140807	0.207493942124596
年	14580	0.00172667657275307	0.22552883022873
好	13490	0.00159759032691625	0.232057396718865
村	13362	0.00158243157511156	0.235230549811481
后	12957	0.00153446833697953	0.239883339193533
名	12778	0.00151326977000265	0.247509494056526
下	12716	0.00150592724959726	0.249015421306123
都	12609	0.00149325548051052	0.250508676786634
两	12302	0.00145689816172896	0.254916320729345
做	12040	0.00142587009162873	0.256342190820973
出	10573	0.00125213658461716	0.265506011570154
已	10504	0.00124396506997244	0.267999507814278
党	10224	0.00121080530039968	0.271664491346307
次	10197	0.00120760775119088	0.272872099097498
县	9779	0.00115810495232869	0.282297526743058
会	9577	0.00113418254713691	0.286877364632051
时	8858	0.001049032995984	0.303342729785657
家	8731	0.00103399267192778	0.304376722457585
使	8269	0.000979279052132724	0.316423429887872
市	7328	0.000867838540818551	0.333770844912113
里	7035	0.000833139210515626	0.338020624666108
区	6506	0.000770490931572802	0.356357029817857
户	6217	0.000736265312263774	0.366056499273387
位	6070	0.000718856433238074	0.36750996303041
余	5934	0.00070275025944559	0.368915937260295
最	5915	0.000700500132224581	0.370318713940971
种	5886	0.000697065727518831	0.372415477227706
小	5858	0.000693749750561555	0.373109226978268
高	5748	0.000680722698229399	0.376534986458379
内	5702	0.000675275021799588	0.378567088194447
作	5683	0.000673024894578579	0.379240113089026
届	5435	0.00064365481295699	0.387801255026222
天	5228	0.000619140269022842	0.395391644709175
项	5197	0.000615469008820143	0.397241959851335
更	5175	0.000612863598353712	0.397854823449689
观	5160	0.0006110871821266	0.398465910631816
点	5006	0.000592849308861581	0.403284735717229
达	5003	0.000592494025616159	0.403877229742845
亩	4891	0.000579230117787054	0.410896323967159
共	4770	0.000564900360221683	0.415463963798059
办	4508	0.000533872290121456	0.42368865250184
前	4471	0.000529490463427912	0.42580981190476
电	4455	0.000527595619452326	0.427922681365287
去	4449	0.000526885052961481	0.428449566418249
万	4422	0.000523687503752679	0.431075820168412
条	4403	0.00052143737653167	0.43212058976545
近	4380	0.000518713538316765	0.433158135269832
乡	4339	0.000513858000629325	0.436771602731276
水	4338	0.000513739572880851	0.437285342304156
委	4277	0.000506515480223928	0.439320167878439
看	4225	0.000500357237303272	0.441326333937591
批	4134	0.000489580312192125	0.442803246388812
走	4112	0.000486974901725694	0.443290221290538
镇	4038	0.000478211248338607	0.447621360907735
组	3936	0.000466131617994244	0.449038585773725
外	3887	0.000460328658319011	0.450424664141866
非	3865	0.000457723247852579	0.451341887053799
版	3828	0.000453341421159036	0.452704398299994
很	3816	0.000451920288177346	0.453608831015091
成	3753	0.000444459340023475	0.456296548766711
再	3717	0.000440195941078405	0.45761997885591
部	3700	0.000438182669354345	0.458497410044355
强	3644	0.000431550715439793	0.46284809024005
占	3623	0.000429063732721836	0.463707875693972
进	3605	0.000426932033249301	0.464990685065444
乱	3589	0.000425037189273715	0.465415722254718
报	3588	0.00042491876152524	0.466265559777768
岁	3490	0.000413312842174774	0.471314134695221
局	3480	0.000412128564690033	0.472138865535595
长	3439	0.000407273027002592	0.47418671816221
彩	3418	0.000404786044284635	0.476212898510854
抓	3401	0.000402772772560575	0.477019746761208
路	3377	0.000399930506597195	0.478220722558485
场	3286	0.000389153581486048	0.482937107641468
分	3140	0.000371863130208822	0.489768612312199
国	3111	0.000368428725503072	0.491246472185408
件	3057	0.000362033627085468	0.492337783887597
级	3055	0.00036179677158852	0.492699580659185
节	3014	0.00035694123390108	0.494499682435992
却	2996	0.000354809534428545	0.495566479594248
治	2978	0.000352677834956011	0.496273966963632
红	2971	0.000351848840716692	0.496977783072814
农	2953	0.000349717141244157	0.498030605756749
带	2904	0.000343914181568924	0.503586998859659
吨	2898	0.000343203615078079	0.504273998228558
台	2813	0.000333137256457776	0.50968354092336
州	2812	0.000333018828709302	0.510016559752069
转	2796	0.000331123984733716	0.51134366110147
应	2780	0.000329229140758129	0.512002474666232
处	2767	0.000327689580027966	0.513316785818798
无	2752	0.000325913163800853	0.513968967429645
老	2741	0.000324610458567638	0.514943746227336
米	2735	0.000323899892076793	0.515592138150232
山	2734	0.000323781464328319	0.516239819506637
风	2709	0.000320820770616465	0.5184974076758
军	2639	0.000312530828223275	0.520391896368141
只	2622	0.000310517556499214	0.521013997330876
网	2612	0.000309333279014473	0.522563150708666
图	2591	0.000306846296296516	0.523177672295498
接	2563	0.00030353031933924	0.524397833388027
入	2563	0.00030353031933924	0.524701363707367
建	2540	0.000300806481124334	0.525608164977433
月	2525	0.000299030064897222	0.527106749706625
站	2523	0.000298793209400274	0.527704336125426
整	2471	0.000292634966479618	0.530361736373437
数	2470	0.000292516538731144	0.530654252912168
仅	2462	0.000291569116743351	0.530945822028912
正	2459	0.000291213833497928	0.531237035862409
百	2445	0.00028955584501929	0.532978989614716
信	2442	0.000289200561773868	0.533557390738263
送	2437	0.000288608423031497	0.533845999161295
日	2404	0.00028470030733185	0.537863068389538
方	2382	0.000282094896865419	0.538711011068613
线	2363	0.00027984476964441	0.538990855838257
改	2351	0.00027842363666272	0.539548887389067
黔	2335	0.000276528792687134	0.540380131755607
总	2328	0.000275699798447815	0.541207823289693
才	2316	0.000274278665466125	0.542859298242165
重	2309	0.000273449671226806	0.543406316012367
脏	2289	0.000271081116257323	0.544764682287366
花	2287	0.000270844260760375	0.545577451925144
学	2278	0.000269778411024108	0.54638880042994
行	2221	0.000263028029361081	0.55012211677284
找	2218	0.000262672746115659	0.550647817548316
受	2206	0.000261251613133969	0.551171031341075
钱	2200	0.000260541046643124	0.551692705573104
权	2170	0.0002569882141889	0.554801078687305
事	2169	0.000256869786440425	0.555057948473745
想	2156	0.000255330225710262	0.557104972106121
号	2153	0.000254974942464839	0.557615040418799
城	2140	0.000253435381734675	0.558377478263475
队	2139	0.000253316953986201	0.558630795217462
开	2105	0.00024929041053808	0.560383170611634
相	2077	0.000245974433580804	0.562362098288636
难	2075	0.000245737578083856	0.56260783586672
发	2070	0.000245145439341485	0.563589009762829
低	2069	0.000245027011593011	0.563834036774422
创	2032	0.000240645184899467	0.5667539913408
车	2030	0.000240408329402519	0.566994399670203
原	2029	0.000240289901654045	0.567474979473511
全	2028	0.000240171473905571	0.567715150947416
黄	2016	0.000238750340923881	0.568433296814164
美	1985	0.000235079080721182	0.571038944136092
团	1929	0.00022844712680663	0.574975127212127
双	1923	0.000227736560315785	0.575430718760507
快	1917	0.00022702599382494	0.576112152025227
民	1913	0.000226552282831044	0.576338704308058
生	1908	0.000225960144088673	0.576564664452147
头	1902	0.000225249577597828	0.576789914029745
支	1900	0.00022501272210088	0.577465070623796
获	1898	0.000224775866603932	0.5776898464904
曾	1884	0.000223117878125293	0.578360621257758
住	1869	0.000221341461898181	0.578804251603542
手	1865	0.000220867750904285	0.579909537780051
制	1826	0.000216249068713793	0.584931584881845
均	1813	0.000214709507983629	0.586007500976733
放	1811	0.000214472652486681	0.58622197362922
贵	1798	0.000212933091756517	0.587931122895199
心	1787	0.000211630386523301	0.588779776140764
没	1758	0.000208195981817551	0.591719626568887
口	1738	0.000205827426848068	0.593994386761578
道	1736	0.00020559057135112	0.59461127690338
通	1722	0.000203932582872482	0.595429494217588
动	1711	0.000202629877639266	0.596241434861126
吃	1695	0.00020073503366368	0.597853118090111
未	1689	0.000200024467172835	0.598854779986705
金	1675	0.000198366478694197	0.600249385152737
校	1670	0.000197774339951826	0.600843300311335
推	1644	0.000194695218491498	0.602409625712654
少	1640	0.000194221507497602	0.602603847220151
片	1640	0.000194221507497602	0.602798068727649
石	1637	0.000193866224252179	0.603185801176154
商	1625	0.000192445091270489	0.604730454299502
海	1617	0.000191497669282696	0.605306013157086
公	1617	0.000191497669282696	0.605497510826369
寨	1612	0.000190905530540325	0.606070464273487
保	1594	0.000188773831067791	0.607966374098809
厂	1575	0.000186523703846782	0.609842980201131
药	1575	0.000186523703846782	0.610589075016518
约	1570	0.000185931565104411	0.611519680264028
间	1559	0.000184628859871196	0.612446140540341
写	1556	0.000184273576625773	0.612630414116967
防	1549	0.000183444582386454	0.613181340002868
林	1531	0.000181312882913919	0.614454438298966
酒	1528	0.000180957599668497	0.614816471926051
书	1524	0.0001804838886746	0.615358515730817
驻	1514	0.000179299611189859	0.61607701688081
期	1492	0.000176694200723428	0.61803675926256
税	1490	0.000176457345226479	0.618566249725988
案	1483	0.00017562835098716	0.619446523180396
座	1482	0.000175509923238686	0.619622033103635
业	1474	0.000174562501250893	0.620322059524866
代	1457	0.000172549229526833	0.621881871400019
便	1448	0.000171483379790565	0.62256946290766
展	1446	0.000171246524293617	0.622911955956247
块	1438	0.000170299102305824	0.6239362375528
干	1434	0.000169825391311927	0.624616368112287
厅	1427	0.000168996397072608	0.625124541580989
段	1422	0.000168404258330237	0.625292945839319
煤	1418	0.000167930547336341	0.625797092764574
真	1406	0.000166509414354651	0.626631534680323
查	1401	0.00016591727561228	0.627296032777011
病	1392	0.000164851425876013	0.62845259816861
份	1391	0.000164732998127539	0.628782182592613
类	1381	0.000163548720642797	0.629274605170769
搞	1373	0.000162601298655004	0.629926194642874
歌	1371	0.000162364443158056	0.630088559086032
面	1371	0.000162364443158056	0.63025092352919
交	1353	0.000160232743685521	0.631697518476801
讲	1346	0.000159403749446202	0.632016444403442
见	1344	0.000159166893949254	0.632494063513039
桥	1344	0.000159166893949254	0.632653230406988
效	1339	0.000158574755206883	0.6332887137053
请	1328	0.000157272049973668	0.634552929920261
情	1322	0.000156561483482823	0.635337513753903
仍	1321	0.000156443055734349	0.635493956809637
实	1308	0.000154903495004185	0.636582899956857
拉	1300	0.000153956073016391	0.637353746171675
太	1297	0.000153600789770969	0.637661066178966
西	1281	0.000151705945795383	0.638881819410237
院	1269	0.000150284812813693	0.639787199547322
门	1263	0.000149574246322848	0.640236869708279
机	1256	0.000148745252083529	0.641131472920252
张	1256	0.000148745252083529	0.641280218172336
爱	1245	0.000147442546850313	0.643353177481627
房	1240	0.000146850408107943	0.644529757162718
女	1230	0.000145666130623201	0.645113605962695
周	1228	0.000145429275126253	0.645259035237821
班	1209	0.000143179147905244	0.648000874470495
联	1191	0.000141047448432709	0.648852488409773
买	1184	0.00014021845419339	0.649976841453786
身	1164	0.000137849899223907	0.651924030494198
工	1161	0.000137494615978485	0.652061525110176
江	1158	0.000137139332733063	0.652473416819369
东	1157	0.000137020904984588	0.652610437724354
问	1154	0.000136665621739166	0.653294002688547
称	1146	0.000135718199751373	0.653974251675782
话	1146	0.000135718199751373	0.654109969875534
师	1134	0.000134297066769683	0.655594580130406
楼	1115	0.000132046939548674	0.657192999451561
先	1114	0.0001319285118002	0.65745697490291
选	1102	0.00013050737881851	0.659030405969137
室	1099	0.000130152095573088	0.659291065443529
越	1094	0.000129559956830717	0.659940049505167
树	1088	0.000128849390339872	0.661361064059109
古	1083	0.000128257251597502	0.662389016915864
教	1082	0.000128138823849027	0.662645412991311
诚	1076	0.000127428257358182	0.663028526757625
物	1070	0.000126717690867338	0.663790964602301
证	1070	0.000126717690867338	0.663917682293169
排	1065	0.000126125552124967	0.664422776640411
序	1064	0.000126007124376493	0.664674909316912
首	1061	0.00012565184113107	0.665052101695803
超	1060	0.000125533413382596	0.665177635109185
茶	1055	0.000124941274640225	0.666054355731139
油	1054	0.000124822846891751	0.666179178578031
主	1051	0.000124467563646329	0.666677877826856
幅	1050	0.000124349135897855	0.6669266945264
南	1044	0.00012363856940701	0.667671131353308
化	1043	0.000123520141658536	0.667794651494967
远	1040	0.000123164858413113	0.668411067925775
河	1033	0.000122335864173794	0.669516946241027
听	1029	0.000121862153179898	0.669760907402883
核	1026	0.000121506869934475	0.670369152319047
群	1023	0.000121151586689053	0.670732962362359
加	1020	0.00012079630344363	0.671095824983684
准	1016	0.000120322592449734	0.671577944347722
磷	1014	0.000120085736952785	0.671818234249376
回	1014	0.000120085736952785	0.671938319986329
力	1007	0.000119256742713466	0.672654571009101
修	1004	0.000118901459468044	0.67313041370247
溪	1000	0.000118427748474147	0.673960473791525
投	990	0.000117243470989406	0.675255836504335
度	987	0.000116888187743983	0.675372724692079
字	980	0.000116059193504664	0.676887060311818
辆	978	0.000115822338007716	0.677350823374843
华	976	0.000115585482510768	0.677697935105621
龙	973	0.000115230199265345	0.678621434688222
基	973	0.000115230199265345	0.678851895086753
满	970	0.000114874916019923	0.67965696692088
唱	968	0.000114638060522975	0.680115874446217
卖	966	0.000114401205026026	0.680688235754593
盘	966	0.000114401205026026	0.680802636959619
早	966	0.000114401205026026	0.680917038164645
产	965	0.000114282777277552	0.6811456037192
土	958	0.000113453783038233	0.681943214605173
现	958	0.000113453783038233	0.68217012217125
荣	955	0.000113098499792811	0.682623345164661
套	953	0.000112861644295862	0.682849186881001
增	942	0.000111558939062647	0.68430608504273
深	941	0.000111440511314173	0.684417525554044
矿	935	0.000110729944823328	0.685195003722777
短	934	0.000110611517074854	0.685416226756926
声	933	0.000110493089326379	0.685747824452654
收	914	0.000108242962105371	0.687823389172411
赴	913	0.000108124534356896	0.687931513706768
富	907	0.000107413967866052	0.688901200111275
轮	905	0.000107177112369103	0.689330145416248
系	903	0.000106940256872155	0.689544025929993
反	899	0.000106466545878258	0.690290712884122
需	897	0.00010622969038131	0.69103514971103
筑	896	0.000106111262632836	0.691353483498929
圈	894	0.000105874407135888	0.691459357906065
款	893	0.000105755979387414	0.691882618679112
设	892	0.000105637551638939	0.691988256230751
乐	890	0.000105400696141991	0.692093656926893
刚	890	0.000105400696141991	0.692199057623034
篇	882	0.000104453274154198	0.692722626699039
卡	881	0.000104334846405724	0.69293129639185
瓦	880	0.00010421641865725	0.693139847656913
关	879	0.000104097990908775	0.693348043638731
苗	877	0.000103861135411827	0.693555765909554
养	877	0.000103861135411827	0.693659627044966
立	876	0.000103742707663353	0.694178340583283
居	872	0.000103268996669456	0.694695751416366
安	871	0.000103150568920982	0.694902170981957
读	869	0.000102913713424034	0.695314181118898
流	867	0.000102676857927086	0.695519653262501
具	862	0.000102084719184715	0.696236259568518
法	859	0.000101729435939293	0.697051397761266
杯	855	0.000101255724945396	0.69776125368562
牛	853	0.000101018869448448	0.697862272555068
猪	846	0.000100189875209129	0.698464596083808
赛	846	0.000100189875209129	0.698564785959017
帮	843	9.98345919637062e-005	0.699164740932787
亮	843	9.98345919637062e-005	0.69926457552475
北	841	9.95977364667579e-005	0.699862754082293
促	834	9.87687422274388e-005	0.701151840124434
提	833	9.86503144789647e-005	0.701250490438913
变	833	9.86503144789647e-005	0.701349140753392
求	833	9.86503144789647e-005	0.701447791067871
活	833	9.86503144789647e-005	0.70154644138235
暨	831	9.84134589820164e-005	0.702039100816003
耻	830	9.82950312335422e-005	0.7023342227652
步	826	9.78213202396457e-005	0.703314212383824
禽	817	9.67554705033783e-005	0.703994935082053
画	813	9.62817595094817e-005	0.704477646584834
参	813	9.62817595094817e-005	0.704670210103853
摆	805	9.53343375216886e-005	0.704957397393903
介	803	9.50974820247403e-005	0.705338261032995
票	797	9.43869155338954e-005	0.706095251201242
极	796	9.42684877854212e-005	0.706189519689028
直	795	9.41500600369471e-005	0.70637793823685
坝	795	9.41500600369471e-005	0.706472088296887
集	788	9.33210657976281e-005	0.707315293866023
明	788	9.33210657976281e-005	0.707408614931821
维	788	9.33210657976281e-005	0.707595257063416
假	787	9.32026380491539e-005	0.707688459701465
医	784	9.28473548037315e-005	0.708339812318073
值	784	9.28473548037315e-005	0.708618354382484
科	783	9.27289270552573e-005	0.708803930664343
社	782	9.26104993067832e-005	0.708989270090705
包	779	9.22552160613607e-005	0.70963695144711
评	778	9.21367883128866e-005	0.709913480239797
留	775	9.17815050674641e-005	0.710373335187122
抢	769	9.10709385766193e-005	0.711743662664716
菜	768	9.09525108281451e-005	0.711925567686373
抗	767	9.0834083079671e-005	0.712289140874188
跑	764	9.04787998342485e-005	0.71292308461177
清	764	9.04787998342485e-005	0.713013563411605
王	763	9.03603720857744e-005	0.713284881383359
街	763	9.03603720857744e-005	0.713375241755445
差	756	8.95313778464553e-005	0.714814849465896
资	753	8.91760946010329e-005	0.715351090310987
派	752	8.90576668525588e-005	0.71544014797784
运	744	8.81102448647656e-005	0.717478644812326
欠	743	8.79918171162914e-005	0.717830848936288
控	742	8.78733893678173e-005	0.71809458753214
飞	737	8.72812506254466e-005	0.718357497133752
游	737	8.72812506254466e-005	0.718444778384378
助	736	8.71628228769724e-005	0.718531941207255
属	732	8.66891118830758e-005	0.71922770422954
田	730	8.64522563861275e-005	0.719400608742313
牌	722	8.55048343983343e-005	0.720944669726918
气	717	8.49126956559636e-005	0.721540361301743
监	715	8.46758401590153e-005	0.721709949837558
坐	715	8.46758401590153e-005	0.721794625677717
定	710	8.40837014166446e-005	0.722384988003861
黑	707	8.37284181712221e-005	0.723392216004633
挂	706	8.3609990422748e-005	0.72364316440365
层	703	8.32547071773255e-005	0.724310386338553
落	703	8.32547071773255e-005	0.724393641045731
调	700	8.28994239319031e-005	0.725058139142419
价	699	8.2780996183429e-005	0.725306718986466
渡	698	8.26625684349548e-005	0.725389381554901
涉	698	8.26625684349548e-005	0.725554706691771
句	697	8.25441406864807e-005	0.725719794973144
源	696	8.24257129380065e-005	0.725967308967455
文	693	8.20704296925841e-005	0.726625530393475
银	685	8.11230077047909e-005	0.728256162062215
特	679	8.0412441213946e-005	0.72938738391564
畜	677	8.01755857169977e-005	0.729547971942571
铝	674	7.98203024715753e-005	0.730107543054112
园	672	7.9583446974627e-005	0.730506170855476
青	671	7.94650192261528e-005	0.73082403093238
光	668	7.91097359807304e-005	0.73098236883209
势	663	7.85175972383596e-005	0.732086115447869
左	661	7.82807417414114e-005	0.732634909634299
马	659	7.80438862444631e-005	0.733182045832249
完	659	7.80438862444631e-005	0.733260089718494
率	659	7.80438862444631e-005	0.733416177490982
赢	658	7.79254584959889e-005	0.734040054869944
子	658	7.79254584959889e-005	0.73411798032844
单	656	7.76886029990406e-005	0.734506778626681
俄	654	7.74517475020923e-005	0.734739370724684
穿	648	7.67411810112474e-005	0.736049418478305
岩	647	7.66227532627733e-005	0.736126041231567
热	645	7.6385897765825e-005	0.736585185612402
枚	645	7.6385897765825e-005	0.736661571510168
木	644	7.62674700173509e-005	0.736737838980185
草	642	7.60306145204026e-005	0.737118702619278
洞	637	7.54384757780318e-005	0.737420811805635
指	635	7.52016202810835e-005	0.737721973570005
量	635	7.52016202810835e-005	0.737947578430848
井	633	7.49647647841352e-005	0.73869793664518
广	631	7.47279092871869e-005	0.739296470485968
务	630	7.46094815387128e-005	0.739371079967507
令	628	7.43726260417645e-005	0.739966889970081
补	625	7.4017342796342e-005	0.740411941448846
白	625	7.4017342796342e-005	0.740485958791643
言	622	7.36620595509196e-005	0.741224474231128
竹	619	7.33067763054972e-005	0.741665617594194
合	615	7.28330653116006e-005	0.742323602164716
诗	615	7.28330653116006e-005	0.742396435230028
缺	614	7.27146375631264e-005	0.742614697570466
职	613	7.25962098146523e-005	0.742905082409724
兴	610	7.22409265692298e-005	0.743917758086927
访	609	7.21224988207557e-005	0.743989880585748
速	605	7.16487878268591e-005	0.744707908024746
尔	605	7.16487878268591e-005	0.7448512056004
换	603	7.14119323299108e-005	0.745065678252887
副	603	7.14119323299108e-005	0.745208502117547
右	603	7.14119323299108e-005	0.745279914049877
考	603	7.14119323299108e-005	0.745351325982207
争	602	7.12935045814367e-005	0.745565206495951
德	600	7.10566490844884e-005	0.745920963452367
奖	599	7.09382213360142e-005	0.746346948063629
云	598	7.08197935875401e-005	0.746559407444391
易	597	7.07013658390659e-005	0.746842331335496
招	596	7.05829380905918e-005	0.747054080149768
背	595	7.04645103421176e-005	0.747265473680794
引	593	7.02276548451693e-005	0.747617204093762
旧	593	7.02276548451693e-005	0.747827887058298
球	592	7.01092270966952e-005	0.748038451595085
烟	591	6.99907993482211e-005	0.748318533220226
香	590	6.98723715997469e-005	0.748458277963426
计	589	6.97539438512728e-005	0.748667776650477
购	588	6.96355161027986e-005	0.748876920054282
预	577	6.8332810869583e-005	0.751223092179303
川	575	6.80959553726347e-005	0.751768333533278
境	574	6.79775276241605e-005	0.751836311060902
知	572	6.77406721272122e-005	0.751971910832905
鱼	572	6.77406721272122e-005	0.75210739217716
堡	571	6.76222443787381e-005	0.752242636665917
章	568	6.72669611333157e-005	0.752512178221444
架	568	6.72669611333157e-005	0.752579445182577
脚	567	6.71485333848415e-005	0.752713742249347
巴	565	6.69116778878932e-005	0.753049248060774
融	556	6.58458281516259e-005	0.754507685783233
忙	556	6.58458281516259e-005	0.754705223267688
官	555	6.57274004031517e-005	0.755165551926007
政	553	6.54905449062035e-005	0.755493359933784
结	552	6.53721171577293e-005	0.755624222595848
患	552	6.53721171577293e-005	0.755689594713005
供	549	6.50168339123069e-005	0.756015271021309
笔	549	6.50168339123069e-005	0.756080287855222
毛	543	6.4306267421462e-005	0.757308975745641
负	542	6.41878396729878e-005	0.757501657692408
粮	542	6.41878396729878e-005	0.757565845532081
含	540	6.39509841760395e-005	0.757629796516257
领	540	6.39509841760395e-005	0.757693747500433
质	540	6.39509841760395e-005	0.757757698484609
营	539	6.38325564275654e-005	0.757821531041037
列	538	6.37141286790912e-005	0.757949077726144
倒	538	6.37141286790912e-005	0.758076505983502
克	537	6.35957009306171e-005	0.75852214960101
愿	534	6.32404176851946e-005	0.759219570611775
课	534	6.32404176851946e-005	0.759346051447145
旅	533	6.31219899367205e-005	0.759472295427019
舞	533	6.31219899367205e-005	0.759535417416955
担	532	6.30035621882463e-005	0.759724664959017
战	530	6.27667066912981e-005	0.760290157457981
京	528	6.25298511943498e-005	0.760790988406278
坡	524	6.20561402004532e-005	0.761475737647956
常	523	6.1937712451979e-005	0.761971239347572
平	517	6.12271459611341e-005	0.763326289645613
跨	517	6.12271459611341e-005	0.763448743937535
谋	516	6.110871821266e-005	0.763876978676017
互	514	6.08718627157117e-005	0.764242683563305
停	514	6.08718627157117e-005	0.764303555426021
理	510	6.03981517218151e-005	0.764728237332049
容	507	6.00428684763927e-005	0.765390366873768
示	506	5.99244407279185e-005	0.765510215755224
感	500	5.92138742370736e-005	0.766342881254746
额	493	5.83848799977546e-005	0.767638362395304
独	493	5.83848799977546e-005	0.7677551321553
岗	493	5.83848799977546e-005	0.767813517035298
笑	491	5.81480245008063e-005	0.768221263773294
专	491	5.81480245008063e-005	0.768279411797795
装	490	5.80295967523322e-005	0.768337441394547
拨	489	5.7911169003858e-005	0.768685145264068
兼	487	5.76743135069097e-005	0.769262717393376
印	486	5.75558857584356e-005	0.769377947592641
半	486	5.75558857584356e-005	0.769493059364158
载	484	5.73190302614873e-005	0.769779891370963
侗	484	5.73190302614873e-005	0.77006648652227
格	483	5.72006025130131e-005	0.770123687124783
绿	483	5.72006025130131e-005	0.770409690137348
死	483	5.72006025130131e-005	0.770466890739861
督	480	5.68453192675907e-005	0.770922955999235
铁	480	5.68453192675907e-005	0.770979801318503
净	475	5.625318052522e-005	0.772280966990988
秀	472	5.58978972797975e-005	0.773121093438664
谈	471	5.57794695313234e-005	0.773176872908195
馆	471	5.57794695313234e-005	0.773288431847258
演	471	5.57794695313234e-005	0.773344211316789
墙	471	5.57794695313234e-005	0.773511549725383
宽	470	5.56610417828492e-005	0.77367865127848
屯	467	5.53057585374268e-005	0.774122518479761
优	467	5.53057585374268e-005	0.774177824238299
性	467	5.53057585374268e-005	0.774288435755373
湖	466	5.51873307889526e-005	0.774509540361775
漫	464	5.49504752920043e-005	0.775060466247676
胜	462	5.4713619795056e-005	0.775608786723112
板	456	5.40030533042112e-005	0.776369329723813
斯	455	5.3884625555737e-005	0.776747114241445
体	455	5.3884625555737e-005	0.776800998867001
卷	454	5.37661978072629e-005	0.776908531262615
响	453	5.36477700587887e-005	0.77733818713408
星	452	5.35293423103146e-005	0.777712892530252
苦	451	5.34109145618404e-005	0.777926536188499
偏	450	5.32924868133663e-005	0.777979828675312
取	450	5.32924868133663e-005	0.778086413648939
利	448	5.3055631316418e-005	0.778298873029702
藏	448	5.3055631316418e-005	0.778404984292335
减	447	5.29372035679438e-005	0.77851085869947
伤	447	5.29372035679438e-005	0.778563795903038
费	446	5.28187758194697e-005	0.77893388261702
俱	446	5.28187758194697e-005	0.778986701392839
脸	445	5.27003480709955e-005	0.779144802437052
环	444	5.25819203225214e-005	0.779355248546091
纳	444	5.25819203225214e-005	0.779460412386736
股	443	5.24634925740472e-005	0.779828367401245
湘	442	5.23450648255731e-005	0.779985639451219
严	439	5.19897815801507e-005	0.780298643990436
懂	439	5.19897815801507e-005	0.780506603116757
珠	439	5.19897815801507e-005	0.780610582679917
域	439	5.19897815801507e-005	0.780662572461497
果	438	5.18713538316765e-005	0.780922047658404
李	437	5.17529260832024e-005	0.78102555351057
沙	437	5.17529260832024e-005	0.781077306436653
救	437	5.17529260832024e-005	0.781387823993152
株	435	5.15160705862541e-005	0.781645878057077
题	433	5.12792150893058e-005	0.782263123482125
永	432	5.11607873408316e-005	0.782365445056807
弱	431	5.10423595923575e-005	0.782672291353103
春	427	5.05686485984609e-005	0.783383094699445
史	424	5.02133653530384e-005	0.783987549927657
冬	422	4.99765098560902e-005	0.784337977635392
翻	422	4.99765098560902e-005	0.78448790716496
眼	419	4.96212266106677e-005	0.785185565031222
险	419	4.96212266106677e-005	0.785235186257832
凸	419	4.96212266106677e-005	0.785433671164275
表	417	4.93843711137194e-005	0.785730451101951
末	417	4.93843711137194e-005	0.785779835473065
饭	417	4.93843711137194e-005	0.785878604215292
羊	414	4.9029087868297e-005	0.786664609181916
廉	413	4.89106601198228e-005	0.786909162482515
责	412	4.87922323713487e-005	0.787055657607377
残	411	4.86738046228745e-005	0.787201679021246
客	411	4.86738046228745e-005	0.787299026630492
喝	410	4.85553768744004e-005	0.787396255811989
兵	410	4.85553768744004e-005	0.787590477319487
钢	408	4.83185213774521e-005	0.788074373099752
升	407	4.82000936289779e-005	0.78817077328701
坪	406	4.80816658805038e-005	0.788748700699563
例	405	4.79632381320296e-005	0.788796663937696
编	403	4.77263826350814e-005	0.789179896131758
雨	402	4.76079548866072e-005	0.789466017572071
存	401	4.74895271381331e-005	0.789799154828529
解	401	4.74895271381331e-005	0.789941623409943
顶	401	4.74895271381331e-005	0.790084091991358
纸	400	4.73710993896589e-005	0.790226442145024
毒	399	4.72526716411848e-005	0.790841319015102
阳	398	4.71342438927106e-005	0.790982958602277
显	397	4.70158161442365e-005	0.791124242906207
晚	397	4.70158161442365e-005	0.791312306170783
试	396	4.68973883957623e-005	0.791782227476728
戏	395	4.67789606472882e-005	0.791969580174815
型	394	4.6660532898814e-005	0.792109798629008
遵	393	4.65421051503399e-005	0.792389524970904
福	393	4.65421051503399e-005	0.792575693391505
链	392	4.64236774018657e-005	0.792807811778514
秋	390	4.61868219049174e-005	0.793132185381585
拥	390	4.61868219049174e-005	0.79317837220349
般	389	4.60683941564433e-005	0.793270508991803
伊	389	4.60683941564433e-005	0.793500850962585
船	388	4.59499664079691e-005	0.793592750895401
议	388	4.59499664079691e-005	0.793684650828217
警	387	4.5831538659495e-005	0.79395987691567
迎	387	4.5831538659495e-005	0.794097371531649
店	385	4.55946831625467e-005	0.794325581802959
急	384	4.54762554140726e-005	0.794416652741535
世	384	4.54762554140726e-005	0.794462128996949
番	384	4.54762554140726e-005	0.794507605252363
火	384	4.54762554140726e-005	0.794598557763192
布	383	4.53578276655984e-005	0.794734868101685
奇	383	4.53578276655984e-005	0.794825583757016
检	383	4.53578276655984e-005	0.794961657240013
掉	381	4.51209721686501e-005	0.795233093639516
智	378	4.47656889232277e-005	0.796538167427701
初	377	4.46472611747535e-005	0.796895819228093
些	375	4.44104056778052e-005	0.797474338779389
算	375	4.44104056778052e-005	0.797518749185067
答	374	4.42919779293311e-005	0.797695917096784
困	370	4.38182669354345e-005	0.798311859816598
跳	368	4.35814114384862e-005	0.798836850025584
租	365	4.32261281930638e-005	0.799444739658501
鸡	364	4.31077004445896e-005	0.799487847358946
敌	364	4.31077004445896e-005	0.79961717046028
软	364	4.31077004445896e-005	0.799703385861169
库	362	4.28708449476413e-005	0.800089697176692
味	361	4.27524171991672e-005	0.800217954428289
颗	360	4.2633989450693e-005	0.800687994161984
凡	359	4.25155617022189e-005	0.800986076804893
旱	358	4.23971339537447e-005	0.801155783768456
男	357	4.22787062052706e-005	0.80141004814443
继	356	4.21602784567964e-005	0.801832243067741
夜	355	4.20418507083223e-005	0.80204268917678
辅	355	4.20418507083223e-005	0.802126772878196
空	355	4.20418507083223e-005	0.802168814728905
持	353	4.1804995211374e-005	0.802462041834126
统	353	4.1804995211374e-005	0.802629261814972
根	353	4.1804995211374e-005	0.802754676800606
今	350	4.14497119659515e-005	0.803337341323099
盖	348	4.12128564690033e-005	0.803585447456152
乌	348	4.12128564690033e-005	0.803873937451435
拟	347	4.10944287205291e-005	0.803997220737597
汇	347	4.10944287205291e-005	0.804038315166317
儿	347	4.10944287205291e-005	0.804284881738641
齐	345	4.08575732235808e-005	0.804653902602886
曲	344	4.07391454751067e-005	0.804939431904457
品	343	4.06207177266325e-005	0.805102033203112
致	343	4.06207177266325e-005	0.805142653920839
梦	341	4.03838622296842e-005	0.805547558392872
传	341	4.03838622296842e-005	0.805587942255102
铜	340	4.02654344812101e-005	0.805789624710754
航	339	4.01470067327359e-005	0.806151658337839
亲	339	4.01470067327359e-005	0.806231952351305
贴	338	4.00285789842618e-005	0.806472360680707
屋	337	3.99101512357876e-005	0.806791760318342
吹	335	3.96732957388393e-005	0.807268905716944
陈	334	3.95548679903652e-005	0.807546026648374
硬	333	3.9436440241891e-005	0.808138283818493
尚	332	3.93180124934169e-005	0.80841398361694
铺	332	3.93180124934169e-005	0.808531937654421
紧	331	3.91995847449427e-005	0.808767727301633
献	331	3.91995847449427e-005	0.808963725225358
稳	331	3.91995847449427e-005	0.809002924810103
玉	331	3.91995847449427e-005	0.809081323979593
扩	331	3.91995847449427e-005	0.809120523564338
举	330	3.90811569964686e-005	0.809237767035327
劳	329	3.89627292479945e-005	0.809276729764575
征	328	3.88443014995203e-005	0.809471069699821
限	328	3.88443014995203e-005	0.80954875830282
奥	328	3.88443014995203e-005	0.809587602604319
压	326	3.8607446002572e-005	0.809896817455586
式	325	3.84890182540979e-005	0.810012402938096
必	325	3.84890182540979e-005	0.810089380974604
喜	325	3.84890182540979e-005	0.810127869992859
景	325	3.84890182540979e-005	0.810204848029367
端	324	3.83705905056237e-005	0.8104739158739
普	324	3.83705905056237e-005	0.810742510007439
企	323	3.82521627571496e-005	0.81085726649571
秒	323	3.82521627571496e-005	0.810933770821225
巡	322	3.81337350086754e-005	0.81108630576126
港	321	3.80153072602013e-005	0.811200470110789
黎	321	3.80153072602013e-005	0.811276500725309
搬	321	3.80153072602013e-005	0.81142856195435
夏	318	3.76600240147788e-005	0.811881548092263
遍	317	3.75415962663047e-005	0.812107152953106
轻	317	3.75415962663047e-005	0.812257319338172
雪	316	3.74231685178305e-005	0.81244455360851
梵	316	3.74231685178305e-005	0.812481976777027
思	316	3.74231685178305e-005	0.812519399945545
烧	315	3.73047407693564e-005	0.812930344232751
剧	314	3.71863130208822e-005	0.813079089484834
滩	314	3.71863130208822e-005	0.813153462110876
玩	312	3.69494575239339e-005	0.813598750445138
角	312	3.69494575239339e-005	0.81370959881771
神	311	3.68310297754598e-005	0.81385704136456
遇	311	3.68310297754598e-005	0.814114858572989
距	311	3.68310297754598e-005	0.814151689602764
鼓	310	3.67126020269857e-005	0.814225114806818
肉	310	3.67126020269857e-005	0.814261827408845
籍	309	3.65941742785115e-005	0.814555054514067
封	308	3.64757465300374e-005	0.814664481753657
穷	307	3.63573187815632e-005	0.814810266312028
降	306	3.62388910330891e-005	0.815100651151287
细	306	3.62388910330891e-005	0.815354323388519
踏	306	3.62388910330891e-005	0.815463040061618
配	305	3.61204632846149e-005	0.815680118124571
输	305	3.61204632846149e-005	0.815752359051141
挖	305	3.61204632846149e-005	0.815860720440994
皮	305	3.61204632846149e-005	0.815896840904279
怀	304	3.60020355361408e-005	0.816185094044065
床	303	3.58836077876666e-005	0.816580287440723
惠	302	3.57651800391925e-005	0.816938176096612
血	301	3.56467522907183e-005	0.817437467484179
贫	299	3.540989679377e-005	0.818005091682615
员	297	3.51730412968217e-005	0.818463407069211
厕	297	3.51730412968217e-005	0.818498580110507
拍	296	3.50546135483476e-005	0.818849481529236
益	295	3.49361857998735e-005	0.818954408514385
忘	294	3.48177580513993e-005	0.819268242047841
堆	293	3.46993303029252e-005	0.819337640708447
池	293	3.46993303029252e-005	0.819441738699356
破	293	3.46993303029252e-005	0.819545836690265
精	292	3.4580902554451e-005	0.819649816253425
罗	292	3.4580902554451e-005	0.819857301668752
博	291	3.44624748059769e-005	0.820099012703388
耗	291	3.44624748059769e-005	0.820167937653
腿	290	3.43440470575027e-005	0.82075237859172
采	289	3.42256193090286e-005	0.820992313210128
箱	289	3.42256193090286e-005	0.821060764448746
鸟	289	3.42256193090286e-005	0.821094990068055
底	289	3.42256193090286e-005	0.821231892545291
怕	288	3.41071915605544e-005	0.821334332547721
肥	288	3.41071915605544e-005	0.821368439739282
抱	288	3.41071915605544e-005	0.821402546930842
销	288	3.41071915605544e-005	0.821436654122403
甲	288	3.41071915605544e-005	0.821573082888645
英	286	3.38703360636061e-005	0.8218444008604
护	284	3.36334805666578e-005	0.822553546218263
记	284	3.36334805666578e-005	0.822654446659963
寄	284	3.36334805666578e-005	0.822822614062796
峰	282	3.33966250697095e-005	0.823391659394215
呈	282	3.33966250697095e-005	0.823558642519563
似	281	3.32781973212354e-005	0.823891661348273
足	279	3.30413418242871e-005	0.824354950700303
谷	279	3.30413418242871e-005	0.8244871160676
亚	278	3.29229140758129e-005	0.824586121665325
退	278	3.29229140758129e-005	0.8246190445794
刀	278	3.29229140758129e-005	0.824651967493476
艘	278	3.29229140758129e-005	0.824684890407552
韩	277	3.28044863273388e-005	0.824849031266937
遭	277	3.28044863273388e-005	0.825078662671229
折	275	3.25676308303905e-005	0.825536267491333
赚	274	3.24492030819164e-005	0.825764122479397
夯	274	3.24492030819164e-005	0.825861470088643
搭	272	3.22123475849681e-005	0.826572510290482
亦	272	3.22123475849681e-005	0.826604722638067
伏	271	3.20939198364939e-005	0.826958229467263
灯	270	3.19754920880198e-005	0.827086131435614
麻	270	3.19754920880198e-005	0.827182057911878
季	270	3.19754920880198e-005	0.827277984388142
凉	269	3.18570643395456e-005	0.82743726970984
标	269	3.18570643395456e-005	0.827500983838519
宜	269	3.18570643395456e-005	0.827596555031538
志	269	3.18570643395456e-005	0.827723983288896
榜	268	3.17386365910715e-005	0.827851056263008
移	268	3.17386365910715e-005	0.828104965355737
堵	267	3.16202088425973e-005	0.828168205773423
友	267	3.16202088425973e-005	0.82826306639995
貌	267	3.16202088425973e-005	0.828294686608793
旁	266	3.15017810941232e-005	0.828326188389887
兰	266	3.15017810941232e-005	0.828483697295358
断	265	3.1383353345649e-005	0.828672589554174
研	265	3.1383353345649e-005	0.828892273027593
朵	264	3.12649255971749e-005	0.829174012641213
账	263	3.11464978487007e-005	0.82933021884145
射	263	3.11464978487007e-005	0.829361365339299
免	263	3.11464978487007e-005	0.829517097828543
洗	263	3.11464978487007e-005	0.829703976815635
司	263	3.11464978487007e-005	0.829859709304879
奔	261	3.09096423517524e-005	0.830262955788434
磋	261	3.09096423517524e-005	0.830324775073137
追	261	3.09096423517524e-005	0.830417504000192
栋	260	3.07912146032783e-005	0.830756799499571
许	260	3.07912146032783e-005	0.830818381928777
训	259	3.06727868548041e-005	0.831003010788648
语	259	3.06727868548041e-005	0.831033683575503
勤	259	3.06727868548041e-005	0.831125701936067
杀	259	3.06727868548041e-005	0.831187047509777
砖	259	3.06727868548041e-005	0.831309738657196
素	258	3.055435910633e-005	0.831462628880476
册	257	3.04359313578559e-005	0.832011304639157
复	256	3.03175036093817e-005	0.832102375577734
塔	256	3.03175036093817e-005	0.832163010584953
脱	255	3.01990758609076e-005	0.832465593482304
迈	255	3.01990758609076e-005	0.832525991634026
须	254	3.00806481124334e-005	0.833158277383128
形	253	2.99622203639593e-005	0.833458254870013
视	250	2.96069371185368e-005	0.834202810124671
稿	249	2.94885093700627e-005	0.834528131149729
剑	249	2.94885093700627e-005	0.834616596677839
财	249	2.94885093700627e-005	0.834823016243429
尼	248	2.93700816215885e-005	0.835205774726497
串	248	2.93700816215885e-005	0.835323255052984
讯	248	2.93700816215885e-005	0.83544073537947
侧	247	2.92516538731144e-005	0.835704237119825
族	246	2.91332261246402e-005	0.836200212530435
塘	246	2.91332261246402e-005	0.836258478982684
脑	245	2.90147983761661e-005	0.836374893459434
谱	245	2.90147983761661e-005	0.836665041443196
音	245	2.90147983761661e-005	0.8367811006367
沟	245	2.90147983761661e-005	0.837042233822085
勇	244	2.88963706276919e-005	0.837331197528362
夺	243	2.87779428792178e-005	0.837561657926893
意	242	2.86595151307436e-005	0.838021276018721
渝	241	2.85410873822695e-005	0.838106899280868
嘴	239	2.83042318853212e-005	0.838562372401499
冷	239	2.83042318853212e-005	0.838590676633384
拒	239	2.83042318853212e-005	0.83867558932904
盐	238	2.81858041368471e-005	0.838873363668992
锰	238	2.81858041368471e-005	0.838901549473129
习	238	2.81858041368471e-005	0.839127035906224
竟	237	2.80673763883729e-005	0.839435895474245
围	236	2.79489486398988e-005	0.839659842346609
贷	236	2.79489486398988e-005	0.839715740243889
累	236	2.79489486398988e-005	0.839799587089809
鞋	236	2.79489486398988e-005	0.839855484987089
规	236	2.79489486398988e-005	0.839883433935728
色	235	2.78305208914246e-005	0.83993921340526
汞	235	2.78305208914246e-005	0.840161857572391
扣	234	2.77120931429505e-005	0.840467874874448
抵	234	2.77120931429505e-005	0.840495586967591
灾	233	2.75936653944763e-005	0.84110335817276
梨	232	2.74752376460022e-005	0.841158427075801
守	232	2.74752376460022e-005	0.841185902313447
雷	232	2.74752376460022e-005	0.841268328026385
竞	232	2.74752376460022e-005	0.841323278501677
拖	232	2.74752376460022e-005	0.841405704214615
付	232	2.74752376460022e-005	0.841433179452261
粉	231	2.7356809897528e-005	0.84151548673745
松	231	2.7356809897528e-005	0.841871125266118
泛	230	2.72383821490539e-005	0.842062386079904
栏	230	2.72383821490539e-005	0.842144101226351
跃	230	2.72383821490539e-005	0.842253054754947
扶	228	2.70015266521056e-005	0.84303834915508
孔	227	2.68830989036314e-005	0.843145881550694
拆	226	2.67646711551573e-005	0.843628237770229
挑	225	2.66462434066831e-005	0.843974638934516
丝	223	2.64093879097348e-005	0.844531012496848
漠	222	2.62909601612607e-005	0.844768341704791
食	221	2.61725324127866e-005	0.84492596903801
义	221	2.61725324127866e-005	0.845056831700074
状	220	2.60541046643124e-005	0.8453962456272
绣	219	2.59356769158383e-005	0.845526397722773
渣	219	2.59356769158383e-005	0.845785754491932
狗	219	2.59356769158383e-005	0.845941368553428
爬	218	2.58172491673641e-005	0.846070928510258
斤	217	2.569882141889e-005	0.846431777859859
冠	217	2.569882141889e-005	0.846534573145535
敢	215	2.54619659219417e-005	0.84694397787201
练	215	2.54619659219417e-005	0.847071287701619
抬	215	2.54619659219417e-005	0.847224059497151
胡	214	2.53435381734675e-005	0.847478560728621
锌	214	2.53435381734675e-005	0.847579934881316
汛	214	2.53435381734675e-005	0.847706652572183
绕	212	2.51066826765192e-005	0.84803446057996
趟	212	2.51066826765192e-005	0.848084673945313
湾	212	2.51066826765192e-005	0.848260420724049
予	211	2.49882549280451e-005	0.848310397233905
摄	211	2.49882549280451e-005	0.848510303273329
育	211	2.49882549280451e-005	0.848635244547969
叶	211	2.49882549280451e-005	0.848785174077537
冰	210	2.48698271795709e-005	0.848834913731896
恶	210	2.48698271795709e-005	0.848859783559076
野	209	2.47513994310968e-005	0.849132877947057
添	209	2.47513994310968e-005	0.849182380745919
协	207	2.45145439341485e-005	0.850118552097608
睡	206	2.43961161856743e-005	0.850191977301662
俩	206	2.43961161856743e-005	0.850216373417848
                                                                                                                                                                                                                                                                                                                                                                                                                                                                                                                                                                                                                                                                                                                                                                                                                                                                                                                                                                                                                                                                                                                                                                                                                                                                                                                                                                                                                                                                                                                                                                                                                                                                                                                                                                                                                                                                                                                                                                                                                                                                                                                                                                                                                                                                                                                                                                                                                                                                                                                                                                                                                                                                                                                                                                                                                                                                                                                                                                                                                                                                                                                                                                                                                                                                                                                                                                                                                                                                                                                                                                                                                                                                                                                                                                                                                                                                                                                                                                                                                                                                                                                                                                                                                                                                                                                                                                                                                                                                                                                                                                                                                                                                                                                                                                                                                                                                                                                                                                                                                                                                                                                                                                                                                                                                                                                                                                                                                                                                                                                                                                                                                                                                                                                                                                                                                                                                                                                                                                                                                                                                                                                                                                                                                                                                                                                                                                                                                                                                                                                                                                                                                                                                                                                                                                                                                                                                                                                                                                                                                                                                                                                                                                                                                                                                                                                                                            